508027 ЖЋЮтЫедАВњвЕREIT ШеЯп ВЛИДШЈ
      ШеЦк	    ПЊХЬ	    зюИп	    зюЕЭ	    ЪеХЬ	    ГЩНЛСП	    ГЩНЛЖю
2021/06/21	3.900	4.024	3.876	3.907	42643688	167000016.00
2021/06/22	3.897	3.909	3.800	3.907	14018404	54449232.00
2021/06/23	3.907	3.908	3.881	3.906	5929776	23091724.00
2021/06/24	3.903	3.903	3.881	3.885	2504448	9733670.00
2021/06/25	3.886	3.890	3.879	3.887	3568760	13860653.00
2021/06/28	3.887	3.888	3.878	3.881	2684971	10416494.00
2021/06/29	3.873	3.885	3.867	3.883	2498791	9683533.00
2021/06/30	3.883	3.889	3.875	3.885	1737342	6743078.00
2021/07/01	3.887	3.990	3.881	3.978	4915093	19208964.00
2021/07/02	3.970	3.970	3.880	3.887	1652342	6428158.00
2021/07/05	3.887	3.888	3.877	3.880	1502316	5830241.00
2021/07/06	3.880	3.881	3.872	3.880	1113656	4314799.00
2021/07/07	3.880	3.880	3.870	3.871	904741	3502958.00
2021/07/08	3.870	3.871	3.865	3.867	926875	3583635.00
2021/07/09	3.866	3.867	3.851	3.851	849166	3273051.00
2021/07/12	3.824	3.851	3.824	3.833	1215855	4659799.00
2021/07/13	3.825	3.831	3.809	3.810	1730281	6600881.00
2021/07/14	3.810	3.810	3.799	3.800	1253829	4765126.00
2021/07/15	3.800	3.852	3.799	3.849	1811479	6929791.00
2021/07/16	3.845	3.888	3.814	3.885	2584382	9969946.00
2021/07/19	3.881	3.886	3.870	3.886	8706900	33793876.00
2021/07/20	3.886	3.907	3.879	3.887	2014209	7824850.00
2021/07/21	3.888	3.889	3.878	3.888	1702112	6612533.00
2021/07/22	3.889	3.894	3.884	3.889	1068570	4154946.00
2021/07/23	3.890	3.910	3.890	3.909	4566059	17821024.00
2021/07/26	3.909	3.909	3.858	3.862	1208328	4684725.00
2021/07/27	3.862	3.862	3.806	3.839	1771266	6758700.00
2021/07/28	3.839	3.839	3.809	3.825	879585	3359770.00
2021/07/29	3.825	3.847	3.812	3.833	1380829	5286993.00
2021/07/30	3.830	3.835	3.813	3.834	638805	2443599.00
2021/08/02	3.834	3.862	3.820	3.857	818914	3146734.00
2021/08/03	3.857	3.881	3.851	3.872	1198967	4642080.00
2021/08/04	3.872	3.872	3.852	3.862	1013247	3915966.00
2021/08/05	3.861	3.861	3.850	3.854	1173140	4520951.00
2021/08/06	3.837	3.852	3.837	3.845	745618	2869426.00
2021/08/09	3.845	3.845	3.835	3.838	558058	2142575.00
2021/08/10	3.838	3.845	3.833	3.838	608823	2336771.00
2021/08/11	3.842	3.852	3.835	3.848	709831	2730977.00
2021/08/12	3.849	3.852	3.844	3.848	771104	2966817.00
2021/08/13	3.848	3.859	3.848	3.853	528571	2036390.00
2021/08/16	3.853	3.854	3.836	3.838	823718	3165961.00
2021/08/17	3.838	3.845	3.836	3.838	604140	2318882.00
2021/08/18	3.834	3.843	3.830	3.841	591829	2271224.00
2021/08/19	3.841	3.841	3.831	3.833	915954	3514952.00
2021/08/20	3.833	3.836	3.827	3.829	1183296	4533134.00
2021/08/23	3.829	3.849	3.822	3.836	916131	3517321.00
2021/08/24	3.840	3.860	3.839	3.854	1839170	7089119.00
2021/08/25	3.854	3.866	3.850	3.862	1876783	7246749.00
2021/08/26	3.862	3.888	3.862	3.875	2358081	9135557.00
2021/08/27	3.877	3.896	3.875	3.891	3160685	12289602.00
2021/08/30	3.892	3.925	3.891	3.902	8240678	32220508.00
2021/08/31	3.903	3.909	3.895	3.898	3060471	11933874.00
2021/09/01	3.898	3.904	3.875	3.894	2657814	10345325.00
2021/09/02	3.894	3.896	3.886	3.887	737340	2868889.00
2021/09/03	3.890	3.890	3.884	3.888	687538	2672667.00
2021/09/06	3.887	3.887	3.878	3.884	1038701	4033059.00
2021/09/07	3.883	3.889	3.881	3.885	877681	3409942.00
2021/09/08	3.885	3.895	3.882	3.893	2014633	7839594.00
2021/09/09	3.895	3.906	3.893	3.894	1816953	7083862.00
2021/09/10	3.894	3.900	3.879	3.892	1002253	3899374.00
2021/09/13	3.894	3.903	3.890	3.895	1453046	5661522.00
2021/09/14	3.895	3.900	3.891	3.896	1887314	7352998.00
2021/09/15	3.898	3.913	3.898	3.912	3958097	15470279.00
2021/09/16	3.913	3.915	3.910	3.913	2733246	10693648.00
2021/09/17	3.913	3.921	3.911	3.915	3816698	14945317.00
2021/09/22	3.910	3.921	3.899	3.920	2186589	8556364.00
2021/09/23	3.920	3.955	3.916	3.941	1922468	7570861.00
2021/09/24	3.941	3.963	3.924	3.960	2524060	9982775.00
2021/09/27	3.961	3.988	3.945	3.968	8470956	33657596.00
2021/09/28	3.972	3.972	3.912	3.970	11312894	44718956.00
2021/09/29	3.970	4.003	3.930	3.982	7349079	29299898.00
2021/09/30	3.982	3.998	3.963	3.984	1616646	6449185.00
2021/10/08	3.984	4.000	3.984	3.999	1382799	5525080.00
2021/10/11	3.999	4.010	3.985	3.998	4440760	17757768.00
2021/10/12	3.998	3.998	3.980	3.991	2660529	10616298.00
2021/10/13	3.991	3.995	3.983	3.992	5011175	19990544.00
2021/10/14	3.992	3.997	3.988	3.995	3316664	13247226.00
2021/10/15	3.995	3.997	3.993	3.995	1602193	6400722.00
2021/10/18	3.994	4.001	3.990	3.995	2791618	11156804.00
2021/10/19	3.995	4.001	3.993	3.998	1550989	6200402.00
2021/10/20	3.997	4.003	3.994	4.003	1600338	6400792.00
2021/10/21	4.005	4.042	4.005	4.036	2692141	10853813.00
2021/10/22	4.037	4.069	4.037	4.067	3090943	12566091.00
2021/10/25	4.067	4.116	4.061	4.111	3133191	12859069.00
2021/10/26	4.111	4.145	4.076	4.101	5810470	23973948.00
2021/10/27	4.100	4.141	4.068	4.140	3342797	13756929.00
2021/10/28	4.139	4.252	4.130	4.222	10802313	45498768.00
2021/10/29	4.224	4.350	4.224	4.339	8920989	38561696.00
2021/11/01	4.341	4.449	4.304	4.326	5980802	26007450.00
2021/11/02	4.325	4.326	4.087	4.190	7783866	32642840.00
2021/11/03	4.188	4.260	4.090	4.214	5086718	21260562.00
2021/11/04	4.213	4.213	4.163	4.172	2026050	8477620.00
2021/11/05	4.172	4.200	4.172	4.192	2850721	11953768.00
2021/11/08	4.191	4.250	4.152	4.156	3395529	14158998.00
2021/11/09	4.146	4.159	4.145	4.155	2448178	10163182.00
2021/11/10	4.155	4.157	4.140	4.152	1704315	7072481.00
2021/11/11	4.152	4.167	4.152	4.166	2040150	8491755.00
2021/11/12	4.166	4.212	4.166	4.209	4277970	17913682.00
2021/11/15	4.210	4.222	4.204	4.208	1478459	6223462.00
2021/11/16	4.208	4.231	4.200	4.229	2023349	8534539.00
2021/11/17	4.229	4.256	4.217	4.248	6367202	26932440.00
2021/11/18	4.248	4.266	4.231	4.265	2510077	10687811.00
2021/11/19	4.265	4.293	4.255	4.270	2645528	11295267.00
2021/11/22	4.270	4.298	4.245	4.252	3123066	13346115.00
2021/11/23	4.252	4.260	4.230	4.255	3067284	13027633.00
2021/11/24	4.256	4.283	4.235	4.270	2231375	9511452.00
2021/11/25	4.269	4.280	4.265	4.267	1807774	7716056.00
2021/11/26	4.267	4.272	4.259	4.267	782542	3338660.00
2021/11/29	4.260	4.282	4.220	4.273	3328903	14215673.00
2021/11/30	4.273	4.295	4.273	4.287	2635127	11293326.00
2021/12/01	4.287	4.315	4.287	4.315	4613121	19871612.00
2021/12/02	4.316	4.341	4.316	4.336	4628058	20040850.00
2021/12/03	4.334	4.385	4.331	4.368	4872094	21233078.00
2021/12/06	4.368	4.410	4.368	4.393	7935300	34822940.00
2021/12/07	4.394	4.410	4.391	4.404	3782312	16639697.00
2021/12/08	4.409	4.414	4.398	4.413	6548116	28856458.00
2021/12/09	4.413	4.462	4.410	4.457	5508753	24474760.00
2021/12/10	4.459	4.537	4.459	4.529	8234200	37007240.00
2021/12/13	4.529	4.590	4.529	4.582	7453529	33996584.00
2021/12/14	4.583	4.660	4.564	4.657	8781879	40491380.00
2021/12/15	4.657	4.800	4.657	4.750	10778266	51043312.00
2021/12/16	4.764	4.776	4.565	4.583	14301762	66475304.00
2021/12/17	4.577	4.649	4.523	4.561	4885952	22392996.00
2021/12/20	4.599	4.636	4.528	4.543	2932488	13351955.00
2021/12/21	4.542	4.550	4.503	4.525	2129077	9602028.00
2021/12/22	4.530	4.549	4.526	4.538	2796016	12680103.00
2021/12/23	4.538	4.580	4.538	4.580	4109048	18758676.00
2021/12/24	4.580	4.616	4.560	4.570	4125362	18883328.00
2021/12/27	4.571	4.644	4.571	4.628	4536966	20857012.00
2021/12/28	4.630	4.660	4.594	4.608	5858389	26975072.00
2021/12/29	4.608	4.608	4.580	4.588	3979887	18283188.00
2021/12/30	4.589	4.589	4.547	4.548	4468466	20403140.00
2021/12/31	4.590	4.591	4.545	4.546	6886611	31331212.00
2022/01/04	4.547	4.580	4.547	4.574	8000051	36484904.00
2022/01/05	4.591	4.602	4.557	4.601	4811663	22036406.00
2022/01/06	4.601	4.601	4.573	4.578	3773408	17270976.00
2022/01/07	4.575	4.583	4.574	4.579	3157888	14451427.00
2022/01/10	4.579	4.591	4.576	4.584	2861492	13116639.00
2022/01/11	4.585	4.618	4.582	4.615	6883962	31625774.00
2022/01/12	4.618	4.700	4.618	4.695	4417265	20544650.00
2022/01/13	4.694	4.730	4.671	4.691	5960315	27967776.00
2022/01/14	4.685	4.691	4.650	4.673	5232071	24469972.00
2022/01/17	4.673	4.703	4.659	4.697	3020438	14138366.00
2022/01/18	4.698	4.747	4.670	4.686	2342848	10999223.00
2022/01/19	4.685	4.716	4.646	4.708	3698898	17344646.00
2022/01/20	4.708	4.726	4.646	4.710	4400559	20716390.00
2022/01/21	4.715	4.799	4.709	4.791	5976640	28483120.00
2022/01/24	4.792	5.270	4.791	4.896	9005012	44243468.00
2022/01/25	4.900	4.960	4.796	4.835	7417700	35815432.00
2022/01/26	4.829	4.902	4.702	4.824	5317268	25749640.00
2022/01/27	4.824	4.825	4.780	4.812	3806959	18284728.00
2022/01/28	4.816	4.906	4.797	4.893	4709422	22886792.00
2022/02/07	4.896	5.103	4.896	5.074	7075758	35424540.00
2022/02/08	5.075	5.376	5.074	5.370	9955427	51769844.00
2022/02/09	5.370	5.372	5.178	5.274	12793145	66989656.00
2022/02/10	5.200	5.356	5.101	5.270	7289560	38486344.00
2022/02/11	5.268	5.428	5.200	5.423	9249631	49205796.00
2022/02/14	5.423	5.515	5.415	5.489	12392487	67776608.00
2022/02/15	5.491	5.543	5.370	5.458	10993176	60146036.00
2022/02/16	5.435	5.457	5.249	5.337	8664590	46309608.00
2022/02/17	5.298	5.302	5.118	5.161	9989432	52010300.00
2022/02/18	5.160	5.261	5.048	5.232	7729754	39664084.00
2022/02/21	5.220	5.258	5.160	5.194	4878997	25448632.00
2022/02/22	5.155	5.155	4.996	5.001	8729109	44038744.00
2022/02/23	4.938	5.000	4.801	4.926	8195390	40074628.00
2022/02/24	4.865	4.865	4.731	4.796	8717417	41930200.00
2022/02/25	4.795	4.872	4.778	4.783	6719526	32323852.00
2022/02/28	4.790	4.790	4.682	4.695	4194066	19743512.00
2022/03/01	4.700	4.767	4.605	4.609	11094783	51375424.00
2022/03/02	4.603	4.786	4.471	4.757	10385442	48217848.00
2022/03/03	4.757	4.998	4.751	4.987	13341746	64339128.00
2022/03/04	5.010	5.069	4.890	4.961	11524254	56964692.00
2022/03/07	4.899	4.919	4.790	4.815	4644947	22508436.00
2022/03/08	4.809	4.810	4.720	4.765	3976391	18983004.00
2022/03/09	4.758	4.849	4.647	4.848	5769500	27542128.00
2022/03/10	4.947	4.947	4.781	4.826	4026164	19505020.00
2022/03/11	4.814	4.850	4.496	4.842	3758077	17912292.00
2022/03/14	4.785	4.825	4.753	4.771	1997801	9554145.00
2022/03/15	4.757	4.757	4.541	4.551	6119627	28243340.00
2022/03/16	4.551	4.620	4.370	4.577	6849129	30785108.00
2022/03/17	4.600	4.700	4.542	4.582	5957206	27426944.00
2022/03/18	4.573	4.580	4.520	4.544	2991741	13600274.00
2022/03/21	4.544	4.631	4.523	4.626	4817484	22027228.00
2022/03/22	4.639	4.736	4.600	4.727	6975363	32564072.00
2022/03/23	4.730	4.774	4.586	4.651	10636235	49586760.00
2022/03/24	4.644	4.670	4.500	4.583	6610968	30412244.00
2022/03/25	4.583	4.592	4.502	4.540	2717796	12351825.00
2022/03/28	4.538	4.570	4.475	4.543	2528719	11448617.00
2022/03/29	4.588	4.588	4.501	4.542	3458213	15668686.00
2022/03/30	4.551	4.574	4.501	4.536	3506378	15874975.00
2022/03/31	4.541	4.545	4.504	4.529	2657091	12023515.00
2022/04/01	4.531	4.575	4.521	4.568	2292511	10422699.00
2022/04/06	4.567	4.597	4.522	4.551	2549418	11596566.00
2022/04/07	4.542	4.542	4.502	4.523	1779498	8034501.00
2022/04/08	4.523	4.600	4.520	4.592	2760344	12572846.00
2022/04/11	4.590	4.619	4.552	4.593	3279945	15053819.00
2022/04/12	4.593	4.664	4.583	4.659	2901913	13400821.00
2022/04/13	4.659	4.740	4.612	4.726	5746382	26926166.00
2022/04/14	4.735	4.798	4.710	4.749	7514029	35628864.00
2022/04/15	4.754	4.784	4.695	4.754	7038285	33325304.00
2022/04/18	4.757	4.783	4.739	4.757	4651885	22131822.00
2022/04/19	4.654	4.685	4.542	4.674	4174227	19367772.00
2022/04/20	4.654	4.703	4.625	4.674	4596446	21393344.00
2022/04/21	4.650	4.675	4.590	4.610	3646184	16885132.00
2022/04/22	4.550	4.600	4.536	4.569	3006279	13698290.00
2022/04/25	4.536	4.536	4.450	4.453	2706155	12131627.00
2022/04/26	4.447	4.488	4.420	4.444	3215508	14292784.00
2022/04/27	4.390	4.514	4.390	4.490	4878243	21834504.00
2022/04/28	4.490	4.511	4.436	4.454	3137713	13972621.00
2022/04/29	4.455	4.520	4.450	4.500	1570902	7050303.00
2022/05/05	4.476	4.499	4.451	4.482	998317	4467479.00
2022/05/06	4.465	4.504	4.400	4.496	1308679	5828596.00
2022/05/09	4.496	4.512	4.460	4.500	1552660	6988856.00
2022/05/10	4.500	4.516	4.470	4.511	1744563	7858322.00
2022/05/11	4.510	4.579	4.493	4.569	2544762	11584864.00
2022/05/12	4.564	4.615	4.556	4.611	2102924	9655012.00
2022/05/13	4.615	4.650	4.596	4.632	2443387	11317692.00
2022/05/16	4.631	4.650	4.609	4.621	2041389	9435994.00
2022/05/17	4.611	4.635	4.586	4.623	1416437	6536014.00
2022/05/18	4.623	4.628	4.562	4.588	2159824	9913234.00
2022/05/19	4.573	4.573	4.484	4.514	2633568	11891320.00
2022/05/20	4.514	4.531	4.501	4.516	2102706	9505388.00
2022/05/23	4.515	4.527	4.485	4.518	1522565	6853577.00
2022/05/24	4.518	4.532	4.488	4.518	2037170	9181272.00
2022/05/25	4.517	4.537	4.503	4.527	1170780	5286735.00
2022/05/26	4.522	4.534	4.502	4.518	1386388	6263305.00
2022/05/27	4.518	4.529	4.510	4.517	2141539	9669859.00
2022/05/30	4.518	4.518	4.485	4.495	1343074	6040176.00
2022/05/31	4.500	4.508	4.448	4.455	2086913	9299135.00
2022/06/01	4.463	4.463	4.405	4.413	4692282	20759272.00
2022/06/02	4.411	4.459	4.318	4.442	6080373	26560652.00
2022/06/06	4.442	4.514	4.425	4.505	4072237	18200048.00
2022/06/07	4.506	4.590	4.504	4.574	5469073	24961686.00
2022/06/08	4.572	4.600	4.504	4.548	5380852	24474806.00
2022/06/09	4.539	4.597	4.500	4.579	5429701	24748480.00
2022/06/10	4.580	4.657	4.549	4.626	4130384	19075096.00
2022/06/13	4.618	4.618	4.500	4.610	3464246	15929585.00
2022/06/14	4.587	4.616	4.565	4.609	2495499	11482734.00
2022/06/15	4.585	4.629	4.580	4.621	2712078	12511164.00
2022/06/16	4.615	4.624	4.595	4.610	2465264	11356989.00
2022/06/17	4.610	4.613	4.560	4.599	1743321	8011870.00
2022/06/20	4.592	4.592	4.540	4.550	2025242	9230547.00
2022/06/21	4.548	4.580	4.528	4.570	1691831	7718819.00
2022/06/22	4.570	4.620	4.510	4.581	1616071	7387668.00
2022/06/23	4.581	4.627	4.552	4.622	1788802	8223970.00
2022/06/24	4.630	4.726	4.628	4.725	3338212	15627787.00
2022/06/27	4.725	4.777	4.703	4.747	2704991	12836831.00
2022/06/28	4.752	4.770	4.723	4.749	4344028	20627420.00
2022/06/29	4.748	4.765	4.729	4.746	4304950	20435772.00
2022/06/30	4.741	4.763	4.741	4.759	3234494	15388595.00
2022/07/01	4.743	4.793	4.740	4.776	1768300	8445113.00
2022/07/04	4.780	4.814	4.750	4.797	2624849	12596914.00
2022/07/05	4.795	4.804	4.763	4.791	2154124	10309437.00
2022/07/06	4.791	4.800	4.505	4.788	1947118	9299352.00
2022/07/07	4.788	4.788	4.750	4.755	2389332	11384186.00
2022/07/08	4.750	4.781	4.704	4.778	3369030	16082090.00
2022/07/11	4.765	4.788	4.730	4.780	2153154	10263277.00
2022/07/12	4.794	4.809	4.777	4.788	2363948	11317141.00
2022/07/13	4.789	4.810	4.753	4.776	2379360	11359440.00
2022/07/14	4.769	4.803	4.742	4.800	2344986	11229505.00
2022/07/15	4.800	4.848	4.750	4.840	2186398	10564179.00
2022/07/18	4.840	4.885	4.840	4.885	1340030	6519601.00
2022/07/19	4.886	4.946	4.862	4.885	2373307	11605988.00
2022/07/20	4.886	4.910	4.871	4.895	3399769	16643544.00
2022/07/21	4.895	4.909	4.865	4.872	2483654	12140627.00
2022/07/22	4.819	4.910	4.819	4.898	2604087	12749294.00
2022/07/25	4.900	4.915	4.860	4.862	1899968	9270373.00
2022/07/26	4.860	4.862	4.801	4.841	2470716	11942174.00
2022/07/27	4.840	4.840	4.800	4.818	1373580	6623480.00
2022/07/28	4.800	4.858	4.798	4.853	1513688	7319127.00
2022/07/29	4.846	4.859	4.846	4.853	1033238	5014894.00
2022/08/01	4.854	4.887	4.820	4.879	3231290	15687328.00
2022/08/02	4.875	4.890	4.844	4.876	3089238	15046190.00
2022/08/03	4.845	4.885	4.845	4.882	1784452	8695814.00
2022/08/04	4.881	4.927	4.856	4.914	2546306	12469853.00
2022/08/05	4.915	4.922	4.894	4.915	1454858	7147298.00
2022/08/08	4.915	4.950	4.904	4.917	1986889	9794690.00
2022/08/09	4.917	4.936	4.849	4.884	2107698	10318231.00
2022/08/10	4.881	4.934	4.879	4.894	1324980	6494336.00
2022/08/11	4.894	4.896	4.881	4.886	1503480	7352392.00
2022/08/12	4.882	4.891	4.866	4.887	1648680	8050546.00
2022/08/15	4.888	4.915	4.883	4.909	2354380	11531900.00
2022/08/16	4.909	4.984	4.908	4.962	3090779	15297751.00
2022/08/17	4.962	4.994	4.945	4.978	1803607	8957144.00
2022/08/18	4.974	5.037	4.974	5.021	2891378	14513207.00
2022/08/19	5.021	5.090	5.012	5.082	3345933	16966886.00
2022/08/22	5.084	5.149	5.013	5.071	3366066	17136560.00
2022/08/23	5.060	5.097	5.005	5.093	2813114	14260462.00
2022/08/24	5.092	5.092	5.030	5.057	3140361	15889941.00
2022/08/25	5.051	5.081	5.046	5.060	2104676	10663640.00
2022/08/26	5.061	5.073	5.020	5.044	2627595	13254381.00
2022/08/29	5.033	5.033	4.968	4.980	4557410	22756442.00
2022/08/30	4.979	5.006	4.953	4.984	2407552	12013619.00
2022/08/31	4.981	5.026	4.981	4.993	2653879	13282828.00
2022/09/01	4.993	5.017	4.959	4.983	2310813	11512075.00
2022/09/02	4.980	5.012	4.980	4.993	3168812	15822119.00
2022/09/05	4.986	5.000	4.955	4.981	2557530	12747599.00
2022/09/06	4.981	4.999	4.975	4.992	2518549	12571196.00
2022/09/07	4.990	5.024	4.990	5.018	3037469	15238630.00
2022/09/08	5.018	5.050	5.018	5.040	3450057	17360272.00
2022/09/09	5.039	5.062	5.031	5.049	4087329	20633488.00
2022/09/13	5.049	5.088	5.017	5.024	3189237	16053679.00
2022/09/14	5.023	5.023	4.999	4.999	2597817	13011393.00
2022/09/15	4.999	5.001	4.937	4.971	2642004	13144556.00
2022/09/16	4.962	4.988	4.950	4.979	3196479	15909630.00
2022/09/19	4.976	4.976	4.961	4.965	2125726	10556119.00
2022/09/20	4.965	4.975	4.936	4.953	2645060	13111782.00
2022/09/21	4.952	4.964	4.915	4.961	3459161	17109324.00
2022/09/22	4.967	4.999	4.961	4.995	2461104	12281164.00
2022/09/23	4.995	5.000	4.980	4.991	2088425	10424853.00
2022/09/26	4.991	4.991	4.961	4.973	2241204	11164037.00
2022/09/27	4.973	4.978	4.946	4.966	2427132	12040544.00
2022/09/28	4.966	5.030	4.958	4.975	6604666	33062440.00
2022/09/29	4.973	4.985	4.947	4.969	3128094	15563242.00
2022/09/30	4.969	4.969	4.900	4.968	4713272	23233200.00
2022/10/10	4.961	4.961	4.861	4.875	6386633	31220738.00
2022/10/11	4.873	4.873	4.802	4.845	5837916	28172740.00
2022/10/12	4.845	4.881	4.817	4.870	4060266	19665506.00
2022/10/13	4.861	4.917	4.841	4.903	5400408	26321964.00
2022/10/14	4.905	4.916	4.861	4.892	3709402	18127052.00
2022/10/17	4.890	4.890	4.847	4.861	2655041	12908149.00
2022/10/18	4.861	4.879	4.840	4.872	2388442	11624210.00
2022/10/19	4.872	4.872	4.840	4.860	3073007	14918955.00
2022/10/20	4.831	4.857	4.815	4.832	3904952	18871684.00
2022/10/21	4.831	4.853	4.760	4.802	5541859	26563876.00
2022/10/24	4.801	4.801	4.712	4.732	3126901	14848663.00
2022/10/25	4.729	4.730	4.665	4.669	2885983	13565699.00
2022/10/26	4.665	4.710	4.603	4.701	4620418	21705736.00
2022/10/27	4.702	4.765	4.639	4.663	4312462	20112544.00
2022/10/28	4.661	4.717	4.650	4.705	3166470	14788552.00
2022/10/31	4.706	4.720	4.682	4.701	2981315	14000237.00
2022/11/01	4.701	4.713	4.604	4.706	2575015	12112945.00
2022/11/02	4.696	4.759	4.660	4.756	3054253	14411153.00
2022/11/03	4.760	4.830	4.749	4.817	4960791	23835856.00
2022/11/04	4.816	4.845	4.772	4.835	2981717	14415882.00
2022/11/07	4.832	4.833	4.780	4.803	4089172	19641188.00
2022/11/08	4.803	4.803	4.709	4.758	2742934	13061807.00
2022/11/09	4.758	4.761	4.720	4.755	2751350	13085354.00
2022/11/10	4.754	4.763	4.721	4.732	3143320	14919796.00
2022/11/11	4.732	4.870	4.730	4.762	3379112	16064303.00
2022/11/14	4.760	4.767	4.726	4.734	3081081	14634171.00
2022/11/15	4.727	4.760	4.702	4.734	761431	3607743.00
2022/11/16	4.734	4.734	4.680	4.689	3062048	14383239.00
2022/11/17	4.681	4.700	4.604	4.610	4000297	18570560.00
2022/11/18	4.610	4.610	4.531	4.572	5012549	22829018.00
2022/11/21	4.570	4.675	4.506	4.656	2396534	11054983.00
2022/11/22	4.670	4.697	4.630	4.638	1722382	8025041.00
2022/11/23	4.638	4.655	4.625	4.648	2523017	11716951.00
2022/11/24	4.636	4.671	4.609	4.654	2741170	12757482.00
2022/11/25	4.650	4.665	4.643	4.657	2618922	12197330.00
2022/11/28	4.657	4.665	4.642	4.661	2612856	12170363.00
2022/11/29	4.661	4.694	4.650	4.683	1849514	8629541.00
2022/11/30	4.683	4.697	4.644	4.679	2472801	11557318.00
2022/12/01	4.670	4.700	4.660	4.693	3327709	15579065.00
2022/12/02	4.693	4.726	4.670	4.720	2162908	10179237.00
2022/12/05	4.720	4.770	4.720	4.760	2461261	11712042.00
2022/12/06	4.760	4.801	4.760	4.794	3177591	15226878.00
2022/12/07	4.794	4.800	4.760	4.781	3167177	15159863.00
2022/12/08	4.782	4.814	4.770	4.814	2606743	12531098.00
2022/12/09	4.809	4.809	4.780	4.809	1055612	5073866.00
2022/12/12	4.815	4.839	4.781	4.795	1815495	8707984.00
2022/12/13	4.788	4.794	4.780	4.783	1829509	8754948.00
2022/12/14	4.782	4.784	4.743	4.779	2250360	10752775.00
2022/12/15	4.779	4.784	4.763	4.781	2489832	11895830.00
2022/12/16	4.765	4.792	4.765	4.786	1880789	8995993.00
2022/12/19	4.788	4.791	4.770	4.775	2145356	10250418.00
2022/12/20	4.775	4.809	4.710	4.730	2212681	10534111.00
2022/12/21	4.735	4.799	4.673	4.679	1825060	8570925.00
2022/12/22	4.680	4.720	4.675	4.689	2230362	10452423.00
2022/12/23	4.734	4.734	4.692	4.720	2120526	9989458.00
2022/12/26	4.735	4.740	4.695	4.727	2380057	11260914.00
2022/12/27	4.735	4.735	4.715	4.719	863556	4078247.00
2022/12/28	4.610	4.715	4.510	4.548	5705748	26369132.00
2022/12/29	4.547	4.556	4.432	4.467	4950489	22389588.00
2022/12/30	4.503	4.586	4.405	4.573	4591548	20531698.00
2023/01/03	4.573	4.581	4.510	4.561	2650293	12110224.00
2023/01/04	4.561	4.582	4.542	4.555	2136338	9742652.00
2023/01/05	4.555	4.588	4.508	4.512	2131258	9647700.00
2023/01/06	4.519	4.574	4.512	4.566	2095139	9510858.00
2023/01/09	4.565	4.588	4.538	4.587	3094057	14162188.00
2023/01/10	4.585	4.645	4.585	4.634	3256705	15029785.00
2023/01/11	4.634	4.654	4.623	4.639	1821059	8448948.00
2023/01/12	4.624	4.644	4.616	4.631	2357093	10920106.00
2023/01/13	4.632	4.680	4.620	4.621	987221	4565960.00
2023/01/16	4.621	4.626	4.581	4.613	1226262	5665113.00
2023/01/17	4.613	4.613	4.582	4.606	1503584	6927459.00
2023/01/18	4.606	4.625	4.606	4.623	1095961	5060766.00
2023/01/19	4.623	4.635	4.585	4.626	825023	3817875.00
2023/01/20	4.626	4.666	4.626	4.665	1570812	7311242.00
2023/01/30	4.665	4.718	4.665	4.718	2866194	13472938.00
2023/01/31	4.718	4.759	4.717	4.749	2867297	13601038.00
2023/02/01	4.750	4.785	4.750	4.775	3703544	17690308.00
2023/02/02	4.779	4.791	4.767	4.767	2566032	12261822.00
2023/02/03	4.767	4.777	4.756	4.771	1803280	8599759.00
2023/02/06	4.770	4.787	4.720	4.783	2682450	12814130.00
2023/02/07	4.780	4.787	4.773	4.781	2700471	12911555.00
2023/02/08	4.783	4.783	4.766	4.778	2317709	11072303.00
2023/02/09	4.770	4.790	4.739	4.760	2643860	12614211.00
2023/02/10	4.760	4.779	4.760	4.775	2998310	14315173.00
2023/02/13	4.773	4.805	4.770	4.795	3325063	15956571.00
2023/02/14	4.788	4.840	4.784	4.831	3688225	17760774.00
2023/02/15	4.831	4.883	4.798	4.810	4189315	20343760.00
2023/02/16	4.807	4.817	4.792	4.809	2610304	12555038.00
2023/02/17	4.809	4.812	4.791	4.805	2823851	13574365.00
2023/02/20	4.832	4.848	4.806	4.808	3994832	19246988.00
2023/02/21	4.808	4.853	4.787	4.828	3349844	16184464.00
2023/02/22	4.826	4.851	4.804	4.822	3133386	15136899.00
2023/02/23	4.819	4.839	4.784	4.812	2479259	11942774.00
2023/02/24	4.780	4.848	4.770	4.785	1002803	4811710.00
2023/02/27	4.785	4.790	4.768	4.775	2137850	10222414.00
2023/02/28	4.775	4.792	4.769	4.782	1163880	5570740.00
2023/03/01	4.783	4.783	4.768	4.774	2124341	10148761.00
2023/03/02	4.770	4.775	4.740	4.755	3770993	17936364.00
2023/03/03	4.755	4.759	4.735	4.744	2262970	10747524.00
2023/03/06	4.735	4.750	4.727	4.735	3449924	16353396.00
2023/03/07	4.730	4.746	4.721	4.732	4333012	20521478.00
2023/03/08	4.725	4.756	4.713	4.717	1996415	9423416.00
2023/03/09	4.715	4.729	4.710	4.714	2708752	12784205.00
2023/03/10	4.696	4.720	4.696	4.701	3115983	14671806.00
2023/03/13	4.701	4.725	4.701	4.717	3146048	14834508.00
2023/03/14	4.712	4.755	4.691	4.744	3806436	17965544.00
2023/03/15	4.744	4.759	4.744	4.745	3603569	17124672.00
2023/03/16	4.751	4.751	4.709	4.733	3437887	16286559.00
2023/03/17	4.733	4.744	4.710	4.737	2402438	11376328.00
2023/03/20	4.737	4.737	4.720	4.727	3649980	17260120.00
2023/03/21	4.727	4.727	4.697	4.720	5454781	25719300.00
2023/03/22	4.720	4.725	4.689	4.725	2590583	12219748.00
2023/03/23	4.725	4.749	4.714	4.744	1852936	8772627.00
2023/03/24	4.744	4.765	4.712	4.760	2218584	10550013.00
2023/03/27	4.761	4.777	4.751	4.764	2466933	11762361.00
2023/03/28	4.764	4.798	4.748	4.759	2206621	10502719.00
2023/03/29	4.755	4.755	4.708	4.715	2677295	12663034.00
2023/03/30	4.715	4.801	4.700	4.761	3497160	16557560.00
2023/03/31	4.761	4.790	4.761	4.777	3080384	14727897.00
2023/04/03	4.732	4.789	4.732	4.772	2985030	14265511.00
2023/04/04	4.772	4.784	4.742	4.777	3214656	15355266.00
2023/04/06	4.762	4.777	4.752	4.761	3005593	14309886.00
2023/04/07	4.760	4.787	4.757	4.762	3837011	18278980.00
2023/04/10	4.761	4.761	4.725	4.747	2857194	13576952.00
2023/04/11	4.733	4.757	4.733	4.751	3059739	14531656.00
2023/04/12	4.752	4.754	4.711	4.727	2311905	10966247.00
2023/04/13	4.727	4.775	4.702	4.703	3555993	16787452.00
2023/04/14	4.703	4.705	4.680	4.694	5075491	23834152.00
2023/04/17	4.692	4.703	4.684	4.697	4930258	23138638.00
2023/04/18	4.519	4.553	4.481	4.506	3028586	13684412.00
2023/04/19	4.500	4.506	4.467	4.477	3117603	13989619.00
2023/04/20	4.477	4.480	4.461	4.463	2980280	13321019.00
2023/04/21	4.461	4.497	4.380	4.381	2778700	12312292.00
2023/04/24	4.380	4.391	4.378	4.384	4803777	21060368.00
2023/04/25	4.385	4.428	4.384	4.402	3044522	13394101.00
2023/04/26	4.402	4.402	4.340	4.373	3029541	13284772.00
2023/04/27	4.373	4.386	4.298	4.333	1310849	5685027.00
2023/04/28	4.331	4.331	4.250	4.253	1533360	6564439.00
2023/05/04	4.252	4.252	4.147	4.173	3626242	15172465.00
2023/05/05	4.173	4.173	4.069	4.119	3488333	14294584.00
2023/05/08	4.119	4.125	4.016	4.055	3291355	13377338.00
2023/05/09	4.055	4.063	3.984	4.062	4588700	18380494.00
2023/05/10	4.055	4.182	4.017	4.172	4287732	17817078.00
2023/05/11	4.200	4.225	4.175	4.205	4305472	18091602.00
2023/05/12	4.205	4.230	4.136	4.218	4245816	17860560.00
2023/05/15	4.218	4.218	4.176	4.189	3312649	13891585.00
2023/05/16	4.189	4.207	4.000	4.200	2795322	11725575.00
2023/05/17	4.201	4.244	4.154	4.194	3098186	13048633.00
2023/05/18	4.193	4.193	4.156	4.157	2739751	11417249.00
2023/05/19	4.120	4.181	4.120	4.158	3580567	14893816.00
2023/05/22	4.150	4.158	4.139	4.154	2976752	12349250.00
2023/05/23	4.154	4.192	4.134	4.146	1510554	6281859.00
2023/05/24	4.126	4.170	4.126	4.147	2666560	11072302.00
2023/05/25	4.145	4.145	4.105	4.118	2931569	12076616.00
2023/05/26	4.125	4.191	4.125	4.126	2898071	12035647.00
2023/05/29	4.135	4.135	4.100	4.118	1858932	7653824.00
2023/05/30	4.114	4.177	4.053	4.054	1363276	5612185.00
2023/05/31	4.043	4.135	3.952	3.955	2114523	8474150.00
2023/06/01	3.963	3.963	3.903	3.904	2292752	8981420.00
2023/06/02	3.915	3.924	3.881	3.885	2948446	11476474.00
2023/06/05	3.893	3.930	3.637	3.674	2335980	8770823.00
2023/06/06	3.669	3.831	3.520	3.816	3185607	11456315.00
2023/06/07	3.800	3.813	3.685	3.764	1812945	6849498.00
2023/06/08	3.728	3.914	3.688	3.885	1982230	7582123.00
2023/06/09	3.881	3.908	3.850	3.888	2199609	8567989.00
2023/06/12	3.890	3.890	3.810	3.835	1390129	5312959.00
2023/06/13	3.805	3.850	3.804	3.827	1514060	5788999.00
2023/06/14	3.827	3.869	3.808	3.845	1896563	7295282.00
2023/06/15	3.805	3.888	3.805	3.848	1625218	6252195.00
2023/06/16	3.845	3.861	3.835	3.856	1987474	7648407.00
2023/06/19	3.856	3.856	3.818	3.836	2101788	8060614.00
2023/06/20	3.836	3.850	3.825	3.838	1627218	6243244.00
2023/06/21	3.838	3.838	3.799	3.812	2436974	9296290.00
2023/06/26	3.805	3.811	3.772	3.805	1492331	5678520.00
2023/06/27	3.805	3.841	3.754	3.835	3947866	15041227.00
2023/06/28	3.796	3.880	3.795	3.868	3649804	14086658.00
2023/06/29	3.828	3.902	3.828	3.887	3577726	13883517.00
2023/06/30	3.895	3.912	3.820	3.849	1770849	6803328.00
2023/07/03	3.838	3.838	3.781	3.781	1638099	6230084.00
2023/07/04	3.781	3.806	3.775	3.783	3038785	11513311.00
2023/07/05	3.783	3.800	3.741	3.745	4195282	15758223.00
2023/07/06	3.742	3.805	3.742	3.798	2140733	8128814.00
2023/07/07	3.798	3.907	3.798	3.891	1813753	7057435.00
2023/07/10	3.890	3.895	3.851	3.890	1876229	7281465.00
2023/07/11	3.886	3.900	3.878	3.890	1594945	6203403.00
2023/07/12	3.860	3.874	3.851	3.869	2852633	11014761.00
2023/07/13	3.859	3.898	3.859	3.882	2096052	8132551.00
2023/07/14	3.883	3.922	3.860	3.914	2685337	10486965.00
2023/07/17	3.914	4.018	3.864	4.008	2836434	11334352.00
2023/07/18	4.010	4.122	4.010	4.112	5354531	21907976.00
2023/07/19	4.110	4.164	3.907	4.132	5365314	22028856.00
2023/07/20	4.130	4.130	4.003	4.076	2352839	9592136.00
2023/07/21	4.036	4.150	3.920	4.119	2616640	10773074.00
2023/07/24	4.117	4.180	4.051	4.180	5528178	22853014.00
2023/07/25	4.140	4.228	4.090	4.103	3568208	14906900.00
2023/07/26	4.100	4.108	4.079	4.088	3700678	15126377.00
2023/07/27	4.080	4.100	4.049	4.065	3703415	15052185.00
2023/07/28	4.030	4.067	4.002	4.064	4120373	16648176.00
2023/07/31	4.064	4.089	4.030	4.046	2991550	12154221.00
2023/08/01	4.045	4.138	4.030	4.124	4380890	17798340.00
2023/08/02	4.108	4.197	4.084	4.178	5366024	22298804.00
2023/08/03	4.178	4.178	4.111	4.122	6947686	28770138.00
2023/08/04	4.101	4.141	4.101	4.124	3400848	14031421.00
2023/08/07	4.123	4.173	4.104	4.130	5623916	23241068.00
2023/08/08	4.129	4.150	4.110	4.145	4621299	19127224.00
2023/08/09	4.156	4.165	4.117	4.158	3047368	12657172.00
2023/08/10	4.158	4.186	4.134	4.162	5085741	21166228.00
2023/08/11	4.169	4.220	4.150	4.158	5160052	21534556.00
2023/08/14	4.152	4.152	4.036	4.136	4654673	19064156.00
2023/08/15	4.100	4.160	4.100	4.130	3455055	14276943.00
2023/08/16	4.129	4.149	4.102	4.115	3669215	15104030.00
2023/08/17	4.105	4.130	4.085	4.087	3511226	14421935.00
2023/08/18	4.085	4.145	4.075	4.144	4655871	19137656.00
2023/08/21	4.144	4.144	4.080	4.095	2764972	11374336.00
2023/08/22	4.090	4.098	4.055	4.092	3148305	12850894.00
2023/08/23	4.092	4.098	4.057	4.081	5238333	21347666.00
2023/08/24	4.065	4.091	4.060	4.087	5130008	20928744.00
2023/08/25	4.075	4.115	4.075	4.087	2392576	9785868.00
2023/08/28	4.085	4.134	4.039	4.065	2563872	10475819.00
2023/08/29	4.063	4.070	4.040	4.043	3708798	15041218.00
2023/08/30	4.035	4.078	4.008	4.029	4778629	19330462.00
2023/08/31	4.017	4.035	3.987	4.011	3570262	14328508.00
2023/09/01	4.001	4.022	3.956	3.963	6915626	27658412.00
2023/09/04	3.961	3.961	3.919	3.925	3892407	15297572.00
2023/09/05	3.918	3.950	3.890	3.921	5017668	19673734.00
2023/09/06	3.910	3.935	3.897	3.921	4379585	17118014.00
2023/09/07	3.921	3.965	3.905	3.946	5917722	23215172.00
2023/09/08	3.951	3.978	3.936	3.973	4881241	19255424.00
2023/09/11	3.958	3.977	3.957	3.972	6611329	26248868.00
2023/09/12	3.970	3.988	3.961	3.978	4538004	18031580.00
2023/09/13	3.970	3.980	3.950	3.973	5917581	23495136.00
2023/09/14	3.973	3.975	3.955	3.975	4020622	15960450.00
2023/09/15	3.971	3.974	3.936	3.969	2587000	10251372.00
2023/09/18	3.954	3.967	3.925	3.939	4114444	16223106.00
2023/09/19	3.925	3.955	3.917	3.951	4406246	17330192.00
2023/09/20	3.935	3.953	3.935	3.943	2379241	9390065.00
2023/09/21	3.937	3.951	3.912	3.939	3870965	15222762.00
2023/09/22	3.937	3.960	3.924	3.943	4518992	17773916.00
2023/09/25	3.945	3.945	3.927	3.943	7089539	27900016.00
2023/09/26	3.939	3.950	3.929	3.944	3832944	15085501.00
2023/09/27	3.940	3.948	3.930	3.948	5061478	19942460.00
2023/09/28	3.955	3.989	3.917	3.949	4580860	18173848.00
2023/10/09	3.940	3.940	3.921	3.925	4120517	16187953.00
2023/10/10	3.924	3.962	3.910	3.930	3424894	13431773.00
2023/10/11	3.914	3.938	3.914	3.923	3499516	13731638.00
2023/10/12	3.922	3.937	3.904	3.908	4770495	18715090.00
2023/10/13	3.905	3.910	3.865	3.891	5063561	19719772.00
2023/10/16	3.890	3.890	3.847	3.876	5009812	19401240.00
2023/10/17	3.876	3.888	3.780	3.880	5081581	19475476.00
2023/10/18	3.861	3.883	3.813	3.847	2048252	7898120.00
2023/10/19	3.847	3.850	3.772	3.796	2224007	8518408.00
2023/10/20	3.765	3.786	3.679	3.749	6178446	23209116.00
2023/10/23	3.740	3.740	3.647	3.665	2647691	9766805.00
2023/10/24	3.667	3.720	3.606	3.673	3281541	11953717.00
2023/10/25	3.674	3.842	3.674	3.708	3665570	13632719.00
2023/10/26	3.690	3.728	3.690	3.714	5312532	19701368.00
2023/10/27	3.714	3.727	3.660	3.696	6613918	24513872.00
2023/10/30	3.656	3.696	3.633	3.678	4383974	16084762.00
2023/10/31	3.651	3.677	3.625	3.664	3265956	11947566.00
2023/11/01	3.661	3.664	3.589	3.662	6683748	24263840.00
2023/11/02	3.630	3.670	3.589	3.663	2299469	8315797.00
2023/11/03	3.645	3.703	3.630	3.665	2391884	8769997.00
2023/11/06	3.670	3.710	3.613	3.655	1730730	6311921.00
2023/11/07	3.659	3.659	3.583	3.593	6064702	21913688.00
2023/11/08	3.591	3.609	3.560	3.593	1629230	5844837.00
2023/11/09	3.590	3.609	3.586	3.604	2182222	7867512.00
2023/11/10	3.604	3.604	3.578	3.588	4846501	17407606.00
2023/11/13	3.560	3.594	3.551	3.559	2512013	8975448.00
2023/11/14	3.552	3.565	3.515	3.545	2227887	7876119.00
2023/11/15	3.545	3.545	3.512	3.521	2678177	9423467.00
2023/11/16	3.510	3.525	3.462	3.518	1578450	5524128.00
2023/11/17	3.515	3.515	3.480	3.498	2520374	8798452.00
2023/11/20	3.495	3.500	3.459	3.460	1341844	4654502.00
2023/11/21	3.456	3.460	3.400	3.412	3971875	13651964.00
2023/11/22	3.410	3.412	3.320	3.387	4651229	15541626.00
2023/11/23	3.359	3.359	3.280	3.309	2949054	9752913.00
2023/11/24	3.271	3.271	3.168	3.171	1567934	5017942.00
2023/11/27	3.164	3.164	3.038	3.137	4046124	12476174.00
2023/11/28	3.107	3.168	3.050	3.154	3432269	10610231.00
2023/11/29	3.140	3.156	3.080	3.155	3236662	10030364.00
2023/11/30	3.140	3.202	3.100	3.160	3638555	11527891.00
2023/12/01	3.154	3.180	3.138	3.152	3220041	10165323.00
2023/12/04	3.158	3.181	3.080	3.161	3867782	12005708.00
2023/12/05	3.144	3.144	3.071	3.096	3431225	10608607.00
2023/12/06	3.048	3.089	3.034	3.072	3878714	11840364.00
2023/12/07	3.049	3.049	3.010	3.028	4798845	14516804.00
2023/12/08	3.000	3.045	3.000	3.031	3904696	11752782.00
2023/12/11	3.027	3.030	2.990	3.018	2963307	8897701.00
2023/12/12	3.016	3.016	2.948	3.001	2578578	7659130.00
2023/12/13	2.972	2.994	2.864	2.970	5869367	17180796.00
2023/12/14	2.924	2.966	2.880	2.936	3494083	10110828.00
2023/12/15	2.900	2.936	2.892	2.916	3190533	9327640.00
2023/12/18	2.900	2.928	2.868	2.927	1614394	4681271.00
2023/12/19	2.912	2.924	2.887	2.913	2006019	5811149.00
2023/12/20	2.913	2.967	2.897	2.965	1839206	5408964.00
2023/12/21	2.965	3.055	2.955	3.024	4295283	12940308.00
2023/12/22	3.026	3.122	3.026	3.075	4153485	12813515.00
2023/12/25	3.075	3.147	3.006	3.077	5883210	17916100.00
2023/12/26	3.066	3.093	3.011	3.089	4972736	15077690.00
2023/12/27	3.087	3.089	3.017	3.069	5705783	17365400.00
2023/12/28	3.060	3.102	3.011	3.075	7101811	21700696.00
2023/12/29	3.095	3.180	3.035	3.151	7508931	23163294.00
2024/01/02	3.146	3.146	3.040	3.043	9580010	29515348.00
2024/01/03	3.030	3.082	2.961	2.987	10452568	31555332.00
2024/01/04	2.985	3.014	2.933	2.995	15257370	45232400.00
2024/01/05	2.985	2.999	2.858	2.904	6666810	19441716.00
2024/01/08	2.888	3.005	2.794	2.962	6478851	18409584.00
2024/01/09	2.879	2.936	2.825	2.841	7003889	20081864.00
2024/01/10	2.819	2.820	2.775	2.799	4326759	12067821.00
2024/01/11	2.800	2.811	2.739	2.807	6404830	17797776.00
2024/01/12	2.806	2.811	2.766	2.809	7656460	21288100.00
2024/01/15	2.809	2.835	2.769	2.833	7105243	19773382.00
2024/01/16	2.825	2.863	2.811	2.858	7535965	21335628.00
2024/01/17	2.858	2.917	2.842	2.916	7840950	22697822.00
2024/01/18	2.915	2.925	2.870	2.908	9074716	26199860.00
2024/01/19	2.909	2.930	2.880	2.914	7414501	21611698.00
2024/01/22	2.914	2.914	2.792	2.831	11014360	31237148.00
2024/01/23	2.791	2.847	2.781	2.847	6147423	17256304.00
2024/01/24	2.842	2.847	2.796	2.822	7885104	22272004.00
2024/01/25	2.823	2.840	2.780	2.838	6622888	18723662.00
2024/01/26	2.832	2.837	2.821	2.825	5007991	14169088.00
2024/01/29	2.823	2.838	2.803	2.830	6390995	18091176.00
2024/01/30	2.830	2.833	2.810	2.823	4531240	12794472.00
2024/01/31	2.823	2.831	2.808	2.815	6195414	17446284.00
2024/02/01	2.815	2.815	2.780	2.795	7049106	19655508.00
2024/02/02	2.790	2.795	2.742	2.786	6802513	18773552.00
2024/02/05	2.784	2.784	2.699	2.742	6089004	16588532.00
2024/02/06	2.729	2.743	2.713	2.741	5060825	13794332.00
2024/02/07	2.715	2.757	2.715	2.753	4909441	13482329.00
2024/02/08	2.753	2.807	2.749	2.800	7681521	21190350.00
2024/02/19	2.803	2.947	2.800	2.944	7649698	21991976.00
2024/02/20	2.945	3.051	2.912	2.956	6043670	18095380.00
2024/02/21	2.903	3.037	2.900	2.999	4826434	14494898.00
2024/02/22	2.999	3.058	2.990	3.049	6926273	21003542.00
2024/02/23	3.090	3.107	3.049	3.107	6387510	19680212.00
2024/02/26	3.107	3.231	3.074	3.214	8549410	27029394.00
2024/02/27	3.207	3.238	3.113	3.169	8574796	27043380.00
2024/02/28	3.166	3.172	3.092	3.131	7887546	24857446.00
2024/02/29	3.122	3.149	3.000	3.134	5786937	18118708.00
2024/03/01	3.134	3.214	3.134	3.200	7277914	23258578.00
2024/03/04	3.196	3.314	3.184	3.289	10495494	34326664.00
2024/03/05	3.287	3.361	3.270	3.304	14052520	46917216.00
2024/03/06	3.299	3.350	3.260	3.286	10810185	35575616.00
2024/03/07	3.286	3.306	3.183	3.198	6525420	21220700.00
2024/03/08	3.194	3.218	3.141	3.180	6629030	21112444.00
2024/03/11	3.180	3.200	3.162	3.179	10248836	32547920.00
2024/03/12	3.161	3.178	3.120	3.157	9226492	28980388.00
2024/03/13	3.154	3.157	3.114	3.127	5969561	18640622.00
2024/03/14	3.115	3.142	3.109	3.120	7757753	24224412.00
2024/03/15	3.115	3.144	3.108	3.115	6974885	21794520.00
2024/03/18	3.111	3.130	3.095	3.096	6277091	19530408.00
2024/03/19	3.096	3.128	3.073	3.111	4509187	13951580.00
2024/03/20	3.111	3.121	3.087	3.093	3943700	12203175.00
2024/03/21	3.099	3.099	3.056	3.086	8270907	25463606.00
2024/03/22	3.086	3.120	3.027	3.042	10236405	31175334.00
2024/03/25	3.042	3.079	3.015	3.020	5278186	15955806.00
2024/03/26	3.026	3.051	3.010	3.046	6282241	19054500.00
2024/03/27	3.046	3.129	3.046	3.129	11553963	35878064.00
2024/03/28	3.130	3.180	3.082	3.132	6762383	21027436.00
2024/03/29	3.131	3.154	3.088	3.111	7997859	24927284.00
2024/04/01	3.120	3.145	3.110	3.112	8102654	25285780.00
2024/04/02	3.112	3.138	3.091	3.131	8402746	26151522.00
2024/04/03	3.130	3.175	3.128	3.163	7285420	23036024.00
2024/04/08	3.161	3.173	3.140	3.165	9598060	30289376.00
2024/04/09	3.168	3.193	3.157	3.185	7995838	25362144.00
2024/04/10	3.192	3.222	3.171	3.220	9324047	29885640.00
2024/04/11	3.222	3.332	3.215	3.313	12945647	42178524.00
2024/04/12	3.311	3.345	3.297	3.315	10417333	34626652.00
2024/04/15	3.314	3.329	3.295	3.301	12149719	40181328.00
2024/04/16	3.145	3.149	2.998	3.033	10510264	31919262.00
2024/04/17	3.027	3.048	2.987	3.030	5745456	17416736.00
2024/04/18	3.030	3.032	2.998	3.016	6191903	18674922.00
2024/04/19	3.015	3.016	2.998	3.007	3893748	11694464.00
2024/04/22	3.007	3.075	3.007	3.023	6682381	20195258.00
2024/04/23	3.023	3.040	3.007	3.032	7089850	21490772.00
2024/04/24	3.032	3.051	3.014	3.034	6244334	18922846.00
2024/04/25	3.034	3.095	3.031	3.082	7590773	23199384.00
2024/04/26	3.082	3.155	3.082	3.132	9409692	29485438.00
2024/04/29	3.130	3.138	3.100	3.138	5759212	17970014.00
2024/04/30	3.137	3.157	3.090	3.121	7702781	23958926.00
2024/05/06	3.127	3.147	3.121	3.127	6506382	20380488.00
2024/05/07	3.127	3.197	3.120	3.159	10999503	34785888.00
2024/05/08	3.159	3.179	3.139	3.164	8071922	25488352.00
2024/05/09	3.164	3.199	3.145	3.195	11759096	37232840.00
2024/05/10	3.184	3.200	3.159	3.171	10094719	32049732.00
2024/05/13	3.170	3.170	3.130	3.145	6603698	20710164.00
2024/05/14	3.142	3.171	3.124	3.149	9654782	30441108.00
2024/05/15	3.153	3.175	3.127	3.164	8650166	27162964.00
2024/05/16	3.143	3.207	3.143	3.203	7140139	22802294.00
2024/05/17	3.203	3.215	3.185	3.204	6193824	19831180.00
2024/05/20	3.200	3.210	3.180	3.189	5828459	18611352.00
2024/05/21	3.188	3.203	3.156	3.189	8289811	26264000.00
2024/05/22	3.183	3.210	3.155	3.177	7538131	23897588.00
2024/05/23	3.170	3.192	3.147	3.175	5511835	17419048.00
2024/05/24	3.175	3.210	3.161	3.209	4733420	15140715.00
2024/05/27	3.219	3.243	3.196	3.232	3054687	9878856.00
2024/05/28	3.231	3.250	3.206	3.224	7899607	25452628.00
2024/05/29	3.219	3.243	3.209	3.228	6688448	21550556.00
2024/05/30	3.224	3.231	3.180	3.214	10079832	32323856.00
2024/05/31	3.207	3.228	3.193	3.201	6119957	19616870.00
2024/06/03	3.200	3.212	3.197	3.203	4703076	15065245.00
2024/06/04	3.218	3.219	3.165	3.215	8077315	25672346.00
2024/06/05	3.201	3.218	3.170	3.211	5427033	17326046.00
2024/06/06	3.196	3.224	3.196	3.221	4679564	15038594.00
2024/06/07	3.222	3.250	3.210	3.220	3125182	10084003.00
2024/06/11	3.210	3.225	3.199	3.207	3945463	12653416.00
2024/06/12	3.207	3.210	3.175	3.208	2779748	8889201.00
2024/06/13	3.192	3.240	3.192	3.229	3946063	12726183.00
2024/06/14	3.241	3.241	3.212	3.234	4195866	13567109.00
2024/06/17	3.231	3.235	3.207	3.213	2237572	7196676.00
2024/06/18	3.207	3.223	3.180	3.201	3107653	9943068.00
2024/06/19	3.200	3.220	3.185	3.199	2655140	8470612.00
2024/06/20	3.213	3.213	3.170	3.172	2228466	7096082.00
2024/06/21	3.172	3.188	3.165	3.175	4567891	14502016.00
2024/06/24	3.178	3.196	3.165	3.195	6548346	20829418.00
2024/06/25	3.194	3.210	3.163	3.187	6653300	21144420.00
2024/06/26	3.187	3.214	3.173	3.196	5767080	18369496.00
2024/06/27	3.210	3.230	3.200	3.228	4172264	13432259.00
2024/06/28	3.228	3.244	3.190	3.211	7267954	23315836.00
2024/07/01	3.205	3.218	3.195	3.205	2157547	6907729.00
2024/07/02	3.203	3.221	3.201	3.208	3092620	9927216.00
2024/07/03	3.204	3.208	3.185	3.203	3265634	10426246.00
2024/07/04	3.194	3.207	3.178	3.207	2667622	8516445.00
2024/07/05	3.207	3.209	3.191	3.203	3728228	11932442.00
2024/07/08	3.200	3.208	3.191	3.198	2991983	9565367.00
2024/07/09	3.198	3.215	3.170	3.193	4109347	13118422.00
2024/07/10	3.180	3.200	3.165	3.193	5663931	18027876.00
2024/07/11	3.178	3.210	3.170	3.185	7139555	22782898.00
2024/07/12	3.185	3.200	3.170	3.187	3307399	10527356.00
2024/07/15	3.187	3.201	3.175	3.198	5049117	16088058.00
2024/07/16	3.182	3.205	3.182	3.195	4897780	15656118.00
2024/07/17	3.195	3.220	3.189	3.211	3821802	12232294.00
2024/07/18	3.214	3.240	3.200	3.226	3617531	11611330.00
2024/07/19	3.226	3.322	3.216	3.277	8022809	26109960.00
2024/07/22	3.277	3.291	3.263	3.283	4283816	14047999.00
2024/07/23	3.299	3.299	3.268	3.285	2764233	9074742.00
2024/07/24	3.284	3.291	3.253	3.271	3678931	12041555.00
2024/07/25	3.275	3.278	3.251	3.264	2760236	9004890.00
2024/07/26	3.259	3.298	3.259	3.298	2867307	9412928.00
2024/07/29	3.298	3.339	3.298	3.336	5625569	18677734.00
2024/07/30	3.346	3.391	3.320	3.380	6915380	23212468.00
2024/07/31	3.384	3.402	3.348	3.379	4030767	13603688.00
2024/08/01	3.379	3.391	3.353	3.390	5978170	20228044.00
2024/08/02	3.390	3.413	3.376	3.388	3560855	12080118.00
2024/08/05	3.387	3.461	3.379	3.450	6924089	23499708.00
2024/08/06	3.450	3.511	3.446	3.510	9827729	34192184.00
2024/08/07	3.507	3.599	3.506	3.553	8844948	31383804.00
2024/08/08	3.540	3.560	3.510	3.548	7461367	26468328.00
2024/08/09	3.533	3.566	3.507	3.549	8320690	29529512.00
2024/08/12	3.561	3.561	3.513	3.543	4198762	14872679.00
2024/08/13	3.536	3.564	3.527	3.541	4406622	15610696.00
2024/08/14	3.541	3.568	3.525	3.526	5850377	20733620.00
2024/08/15	3.523	3.546	3.516	3.519	4483453	15805547.00
2024/08/16	3.510	3.540	3.448	3.522	7420051	26092380.00
2024/08/19	3.507	3.521	3.490	3.501	5494727	19237192.00
2024/08/20	3.464	3.520	3.464	3.492	4862706	16997792.00
2024/08/21	3.492	3.540	3.474	3.502	7151817	25103204.00
2024/08/22	3.496	3.515	3.496	3.498	3075094	10771961.00
2024/08/23	3.500	3.514	3.449	3.463	3194707	11098326.00
2024/08/26	3.462	3.462	3.392	3.394	3521410	12072200.00
2024/08/27	3.390	3.390	3.340	3.355	2463397	8272148.00
2024/08/28	3.343	3.436	3.301	3.383	6747242	22747618.00
2024/08/29	3.379	3.419	3.366	3.407	8465436	28692448.00
2024/08/30	3.416	3.481	3.381	3.479	2490268	8527613.00
2024/09/02	3.478	3.549	3.411	3.431	4389981	15235820.00
2024/09/03	3.402	3.430	3.362	3.386	9564031	32336358.00
2024/09/04	3.360	3.417	3.342	3.390	6245852	20983300.00
2024/09/05	3.385	3.425	3.382	3.398	5712700	19423894.00
2024/09/06	3.404	3.404	3.330	3.367	4705688	15815935.00
2024/09/09	3.335	3.390	3.324	3.371	5353170	17878878.00
2024/09/10	3.360	3.400	3.341	3.397	4261295	14328811.00
2024/09/11	3.403	3.425	3.380	3.401	3783968	12846865.00
2024/09/12	3.401	3.405	3.371	3.380	2779337	9430893.00
2024/09/13	3.364	3.414	3.360	3.414	5401496	18350110.00
2024/09/18	3.424	3.450	3.390	3.412	2993883	10229373.00
2024/09/19	3.422	3.438	3.366	3.386	4277484	14520742.00
2024/09/20	3.380	3.430	3.330	3.395	5263899	17749360.00
2024/09/23	3.379	3.429	3.360	3.419	3689555	12514112.00
2024/09/24	3.415	3.440	3.400	3.429	3651631	12495251.00
2024/09/25	3.429	3.460	3.406	3.455	6397799	22054644.00
2024/09/26	3.460	3.512	3.421	3.458	2831202	9820843.00
2024/09/27	3.456	3.499	3.443	3.470	1135117	3932261.00
2024/09/30	3.468	3.468	3.385	3.440	4016816	13775701.00
2024/10/08	3.428	3.550	3.419	3.518	3343353	11625774.00
2024/10/09	3.498	3.520	3.420	3.514	3873177	13435074.00
2024/10/10	3.498	3.519	3.475	3.477	4738344	16514109.00
2024/10/11	3.471	3.500	3.451	3.485	3595167	12537866.00
2024/10/14	3.471	3.489	3.471	3.484	3512827	12245777.00
2024/10/15	3.484	3.500	3.463	3.478	3046455	10602561.00
2024/10/16	3.480	3.480	3.430	3.432	4162729	14335389.00
2024/10/17	3.421	3.445	3.409	3.414	4208312	14416162.00
2024/10/18	3.414	3.451	3.408	3.409	4039158	13787508.00
2024/10/21	3.409	3.416	3.403	3.406	4036858	13771753.00
2024/10/22	3.404	3.420	3.399	3.403	3858593	13163548.00
2024/10/23	3.403	3.419	3.400	3.401	3302322	11243184.00
2024/10/24	3.400	3.418	3.380	3.392	3337688	11344465.00
2024/10/25	3.371	3.414	3.371	3.378	5697037	19291980.00
2024/10/28	3.376	3.400	3.368	3.377	4759985	16071335.00
2024/10/29	3.376	3.400	3.350	3.363	4801044	16177079.00
2024/10/30	3.360	3.364	3.345	3.347	4926253	16526282.00
2024/10/31	3.341	3.370	3.339	3.356	6545198	21909672.00
2024/11/01	3.354	3.389	3.312	3.348	3317895	11097660.00
2024/11/04	3.348	3.359	3.340	3.356	3180618	10664475.00
2024/11/05	3.351	3.364	3.330	3.359	4766226	15986833.00
2024/11/06	3.365	3.378	3.352	3.377	3949232	13264607.00
2024/11/07	3.377	3.396	3.362	3.382	4282811	14443946.00
2024/11/08	3.382	3.392	3.381	3.391	3650247	12358743.00
2024/11/11	3.387	3.398	3.387	3.397	4381262	14863127.00
2024/11/12	3.404	3.413	3.380	3.380	6278153	21357440.00
2024/11/13	3.374	3.382	3.360	3.380	4509854	15189442.00
2024/11/14	3.379	3.399	3.341	3.357	5261196	17656388.00
2024/11/15	3.364	3.364	3.315	3.360	4546795	15170768.00
2024/11/18	3.363	3.390	3.345	3.367	3243107	10938951.00
2024/11/19	3.351	3.385	3.318	3.349	6026861	20183438.00
2024/11/20	3.331	3.352	3.300	3.336	5778722	19249036.00
2024/11/21	3.311	3.351	3.300	3.333	3828493	12741154.00
2024/11/22	3.321	3.348	3.301	3.311	3800253	12665560.00
2024/11/25	3.321	3.321	3.295	3.310	4546765	15045455.00
2024/11/26	3.308	3.309	3.295	3.298	3998962	13192084.00
2024/11/27	3.298	3.335	3.273	3.294	5512746	18143950.00
2024/11/28	3.289	3.341	3.243	3.280	2219879	7308639.00
2024/11/29	3.266	3.290	3.260	3.270	3612356	11812844.00
2024/12/02	3.269	3.288	3.261	3.269	2841706	9295675.00
2024/12/03	3.267	3.294	3.260	3.286	2837961	9280591.00
2024/12/04	3.280	3.309	3.270	3.277	3100529	10159608.00
2024/12/05	3.290	3.295	3.260	3.272	5104092	16673364.00
2024/12/06	3.270	3.305	3.244	3.261	7448972	24509098.00
2024/12/09	3.245	3.260	3.228	3.241	2073616	6733976.00
2024/12/10	3.241	3.259	3.227	3.252	5846387	18923668.00
2024/12/11	3.242	3.277	3.241	3.265	4194260	13686241.00
2024/12/12	3.258	3.358	3.258	3.354	4517394	15050724.00
2024/12/13	3.355	3.366	3.316	3.330	5754425	19273254.00
2024/12/16	3.326	3.339	3.296	3.296	2355946	7811656.00
2024/12/17	3.296	3.301	3.266	3.285	1862624	6139001.00
2024/12/18	3.284	3.293	3.245	3.272	1892164	6186060.00
2024/12/19	3.270	3.275	3.250	3.262	1681440	5478674.00
2024/12/20	3.262	3.274	3.247	3.263	3915409	12736622.00
2024/12/23	3.263	3.292	3.237	3.250	3945159	12825583.00
2024/12/24	3.270	3.270	3.244	3.251	2881198	9395633.00
2024/12/25	3.251	3.289	3.243	3.284	5522949	18032710.00
2024/12/26	3.294	3.315	3.271	3.305	10736785	35404380.00
2024/12/27	3.305	3.365	3.305	3.356	4272344	14272766.00
2024/12/30	3.356	3.390	3.348	3.357	6713440	22609940.00
2024/12/31	3.357	3.388	3.332	3.370	6058705	20314128.00
2025/01/02	3.370	3.375	3.332	3.342	7539091	25234400.00
2025/01/03	3.333	3.376	3.327	3.370	7634635	25696348.00
2025/01/06	3.395	3.395	3.362	3.374	17807195	60022176.00
2025/01/07	3.370	3.370	3.350	3.363	8585917	28883336.00
2025/01/08	3.353	3.389	3.343	3.389	7117570	23999516.00
2025/01/09	3.389	3.434	3.359	3.423	7674673	26096708.00
2025/01/10	3.420	3.467	3.400	3.461	5045801	17404976.00
2025/01/13	3.461	3.479	3.408	3.430	5035124	17350256.00
2025/01/14	3.427	3.435	3.398	3.411	4870218	16569981.00
2025/01/15	3.411	3.477	3.391	3.474	7901923	27182042.00
2025/01/16	3.451	3.479	3.422	3.470	6434090	22253420.00
2025/01/17	3.466	3.488	3.399	3.472	4722040	16361434.00
2025/01/20	3.451	3.529	3.433	3.517	6353236	22147974.00
2025/01/21	3.491	3.531	3.491	3.527	4432990	15636766.00
2025/01/22	3.527	3.576	3.507	3.576	6979051	24632760.00
2025/01/23	3.553	3.608	3.531	3.608	5660458	20184964.00
2025/01/24	3.571	3.611	3.571	3.607	4178074	15036660.00
2025/01/27	3.607	3.628	3.580	3.606	972363	3513290.00
2025/02/05	3.607	3.631	3.567	3.570	4872748	17398980.00
2025/02/06	3.569	3.610	3.541	3.591	3354244	11955727.00
2025/02/07	3.591	3.600	3.561	3.599	3950734	14166233.00
2025/02/10	3.599	3.695	3.571	3.692	5113166	18659432.00
2025/02/11	3.704	3.837	3.653	3.828	9749790	36092972.00
2025/02/12	3.821	3.821	3.711	3.733	6821456	25676732.00
2025/02/13	3.711	3.720	3.640	3.671	7611457	27828416.00
2025/02/14	3.663	3.760	3.624	3.760	3835050	14170026.00
2025/02/17	3.760	3.789	3.733	3.787	8335134	31419192.00
2025/02/18	3.794	3.805	3.771	3.785	7669350	29080748.00
2025/02/19	3.785	3.800	3.740	3.797	6534295	24527468.00
2025/02/20	3.771	3.802	3.701	3.790	6488007	24321236.00
2025/02/21	3.782	3.802	3.750	3.772	5125100	19359416.00
2025/02/24	3.774	3.774	3.658	3.721	3969655	14716539.00
2025/02/25	3.691	3.724	3.646	3.688	5925973	21863508.00
2025/02/26	3.686	3.699	3.651	3.672	6265753	23118636.00
2025/02/27	3.664	3.724	3.632	3.637	5482797	20102732.00
2025/02/28	3.631	3.671	3.590	3.616	8163019	29469444.00
2025/03/03	3.619	3.660	3.617	3.652	4492365	16399029.00
2025/03/04	3.652	3.729	3.622	3.687	7969084	29339064.00
2025/03/05	3.710	3.710	3.671	3.700	5108530	18862300.00
2025/03/06	3.695	3.715	3.688	3.690	6806232	25191904.00
2025/03/07	3.703	3.710	3.681	3.692	6140763	22692116.00
2025/03/10	3.692	3.785	3.691	3.752	11883797	44371568.00
2025/03/11	3.750	3.782	3.714	3.730	2176353	8113297.00
2025/03/12	3.729	3.751	3.714	3.722	4669872	17396498.00
2025/03/13	3.722	3.751	3.712	3.729	4129100	15401603.00
2025/03/14	3.751	3.751	3.712	3.738	4029326	15013341.00
2025/03/17	3.745	3.745	3.716	3.727	2354271	8771576.00
2025/03/18	3.727	3.733	3.717	3.728	3741507	13931122.00
2025/03/19	3.728	3.750	3.712	3.748	4614717	17226300.00
2025/03/20	3.754	3.778	3.741	3.748	3495416	13139345.00
2025/03/21	3.733	3.748	3.711	3.732	3126972	11657496.00
2025/03/24	3.735	3.769	3.711	3.721	4418247	16459841.00
2025/03/25	3.721	3.737	3.712	3.721	2405650	8958880.00
2025/03/26	3.721	3.727	3.710	3.714	4071057	15117002.00
2025/03/27	3.716	3.745	3.699	3.735	3927971	14681288.00
2025/03/28	3.736	3.789	3.727	3.788	8886201	33384614.00
2025/03/31	3.788	3.798	3.755	3.772	6050007	22827024.00
2025/04/01	3.780	3.800	3.752	3.798	4919516	18563252.00
2025/04/02	3.797	3.848	3.770	3.829	6788434	25954564.00
2025/04/03	3.831	3.910	3.791	3.899	3126145	12053879.00
2025/04/07	3.890	3.903	3.811	3.880	2309116	8899493.00
2025/04/08	3.878	3.881	3.789	3.832	4166346	16006519.00
2025/04/09	3.811	3.867	3.704	3.733	3048085	11428036.00
2025/04/10	3.744	3.805	3.744	3.800	3467321	13082431.00
2025/04/11	3.828	3.828	3.742	3.791	5823777	22121504.00
2025/04/14	3.790	3.817	3.750	3.811	6192885	23314662.00
2025/04/15	3.809	3.838	3.771	3.837	5264702	19950322.00
2025/04/16	3.836	3.896	3.804	3.881	8431487	32234860.00
2025/04/17	3.875	3.910	3.862	3.903	8979269	34948192.00
2025/04/18	3.900	3.932	3.834	3.866	5986205	23250592.00
2025/04/21	3.866	3.866	3.747	3.768	9370899	35332524.00
2025/04/22	3.604	3.609	3.501	3.537	4779723	16926500.00
2025/04/23	3.540	3.551	3.510	3.539	7532198	26652898.00
2025/04/24	3.535	3.535	3.457	3.480	4856934	16943616.00
2025/04/25	3.470	3.482	3.403	3.436	5718379	19669622.00
2025/04/28	3.436	3.443	3.355	3.381	4972789	16947076.00
2025/04/29	3.372	3.418	3.356	3.360	3552813	12013627.00
2025/04/30	3.360	3.377	3.344	3.355	5015700	16822964.00
2025/05/06	3.357	3.357	3.340	3.343	1965801	6584506.00
2025/05/07	3.344	3.374	3.297	3.360	9258188	30809602.00
2025/05/08	3.359	3.364	3.330	3.335	6488069	21695786.00
2025/05/09	3.333	3.333	3.290	3.317	8338226	27570208.00
2025/05/12	3.304	3.414	3.302	3.390	7078772	23666704.00
2025/05/13	3.392	3.415	3.370	3.390	5850006	19800006.00
2025/05/14	3.362	3.430	3.362	3.424	5638919	19155224.00
2025/05/15	3.404	3.424	3.380	3.408	3834519	13046074.00
2025/05/16	3.411	3.439	3.392	3.422	5699597	19499588.00
2025/05/19	3.422	3.434	3.401	3.408	5403131	18461128.00
2025/05/20	3.407	3.449	3.391	3.433	7883613	26880762.00
2025/05/21	3.433	3.468	3.421	3.452	10351837	35653816.00
2025/05/22	3.452	3.452	3.400	3.418	6862145	23514526.00
2025/05/23	3.420	3.428	3.386	3.397	5804226	19720620.00
2025/05/26	3.396	3.403	3.373	3.388	1051157	3559072.00
2025/05/27	3.394	3.394	3.350	3.370	1532395	5154221.00
2025/05/28	3.370	3.404	3.357	3.387	2274022	7684220.00
2025/05/29	3.387	3.396	3.377	3.388	3490015	11831346.00
2025/05/30	3.378	3.391	3.352	3.366	840631	2833372.00
2025/06/03	3.365	3.365	3.314	3.343	3730667	12417719.00
2025/06/04	3.335	3.362	3.334	3.351	6298040	21062740.00
2025/06/05	3.351	3.391	3.345	3.388	2718113	9120771.00
2025/06/06	3.374	3.420	3.356	3.378	3874603	13057016.00
2025/06/09	3.386	3.389	3.366	3.389	3042361	10257899.00
2025/06/10	3.388	3.417	3.381	3.397	4602315	15621767.00
2025/06/11	3.407	3.407	3.380	3.389	1932000	6566557.00
2025/06/12	3.385	3.399	3.382	3.391	3635687	12330643.00
2025/06/13	3.380	3.399	3.361	3.370	3403676	11469211.00
2025/06/16	3.358	3.379	3.351	3.371	1268165	4264199.00
2025/06/17	3.371	3.371	3.356	3.366	3345536	11242279.00
2025/06/18	3.367	3.377	3.355	3.377	876215	2950921.00
2025/06/19	3.376	3.384	3.375	3.378	3455600	11682472.00
2025/06/20	3.383	3.383	3.362	3.375	2778379	9366315.00
2025/06/23	3.374	3.385	3.367	3.378	1494235	5040568.00
2025/06/24	3.377	3.377	3.349	3.361	3508768	11776606.00
2025/06/25	3.361	3.361	3.339	3.349	1976027	6613820.00
2025/06/26	3.348	3.355	3.337	3.342	2673988	8950684.00
2025/06/27	3.352	3.352	3.294	3.311	3013915	10017611.00
2025/06/30	3.312	3.312	3.263	3.267	4361637	14330520.00
2025/07/01	3.267	3.273	3.234	3.251	7994360	26022096.00
2025/07/02	3.246	3.298	3.246	3.298	5859873	19216768.00
2025/07/03	3.299	3.326	3.286	3.314	1232040	4082346.00
2025/07/04	3.307	3.318	3.295	3.314	859220	2837837.00
2025/07/07	3.314	3.314	3.278	3.298	1252052	4122530.00
2025/07/08	3.305	3.305	3.262	3.277	4430982	14536820.00
2025/07/09	3.272	3.285	3.266	3.280	2652355	8691968.00
2025/07/10	3.285	3.285	3.250	3.263	2620434	8545627.00
2025/07/11	3.253	3.276	3.253	3.265	4204658	13729344.00
2025/07/14	3.262	3.272	3.256	3.268	3037267	9912317.00
2025/07/15	3.275	3.275	3.266	3.272	2872101	9388966.00
2025/07/16	3.272	3.305	3.267	3.304	6646107	21820204.00
2025/07/17	3.305	3.309	3.288	3.299	1410397	4644994.00
2025/07/18	3.306	3.311	3.284	3.300	1514480	4998918.00
2025/07/21	3.300	3.311	3.284	3.308	6138388	20257636.00
2025/07/22	3.306	3.311	3.299	3.303	1315732	4345096.00
2025/07/23	3.300	3.303	3.273	3.281	1120336	3682072.00
2025/07/24	3.281	3.296	3.272	3.294	944588	3107833.00
2025/07/25	3.294	3.295	3.281	3.294	2809078	9241650.00
2025/07/28	3.293	3.294	3.281	3.288	632206	2078171.00
2025/07/29	3.288	3.288	3.261	3.270	2112693	6908821.00
2025/07/30	3.270	3.283	3.258	3.271	3209370	10482841.00
2025/07/31	3.271	3.300	3.263	3.297	959015	3142680.00
2025/08/01	3.294	3.294	3.267	3.271	942018	3085703.00
2025/08/04	3.270	3.277	3.250	3.258	885232	2885262.00
2025/08/05	3.258	3.263	3.250	3.253	520578	1693272.00
2025/08/06	3.254	3.259	3.250	3.254	287585	935975.00
2025/08/07	3.250	3.263	3.250	3.253	1664584	5414793.00
2025/08/08	3.255	3.255	3.245	3.248	2654192	8624846.00
2025/08/11	3.250	3.267	3.248	3.251	1014002	3297671.00
2025/08/12	3.252	3.254	3.243	3.246	386437	1256035.00
2025/08/13	3.246	3.252	3.241	3.243	325612	1056102.00
2025/08/14	3.241	3.244	3.212	3.228	4410934	14253145.00
2025/08/15	3.215	3.228	3.198	3.215	2213748	7094437.00
2025/08/18	3.215	3.222	3.109	3.156	6704589	21189196.00
2025/08/19	3.155	3.173	3.128	3.156	1830841	5741878.00
2025/08/20	3.165	3.174	3.155	3.172	3162360	10022911.00
2025/08/21	3.172	3.190	3.134	3.139	1822326	5741789.00
2025/08/22	3.139	3.148	3.120	3.130	1026616	3218293.00
2025/08/25	3.130	3.131	3.088	3.130	4990354	15480569.00
2025/08/26	3.112	3.190	3.112	3.180	1460900	4608153.00
2025/08/27	3.186	3.188	3.165	3.180	879077	2793764.00
2025/08/28	3.179	3.185	3.163	3.179	522917	1661658.00
2025/08/29	3.179	3.179	3.137	3.150	1471585	4635093.00
2025/09/01	3.154	3.154	3.113	3.130	1045605	3270464.00
2025/09/02	3.128	3.146	3.120	3.124	3207598	10021312.00
2025/09/03	3.124	3.146	3.120	3.127	3819105	11934239.00
2025/09/04	3.130	3.137	3.120	3.127	1881555	5889582.00
2025/09/05	3.127	3.133	3.104	3.126	4204888	13117106.00
2025/09/08	3.128	3.130	3.096	3.108	3627876	11267348.00
2025/09/09	3.108	3.125	3.084	3.084	3644173	11298517.00
2025/09/10	3.084	3.094	3.065	3.080	2894240	8892253.00
2025/09/11	3.078	3.078	3.058	3.070	3492383	10704963.00
2025/09/12	3.070	3.070	3.047	3.053	3535956	10795754.00
2025/09/15	3.056	3.056	3.029	3.045	3286791	9978387.00
2025/09/16	3.029	3.050	3.020	3.044	2953665	8960943.00
2025/09/17	3.049	3.055	3.024	3.050	3151971	9564798.00
2025/09/18	3.044	3.056	3.038	3.052	2912920	8876825.00
2025/09/19	3.053	3.053	3.035	3.041	2779170	8461000.00
2025/09/22	3.041	3.052	3.031	3.047	702854	2135304.00
2025/09/23	3.047	3.047	3.021	3.045	673379	2042856.00
2025/09/24	3.047	3.047	3.039	3.040	228194	693998.00
2025/09/25	3.041	3.041	3.024	3.039	606738	1837526.00
2025/09/26	3.028	3.045	3.028	3.038	329560	1000423.00
2025/09/29	3.031	3.046	3.030	3.044	302648	918315.00
2025/09/30	3.044	3.067	3.043	3.054	551192	1682429.00
2025/10/09	3.050	3.050	3.041	3.047	155035	472364.00
2025/10/10	3.047	3.058	3.047	3.049	515796	1573497.00
2025/10/13	3.048	3.048	3.032	3.039	1097795	3335563.00
2025/10/14	3.039	3.039	3.022	3.030	1686552	5104459.00
2025/10/15	3.028	3.034	3.020	3.030	3818626	11545391.00
2025/10/16	3.031	3.031	3.000	3.018	2990882	8999563.00
2025/10/17	3.013	3.024	2.991	3.012	5732442	17219228.00
2025/10/20	3.011	3.011	2.971	2.980	4634246	13839874.00
2025/10/21	2.978	2.979	2.955	2.962	4446897	13186493.00
2025/10/22	2.958	2.961	2.915	2.940	6743777	19754352.00
2025/10/23	2.941	2.942	2.915	2.935	5466256	15988951.00
2025/10/24	2.922	2.967	2.915	2.942	6615341	19374512.00
2025/10/27	2.934	2.942	2.913	2.925	5497473	16086315.00
2025/10/28	2.929	2.941	2.915	2.936	4881270	14269939.00
2025/10/29	2.934	2.955	2.909	2.930	6133452	17950396.00
2025/10/30	2.927	2.927	2.910	2.922	6129299	17884440.00
2025/10/31	2.922	2.922	2.886	2.896	5456562	15868347.00
2025/11/03	2.883	2.896	2.785	2.796	8131034	22899348.00
2025/11/04	2.795	2.799	2.718	2.762	9419480	25964304.00
2025/11/05	2.760	2.818	2.740	2.817	3630256	10121753.00
2025/11/06	2.817	2.834	2.801	2.830	3221346	9106776.00
2025/11/07	2.831	2.879	2.828	2.876	3938764	11256104.00
2025/11/10	2.878	2.878	2.842	2.862	3978289	11378318.00
2025/11/11	2.850	2.876	2.850	2.867	3611878	10352337.00
2025/11/12	2.870	2.875	2.849	2.859	3477569	9959070.00
2025/11/13	2.853	2.869	2.846	2.850	5549512	15854579.00
2025/11/14	2.857	2.859	2.825	2.833	4861096	13785482.00
2025/11/17	2.833	2.849	2.821	2.837	3440654	9754650.00
2025/11/18	2.848	2.848	2.806	2.826	1034830	2923713.00
2025/11/19	2.830	2.830	2.780	2.794	3952479	11041968.00
2025/11/20	2.803	2.803	2.780	2.796	2798195	7812086.00
2025/11/21	2.796	2.802	2.772	2.798	2519624	7013334.00
2025/11/24	2.795	2.800	2.766	2.794	5144496	14287345.00
2025/11/25	2.792	2.819	2.785	2.800	5318463	14873856.00
2025/11/26	2.803	2.819	2.791	2.811	3486425	9766881.00
2025/11/27	2.814	2.815	2.784	2.806	3560348	9998371.00
2025/11/28	2.806	2.815	2.780	2.802	2822936	7899413.00
2025/12/01	2.807	2.807	2.794	2.796	3045353	8512156.00
2025/12/02	2.796	2.805	2.791	2.797	39263	109806.00
2025/12/03	2.798	2.818	2.798	2.810	495849	1393336.00
2025/12/04	2.808	2.820	2.805	2.810	1227762	3447777.00
2025/12/05	2.810	2.820	2.798	2.812	638757	1791683.00
2025/12/08	2.811	2.811	2.795	2.802	411000	1151663.00
2025/12/09	2.808	2.812	2.789	2.800	659037	1844425.00
2025/12/10	2.800	2.818	2.781	2.814	4620301	12867642.00
2025/12/11	2.805	2.814	2.799	2.809	2455363	6880540.00
2025/12/12	2.805	2.826	2.800	2.813	3442507	9710585.00
2025/12/15	2.812	2.825	2.796	2.810	2010227	5640856.00
2025/12/16	2.811	2.820	2.786	2.798	1656529	4628850.00
2025/12/17	2.798	2.806	2.781	2.795	2049781	5718900.00
2025/12/18	2.805	2.805	2.756	2.790	1341961	3723469.00
2025/12/19	2.788	2.800	2.755	2.779	3462050	9608698.00
2025/12/22	2.779	2.787	2.758	2.780	3282576	9110564.00
2025/12/23	2.780	2.790	2.756	2.780	1851225	5135570.00
2025/12/24	2.780	2.860	2.761	2.858	2395746	6763703.00
2025/12/25	2.863	2.870	2.850	2.868	2701938	7733180.00
2025/12/26	2.868	2.878	2.851	2.873	1147811	3284339.00
2025/12/29	2.872	2.885	2.861	2.883	774346	2224866.00
2025/12/30	2.878	2.885	2.876	2.883	768049	2213399.00
2025/12/31	2.883	2.892	2.876	2.892	389540	1124681.00
2026/01/05	2.892	2.892	2.841	2.880	3126355	8969975.00
2026/01/06	2.880	2.894	2.865	2.894	753102	2171328.00
2026/01/07	2.894	2.950	2.882	2.933	4382707	12819348.00
2026/01/08	2.933	2.959	2.922	2.929	3331320	9801752.00
2026/01/09	2.921	2.948	2.920	2.944	2915841	8570271.00
2026/01/12	2.944	3.000	2.934	2.988	4456028	13314337.00
2026/01/13	2.988	3.028	2.976	2.997	3508417	10545936.00
2026/01/14	2.995	3.009	2.968	3.002	6822541	20389456.00
2026/01/15	2.998	2.998	2.944	2.976	5928131	17571488.00
2026/01/16	2.986	2.989	2.956	2.984	3242874	9646297.00
2026/01/19	2.983	2.999	2.966	2.978	6119333	18242968.00
2026/01/20	2.968	2.999	2.968	2.985	3687140	11017821.00
2026/01/21	2.998	2.998	2.964	2.988	4180080	12469578.00
2026/01/22	2.981	3.000	2.964	2.998	3052329	9091805.00
2026/01/23	2.994	2.994	2.948	2.970	5758799	17140306.00
2026/01/26	2.960	2.979	2.960	2.967	1541763	4574691.00
2026/01/27	2.962	2.975	2.940	2.953	2897375	8564372.00
2026/01/28	2.948	2.949	2.927	2.943	5021691	14767551.00
2026/01/29	2.940	2.987	2.934	2.982	3151787	9386880.00
2026/01/30	2.982	2.992	2.954	2.964	1980711	5877168.00
2026/02/02	2.953	2.977	2.932	2.944	2635009	7781575.00
2026/02/03	2.947	2.955	2.936	2.940	1424360	4187649.00
2026/02/04	2.937	2.937	2.910	2.915	2805631	8187416.00
2026/02/05	2.913	2.924	2.904	2.911	2631820	7667085.00
2026/02/06	2.915	2.915	2.886	2.888	3721087	10776204.00
2026/02/09	2.884	2.894	2.881	2.885	360251	1039719.00
2026/02/10	2.882	2.890	2.878	2.884	833519	2403514.00
2026/02/11	2.894	2.894	2.858	2.887	6315618	18145756.00
2026/02/12	2.875	2.881	2.866	2.879	1411099	4053383.00
2026/02/13	2.879	2.881	2.850	2.867	3505410	10029977.00
2026/02/24	2.862	2.872	2.847	2.850	2872552	8209122.00
2026/02/25	2.849	2.861	2.844	2.855	2846120	8113058.00
2026/02/26	2.850	2.855	2.840	2.850	761575	2166240.00
2026/02/27	2.846	2.857	2.846	2.853	689714	1967410.00
2026/03/02	2.850	2.857	2.841	2.852	811912	2312070.00
2026/03/03	2.846	2.859	2.844	2.856	589257	1681102.00
2026/03/04	2.855	2.855	2.835	2.843	1721636	4896199.00
2026/03/05	2.848	2.849	2.835	2.843	1146490	3258867.00
2026/03/06	2.845	2.845	2.825	2.836	999438	2830950.00
2026/03/09	2.834	2.839	2.783	2.796	3125172	8740372.00
2026/03/10	2.796	2.826	2.791	2.819	1497842	4214059.00
2026/03/11	2.802	2.824	2.802	2.818	1409206	3969721.00
2026/03/12	2.818	2.822	2.815	2.818	340442	959556.00
2026/03/13	2.817	2.836	2.815	2.831	1069873	3021682.00
2026/03/16	2.831	2.835	2.806	2.834	959268	2712524.00
2026/03/17	2.829	2.843	2.829	2.841	195543	555180.00
2026/03/18	2.841	2.841	2.796	2.813	3020675	8475078.00
2026/03/19	2.811	2.813	2.787	2.796	1830381	5116817.00
2026/03/20	2.796	2.802	2.750	2.784	2095771	5804022.00
2026/03/23	2.781	2.781	2.748	2.766	1612249	4442766.00
2026/03/24	2.760	2.786	2.744	2.783	392951	1089064.00
2026/04/03	2.761	2.782	2.754	2.778	1628031	4516409.00
#Ъ§ОнРДдД:ЭЈДяаХ
