508031 ЙњЬЉКЃЭЈГЧЭЖПэЭЅ ШеЯп ВЛИДШЈ
      ШеЦк	    ПЊХЬ	    зюИп	    зюЕЭ	    ЪеХЬ	    ГЩНЛСП	    ГЩНЛЖю
2024/01/12	3.050	3.061	2.706	3.048	43889139	131675496.00
2024/01/15	2.821	2.910	2.819	2.822	2947497	8409946.00
2024/01/16	2.798	2.900	2.690	2.861	3852042	10790211.00
2024/01/17	2.823	2.860	2.803	2.849	1610801	4564980.00
2024/01/18	2.840	2.840	2.810	2.818	1192196	3356277.00
2024/01/19	2.811	2.825	2.800	2.823	1100046	3095424.00
2024/01/22	2.811	2.811	2.770	2.801	2662649	7442062.00
2024/01/23	2.791	2.810	2.723	2.793	1793283	4992738.00
2024/01/24	2.790	2.793	2.750	2.774	1352307	3754110.00
2024/01/25	2.761	2.830	2.753	2.804	1538261	4286467.00
2024/01/26	2.803	2.820	2.790	2.817	736375	2063146.00
2024/01/29	2.817	2.818	2.799	2.813	513738	1442223.00
2024/01/30	2.800	2.840	2.800	2.808	719128	2025506.00
2024/01/31	2.803	2.810	2.784	2.804	758134	2123165.00
2024/02/01	2.789	2.802	2.779	2.800	231155	645626.00
2024/02/02	2.789	2.808	2.777	2.799	1040689	2910810.00
2024/02/05	2.789	2.803	2.750	2.795	1207659	3348290.00
2024/02/06	2.789	2.800	2.759	2.798	889045	2476850.00
2024/02/07	2.789	2.798	2.769	2.796	663943	1846194.00
2024/02/08	2.779	2.808	2.779	2.801	387061	1083684.00
2024/02/19	2.800	2.908	2.789	2.885	2350346	6705622.00
2024/02/20	2.870	2.923	2.831	2.849	3769411	10845639.00
2024/02/21	2.849	2.869	2.832	2.845	1052149	2994138.00
2024/02/22	2.841	2.855	2.833	2.841	779756	2217232.00
2024/02/23	2.841	3.000	2.841	2.990	6174806	18314996.00
2024/02/26	2.990	3.030	2.980	3.029	2630448	7923157.00
2024/02/27	3.029	3.030	2.987	2.998	4082400	12280642.00
2024/02/28	2.995	3.023	2.951	3.015	1975657	5929442.00
2024/02/29	2.999	3.047	2.979	3.007	2561313	7716931.00
2024/03/01	3.006	3.052	2.999	3.050	4372566	13283651.00
2024/03/04	3.050	3.059	3.040	3.054	11848046	36159520.00
2024/03/05	3.048	3.066	3.013	3.058	7531276	23028684.00
2024/03/06	3.054	3.063	3.021	3.053	2309601	7052413.00
2024/03/07	3.056	3.069	3.036	3.038	3879795	11832905.00
2024/03/08	3.037	3.058	3.024	3.053	1725312	5254575.00
2024/03/11	3.053	3.071	3.051	3.054	2534626	7753307.00
2024/03/12	3.054	3.063	3.047	3.058	2019501	6163424.00
2024/03/13	3.059	3.062	3.040	3.051	1687057	5144616.00
2024/03/14	3.040	3.058	3.040	3.054	1843132	5628580.00
2024/03/15	3.054	3.057	3.039	3.047	1443035	4399352.00
2024/03/18	3.040	3.046	3.021	3.040	1903620	5789292.00
2024/03/19	3.029	3.047	3.000	3.035	1011224	3064086.00
2024/03/20	3.035	3.044	3.019	3.030	579060	1754531.00
2024/03/21	3.019	3.034	2.980	2.980	547767	1649493.00
2024/03/22	2.989	2.989	2.965	2.985	339318	1008987.00
2024/03/25	2.970	2.985	2.970	2.976	270352	803805.00
2024/03/26	2.969	2.999	2.966	2.982	520072	1549627.00
2024/03/27	2.982	3.017	2.978	3.006	441433	1323992.00
2024/03/28	3.006	3.020	2.971	3.001	1433996	4304797.00
2024/03/29	2.999	3.003	2.963	3.000	94132	279571.00
2024/04/01	3.000	3.028	3.000	3.009	1714083	5171630.00
2024/04/02	3.007	3.007	2.971	2.996	740335	2209994.00
2024/04/03	2.996	3.005	2.984	2.996	1722811	5164108.00
2024/04/08	2.996	3.063	2.988	3.049	5037415	15313016.00
2024/04/09	3.045	3.053	3.043	3.043	1554798	4739254.00
2024/04/10	3.039	3.048	3.019	3.030	1726617	5230602.00
2024/04/11	3.030	3.049	3.010	3.021	2884773	8720645.00
2024/04/12	3.019	3.025	2.990	2.997	2812749	8443002.00
2024/04/15	2.990	3.014	2.963	2.991	4195844	12518777.00
2024/04/16	2.990	2.995	2.960	2.990	2660488	7944845.00
2024/04/17	2.976	3.021	2.976	3.006	2219034	6671073.00
2024/04/18	3.006	3.021	2.989	3.009	416874	1252723.00
2024/04/19	3.008	3.022	2.991	3.016	2349713	7062361.00
2024/04/22	3.016	3.016	2.986	3.000	4625187	13879338.00
2024/04/23	3.000	3.015	2.995	3.004	3636994	10928008.00
2024/04/24	2.998	3.036	2.981	3.015	2135688	6444401.00
2024/04/25	3.015	3.050	3.015	3.046	2997725	9127938.00
2024/04/26	3.047	3.076	3.041	3.050	9056008	27700490.00
2024/04/29	3.050	3.057	3.036	3.050	2035544	6206597.00
2024/04/30	3.050	3.063	3.037	3.044	1507946	4598271.00
2024/05/06	3.050	3.055	3.037	3.052	1426716	4352611.00
2024/05/07	3.052	3.075	3.036	3.073	1661452	5094402.00
2024/05/08	3.067	3.101	3.067	3.097	2410993	7451856.00
2024/05/09	3.085	3.121	3.085	3.120	2912714	9047592.00
2024/05/10	3.120	3.123	3.092	3.098	4103540	12738947.00
2024/05/13	3.092	3.174	3.079	3.126	1371238	4291009.00
2024/05/14	3.125	3.164	3.123	3.164	1781468	5626616.00
2024/05/15	3.158	3.173	3.141	3.163	536184	1695289.00
2024/05/16	3.168	3.199	3.147	3.173	822211	2614758.00
2024/05/17	3.173	3.199	3.158	3.165	623533	1978051.00
2024/05/20	3.167	3.185	3.157	3.176	719449	2277192.00
2024/05/21	3.179	3.181	3.156	3.174	507687	1610885.00
2024/05/22	3.173	3.186	2.990	3.160	1449457	4588440.00
2024/05/23	3.140	3.160	3.100	3.130	2745668	8584313.00
2024/05/24	3.108	3.180	3.106	3.165	966345	3057684.00
2024/05/27	3.165	3.182	3.153	3.159	715366	2263596.00
2024/05/28	3.141	3.178	3.141	3.158	876134	2771160.00
2024/05/29	3.158	3.180	3.130	3.142	1584576	4984260.00
2024/05/30	3.142	3.153	3.120	3.129	1528270	4785320.00
2024/05/31	3.138	3.155	3.134	3.154	309777	974953.00
2024/06/03	3.156	3.178	3.128	3.142	1594820	5010758.00
2024/06/04	3.140	3.160	3.124	3.160	750140	2361034.00
2024/06/05	3.163	3.172	3.140	3.159	458240	1445752.00
2024/06/06	3.158	3.168	3.153	3.158	576894	1822498.00
2024/06/07	3.170	3.170	3.129	3.160	2679955	8411639.00
2024/06/11	3.153	3.169	3.134	3.167	374885	1179679.00
2024/06/12	3.155	3.169	3.144	3.165	154265	487116.00
2024/06/13	3.153	3.178	3.153	3.160	1147508	3638527.00
2024/06/14	3.159	3.180	3.155	3.179	635428	2015913.00
2024/06/17	3.182	3.182	3.164	3.174	288145	913554.00
2024/06/18	3.163	3.200	3.163	3.199	315610	1003930.00
2024/06/19	3.199	3.206	3.195	3.196	673158	2155042.00
2024/06/20	3.203	3.208	3.183	3.208	311482	995594.00
2024/06/21	3.193	3.239	3.183	3.234	1092491	3514103.00
2024/06/24	3.232	3.267	3.230	3.256	550704	1790835.00
2024/06/25	3.255	3.286	3.255	3.274	650076	2129131.00
2024/06/26	3.274	3.280	3.256	3.274	703067	2296060.00
2024/06/27	3.280	3.362	3.263	3.355	1928160	6435127.00
2024/06/28	3.334	3.450	3.301	3.322	2471107	8227942.00
2024/07/01	3.314	3.338	3.314	3.329	995524	3310304.00
2024/07/02	3.309	3.382	3.309	3.353	1735864	5810159.00
2024/07/03	3.381	3.387	3.351	3.376	1422901	4800553.00
2024/07/04	3.387	3.394	3.350	3.376	733764	2472136.00
2024/07/05	3.381	3.394	3.376	3.387	611855	2073224.00
2024/07/08	3.398	3.398	3.316	3.339	2272820	7621940.00
2024/07/09	3.321	3.348	3.305	3.335	2107451	7017754.00
2024/07/10	3.317	3.382	3.311	3.380	1630232	5478117.00
2024/07/11	3.385	3.420	3.370	3.379	709311	2396321.00
2024/07/12	3.399	3.416	3.383	3.395	422728	1435279.00
2024/07/15	3.395	3.480	3.395	3.470	1296418	4438840.00
2024/07/16	3.469	3.507	3.432	3.452	2339521	8150527.00
2024/07/17	3.477	3.477	3.434	3.455	278843	960484.00
2024/07/18	3.454	3.470	3.437	3.464	920509	3175523.00
2024/07/19	3.460	3.463	3.439	3.447	1514613	5227113.00
2024/07/22	3.440	3.448	3.403	3.411	997141	3411697.00
2024/07/23	3.430	3.430	3.380	3.386	1167500	3957373.00
2024/07/24	3.390	3.396	3.376	3.379	928190	3140241.00
2024/07/25	3.355	3.446	3.355	3.396	266605	899991.00
2024/07/26	3.397	3.461	3.381	3.439	1078875	3705240.00
2024/07/29	3.430	3.459	3.420	3.426	481822	1655055.00
2024/07/30	3.426	3.450	3.410	3.444	535252	1840167.00
2024/07/31	3.449	3.464	3.439	3.444	393300	1355900.00
2024/08/01	3.432	3.465	3.425	3.431	359306	1234781.00
2024/08/02	3.447	3.452	3.431	3.442	407688	1403703.00
2024/08/05	3.449	3.500	3.435	3.470	605704	2093470.00
2024/08/06	3.470	3.520	3.470	3.512	646036	2261182.00
2024/08/07	3.500	3.600	3.500	3.599	474865	1700856.00
2024/08/08	3.598	3.685	3.590	3.592	1472604	5369572.00
2024/08/09	3.588	3.660	3.542	3.602	529946	1894004.00
2024/08/12	3.585	3.620	3.585	3.605	549876	1986035.00
2024/08/13	3.572	3.599	3.567	3.578	284440	1016439.00
2024/08/14	3.587	3.659	3.572	3.644	849613	3084140.00
2024/08/15	3.642	3.654	3.554	3.638	813739	2932416.00
2024/08/16	3.621	3.621	3.590	3.609	381477	1375095.00
2024/08/19	3.592	3.611	3.535	3.548	817440	2898637.00
2024/08/20	3.532	3.548	3.514	3.542	274157	967906.00
2024/08/21	3.545	3.545	3.482	3.501	464616	1629221.00
2024/08/22	3.483	3.515	3.465	3.504	1095851	3826587.00
2024/08/23	3.504	3.522	3.504	3.520	372930	1312409.00
2024/08/26	3.528	3.539	3.475	3.500	654619	2289092.00
2024/08/27	3.481	3.507	3.420	3.499	247018	860922.00
2024/08/28	3.481	3.499	3.466	3.490	518109	1807228.00
2024/08/29	3.498	3.550	3.425	3.479	1333076	4616356.00
2024/08/30	3.446	3.507	3.446	3.475	1515269	5261934.00
2024/09/02	3.475	3.509	3.445	3.500	855295	2986908.00
2024/09/03	3.514	3.514	3.467	3.478	862800	3002683.00
2024/09/04	3.465	3.490	3.461	3.485	462600	1608249.00
2024/09/05	3.496	3.521	3.481	3.507	352300	1234571.00
2024/09/06	3.499	3.557	3.499	3.537	559170	1973175.00
2024/09/09	3.537	3.566	3.516	3.529	348100	1227737.00
2024/09/10	3.514	3.530	3.477	3.499	781013	2732927.00
2024/09/11	3.499	3.499	3.446	3.477	847885	2935039.00
2024/09/12	3.467	3.508	3.457	3.477	474416	1651787.00
2024/09/13	3.474	3.504	3.458	3.483	477397	1656630.00
2024/09/18	3.461	3.500	3.461	3.492	609121	2126094.00
2024/09/19	3.439	3.442	3.322	3.376	1190100	4012912.00
2024/09/20	3.376	3.376	3.300	3.300	1000469	3326278.00
2024/09/23	3.293	3.330	3.278	3.328	843488	2790494.00
2024/09/24	3.311	3.360	3.310	3.353	627650	2097279.00
2024/09/25	3.340	3.378	3.332	3.378	659466	2220244.00
2024/09/26	3.390	3.420	3.365	3.407	333040	1128284.00
2024/09/27	3.407	3.430	3.406	3.408	255719	872318.00
2024/09/30	3.394	3.400	3.244	3.335	1529336	5061017.00
2024/10/08	3.309	3.323	3.250	3.292	1254594	4110646.00
2024/10/09	3.290	3.292	3.232	3.249	616322	2007668.00
2024/10/10	3.241	3.289	3.206	3.287	827032	2684728.00
2024/10/11	3.286	3.320	3.238	3.297	1225354	4021723.00
2024/10/14	3.293	3.302	3.248	3.260	1033288	3373006.00
2024/10/15	3.240	3.248	3.185	3.199	1675641	5391017.00
2024/10/16	3.190	3.200	3.157	3.176	2215889	7034064.00
2024/10/17	3.159	3.225	3.159	3.202	826933	2643112.00
2024/10/18	3.204	3.300	3.202	3.240	1653665	5369839.00
2024/10/21	3.255	3.273	3.217	3.249	470152	1519330.00
2024/10/22	3.249	3.255	3.224	3.251	783400	2539178.00
2024/10/23	3.254	3.262	3.240	3.242	118892	386056.00
2024/10/24	3.239	3.263	3.216	3.216	452700	1460959.00
2024/10/25	3.216	3.244	3.216	3.244	655310	2120025.00
2024/10/28	3.238	3.257	3.215	3.245	550948	1778192.00
2024/10/29	3.231	3.258	3.230	3.248	1633676	5308088.00
2024/10/30	3.248	3.258	3.217	3.221	727188	2343648.00
2024/10/31	3.231	3.231	3.206	3.218	524500	1686944.00
2024/11/01	3.223	3.230	3.200	3.225	1210157	3899363.00
2024/11/04	3.231	3.258	3.226	3.246	872988	2828282.00
2024/11/05	3.255	3.298	3.246	3.296	1773621	5811296.00
2024/11/06	3.296	3.335	3.286	3.330	1643981	5450422.00
2024/11/07	3.330	3.350	3.310	3.335	1178487	3920508.00
2024/11/08	3.319	3.363	3.319	3.356	2533349	8480663.00
2024/11/11	3.370	3.420	3.370	3.415	2873820	9754035.00
2024/11/12	3.421	3.435	3.417	3.419	4417156	15112546.00
2024/11/13	3.417	3.437	3.403	3.410	1414405	4824915.00
2024/11/14	3.412	3.412	3.386	3.389	1686176	5716163.00
2024/11/15	3.395	3.491	3.305	3.377	1782988	6018459.00
2024/11/18	3.376	3.453	3.361	3.421	347638	1176632.00
2024/11/19	3.410	3.488	3.391	3.398	454176	1545746.00
2024/11/20	3.420	3.420	3.371	3.402	903252	3069716.00
2024/11/21	3.393	3.415	3.354	3.373	379945	1281676.00
2024/11/22	3.366	3.400	3.366	3.389	903754	3059975.00
2024/11/25	3.389	3.390	3.340	3.382	1070242	3600863.00
2024/11/26	3.386	3.398	3.380	3.385	2255546	7638868.00
2024/11/27	3.370	3.397	3.353	3.390	123576	417990.00
2024/11/28	3.381	3.401	3.373	3.380	75100	253697.00
2024/11/29	3.371	3.385	3.371	3.383	700768	2368055.00
2024/12/02	3.404	3.404	3.360	3.377	943600	3188166.00
2024/12/03	3.375	3.400	3.356	3.395	2222928	7493982.00
2024/12/04	3.386	3.394	3.368	3.374	1379483	4653203.00
2024/12/05	3.353	3.380	3.348	3.372	722500	2433142.00
2024/12/06	3.380	3.380	3.361	3.370	474825	1602038.00
2024/12/09	3.369	3.389	3.350	3.370	6426437	21654228.00
2024/12/10	3.375	3.499	3.375	3.457	14801540	50956532.00
2024/12/11	3.455	3.530	3.455	3.500	6095590	21332960.00
2024/12/12	3.488	3.542	3.471	3.480	8493462	29722580.00
2024/12/13	3.475	3.548	3.466	3.500	1672688	5866003.00
2024/12/16	3.487	3.842	3.487	3.666	6061652	21916116.00
2024/12/17	3.666	3.842	3.525	3.677	3116886	11588307.00
2024/12/18	3.677	3.751	3.603	3.674	1786666	6472703.00
2024/12/19	3.657	3.669	3.602	3.656	1948864	7088651.00
2024/12/20	3.610	3.987	3.610	3.693	2223400	8224817.00
2024/12/23	3.690	3.750	3.681	3.749	2621012	9754508.00
2024/12/24	3.749	3.776	3.703	3.708	2005277	7454771.00
2024/12/25	3.680	3.708	3.667	3.679	1346515	4953066.00
2024/12/26	3.621	3.749	3.621	3.680	246300	905566.00
2024/12/27	3.627	3.709	3.627	3.700	1116993	4124762.00
2024/12/30	3.691	3.710	3.651	3.657	765988	2820038.00
2024/12/31	3.621	3.699	3.590	3.618	1020504	3713133.00
2025/01/02	3.618	3.778	3.618	3.759	1937125	7145488.00
2025/01/03	3.759	3.948	3.759	3.847	2383257	9178554.00
2025/01/06	3.829	3.895	3.476	3.868	2282300	8783833.00
2025/01/07	3.778	3.858	3.751	3.836	1681602	6374671.00
2025/01/08	3.745	3.900	3.745	3.879	3187205	12306454.00
2025/01/09	3.880	3.916	3.801	3.901	1150126	4474740.00
2025/01/10	3.805	3.984	3.805	3.911	2176800	8553801.00
2025/01/13	3.824	3.930	3.824	3.884	4352053	17009970.00
2025/01/14	3.866	3.878	3.814	3.839	1093988	4188401.00
2025/01/15	3.830	3.866	3.772	3.821	3462500	13321601.00
2025/01/16	3.813	3.843	3.812	3.813	2737100	10472030.00
2025/01/17	3.829	3.829	3.776	3.800	1024600	3899107.00
2025/01/20	3.800	4.099	3.793	3.827	2905176	11091804.00
2025/01/21	3.829	3.855	3.816	3.832	5756903	22134100.00
2025/01/22	3.820	3.862	3.800	3.835	3799064	14534754.00
2025/01/23	3.845	3.883	3.800	3.868	1753782	6765549.00
2025/01/24	3.860	3.895	3.832	3.868	2669576	10337651.00
2025/01/27	3.850	3.959	3.850	3.920	737756	2882242.00
2025/02/05	3.922	3.931	3.850	3.920	1089457	4273060.00
2025/02/06	3.937	4.095	3.937	4.015	1265884	5082176.00
2025/02/07	4.000	4.036	3.963	4.000	1033044	4125828.00
2025/02/10	4.000	4.100	3.982	4.097	916137	3685836.00
2025/02/11	4.097	4.270	4.017	4.100	2911013	12094541.00
2025/02/12	4.101	4.178	4.042	4.169	3406476	13914507.00
2025/02/13	4.162	4.162	4.039	4.045	1474169	6017618.00
2025/02/14	4.000	4.037	3.970	3.983	2884675	11524307.00
2025/02/17	3.983	3.987	3.925	3.963	2838684	11279061.00
2025/02/18	3.963	3.995	3.898	3.906	2769588	10919188.00
2025/02/19	3.888	3.970	3.888	3.952	4710088	18538744.00
2025/02/20	3.952	3.999	3.921	3.997	4763735	18868216.00
2025/02/21	3.958	4.033	3.956	3.985	2589755	10352122.00
2025/02/24	3.984	3.984	3.920	3.970	7003472	27744012.00
2025/02/25	3.969	3.983	3.868	3.899	4168155	16338957.00
2025/02/26	3.804	3.950	3.804	3.935	1888900	7414928.00
2025/02/27	3.927	3.937	3.889	3.923	1111800	4367476.00
2025/02/28	3.923	3.923	3.845	3.885	1070700	4153682.00
2025/03/03	3.885	3.950	3.885	3.927	3967800	15573080.00
2025/03/04	4.000	4.014	3.927	3.980	5198928	20686756.00
2025/03/05	3.980	4.000	3.960	3.976	1004240	4001990.00
2025/03/06	3.939	3.998	3.908	3.939	2069564	8144490.00
2025/03/07	3.929	3.992	3.800	3.900	3050600	11911453.00
2025/03/10	3.908	3.927	3.890	3.907	1807800	7057528.00
2025/03/11	3.903	3.912	3.833	3.912	2019488	7854365.00
2025/03/12	3.815	3.935	3.815	3.898	3695600	14301230.00
2025/03/13	3.880	3.918	3.866	3.917	1074764	4186673.00
2025/03/14	3.917	3.917	3.866	3.897	2958788	11501703.00
2025/03/17	3.820	3.896	3.820	3.872	694700	2692334.00
2025/03/18	3.855	3.885	3.855	3.875	177300	687372.00
2025/03/19	3.892	3.916	3.874	3.916	535436	2085560.00
2025/03/20	3.916	3.955	3.916	3.940	754462	2971329.00
2025/03/21	3.955	3.955	3.919	3.933	735188	2893096.00
2025/03/24	3.940	3.955	3.916	3.920	1478081	5816436.00
2025/03/25	3.937	3.943	3.920	3.934	1621288	6373088.00
2025/03/26	3.920	3.964	3.920	3.949	972600	3827182.00
2025/03/27	3.962	3.990	3.951	3.990	532025	2113418.00
2025/03/28	3.999	4.043	3.990	4.043	1403693	5650067.00
2025/03/31	4.039	4.082	3.971	3.984	1188888	4788519.00
2025/04/01	3.984	3.987	3.946	3.968	1055000	4182551.00
2025/04/02	3.951	3.990	3.951	3.990	421157	1675185.00
2025/04/03	3.990	4.342	3.990	4.080	2749130	11189757.00
2025/04/07	4.120	4.250	4.111	4.161	2108227	8780824.00
2025/04/08	4.161	4.170	4.079	4.162	1114152	4619943.00
2025/04/09	4.162	4.170	4.001	4.114	4198166	16955030.00
2025/04/10	4.099	4.099	4.005	4.058	4398600	17830896.00
2025/04/11	4.056	4.079	4.040	4.059	4223588	17123832.00
2025/04/14	4.058	4.097	4.038	4.094	2481864	10086211.00
2025/04/15	4.094	4.177	4.070	4.153	1755083	7277110.00
2025/04/16	4.153	4.178	4.141	4.158	1256400	5222889.00
2025/04/17	4.158	4.240	4.158	4.224	2056800	8653880.00
2025/04/18	4.228	4.285	4.149	4.152	2369074	9938979.00
2025/04/21	4.167	4.167	4.110	4.129	1919720	7909295.00
2025/04/22	4.140	4.163	4.096	4.122	1248800	5160935.00
2025/04/23	4.138	4.157	4.083	4.091	2399988	9878069.00
2025/04/24	4.106	4.106	4.060	4.070	953188	3882026.00
2025/04/25	4.016	4.022	3.958	3.989	570600	2274413.00
2025/04/28	3.980	3.990	3.960	3.986	1618764	6449118.00
2025/04/29	3.994	4.048	3.994	4.002	3181400	12754612.00
2025/04/30	3.988	4.033	3.973	4.002	2346264	9389158.00
2025/05/06	3.988	4.028	3.973	4.019	543788	2179099.00
2025/05/07	4.015	4.037	3.988	4.024	2213950	8899899.00
2025/05/08	4.022	4.028	3.990	4.024	1629488	6543847.00
2025/05/09	4.024	4.069	4.024	4.032	2283200	9222847.00
2025/05/12	4.036	4.055	4.000	4.051	1960028	7911765.00
2025/05/13	4.051	4.064	4.034	4.058	2347088	9512555.00
2025/05/14	4.063	4.069	4.050	4.058	2958100	12017958.00
2025/05/15	4.048	4.072	4.048	4.054	2336200	9500217.00
2025/05/16	4.060	4.080	4.040	4.071	2350700	9571888.00
2025/05/19	4.071	4.155	4.071	4.150	3802904	15644210.00
2025/05/20	4.166	4.237	4.150	4.203	4239288	17775450.00
2025/05/21	4.203	4.293	4.203	4.253	1518500	6452234.00
2025/05/22	4.250	4.306	4.250	4.290	1834000	7847375.00
2025/05/23	4.290	4.330	4.222	4.259	5319060	22745124.00
2025/05/26	4.232	4.310	4.232	4.294	991288	4249250.00
2025/05/27	4.309	4.313	4.242	4.291	1310464	5620638.00
2025/05/28	4.274	4.300	4.255	4.290	1011536	4335382.00
2025/05/29	4.290	4.292	4.240	4.289	1911800	8141082.00
2025/05/30	4.289	4.333	4.271	4.298	915469	3942244.00
2025/06/03	4.299	4.301	4.262	4.285	742525	3177554.00
2025/06/04	4.276	4.300	4.242	4.292	759888	3242929.00
2025/06/05	4.291	4.330	4.285	4.327	1003676	4323030.00
2025/06/06	4.325	4.325	4.269	4.269	2043900	8756649.00
2025/06/09	4.273	4.273	4.167	4.192	3485500	14658019.00
2025/06/10	4.192	4.214	4.175	4.209	2412600	10142907.00
2025/06/11	4.209	4.227	4.195	4.216	3444437	14514600.00
2025/06/12	4.202	4.250	4.200	4.250	3702680	15671643.00
2025/06/13	4.252	4.267	4.199	4.258	11061800	46908936.00
2025/06/16	4.258	4.264	4.241	4.254	2515900	10699923.00
2025/06/17	4.268	4.268	4.227	4.257	3811600	16197029.00
2025/06/18	4.259	4.297	4.246	4.291	4028081	17222846.00
2025/06/19	4.299	4.326	4.260	4.280	2619000	11207694.00
2025/06/20	4.297	4.403	4.261	4.310	6274535	27267094.00
2025/06/23	4.327	4.355	4.301	4.325	4480219	19399936.00
2025/06/24	4.340	4.340	4.274	4.335	4211820	18139200.00
2025/06/25	4.346	4.363	4.270	4.345	1918364	8316613.00
2025/06/26	4.352	4.361	4.297	4.323	2913500	12599944.00
2025/06/27	4.306	4.322	4.252	4.275	3452300	14745909.00
2025/06/30	4.275	4.359	4.216	4.272	835606	3569202.00
2025/07/01	4.291	4.291	4.209	4.234	1048779	4430447.00
2025/07/02	4.236	4.300	4.217	4.284	3092988	13237567.00
2025/07/03	4.282	4.306	4.231	4.255	1209900	5162490.00
2025/07/04	4.255	4.269	4.221	4.238	1241200	5269880.00
2025/07/07	4.230	4.240	4.215	4.227	306400	1295723.00
2025/07/08	4.243	4.243	4.160	4.186	986600	4153236.00
2025/07/09	4.203	4.204	4.167	4.188	1387800	5796659.00
2025/07/10	4.201	4.236	4.179	4.194	916076	3857607.00
2025/07/11	4.200	4.200	4.125	4.168	1238750	5140984.00
2025/07/14	4.168	4.185	4.132	4.140	1447200	5999768.00
2025/07/15	4.132	4.220	4.125	4.207	1348716	5645557.00
2025/07/16	4.220	4.220	4.182	4.214	2788788	11715013.00
2025/07/17	4.213	4.233	4.195	4.219	3681316	15482837.00
2025/07/18	4.219	4.219	4.183	4.192	1437309	6034198.00
2025/07/21	4.210	4.210	4.178	4.189	1758400	7370546.00
2025/07/22	4.189	4.202	4.084	4.124	3376288	13984956.00
2025/07/23	4.125	4.125	4.034	4.097	3893735	15773010.00
2025/07/24	4.103	4.103	4.043	4.050	2474440	10039775.00
2025/07/25	4.043	4.050	4.010	4.042	2927883	11824365.00
2025/07/28	4.026	4.096	4.024	4.050	2201488	8934924.00
2025/07/29	4.064	4.064	4.000	4.048	2393200	9643742.00
2025/07/30	4.040	4.080	4.024	4.076	3875288	15719263.00
2025/07/31	4.080	4.209	4.080	4.203	8588588	35705356.00
2025/08/01	4.204	4.234	4.190	4.203	2946100	12390082.00
2025/08/04	4.190	4.232	4.148	4.180	1242700	5212973.00
2025/08/05	4.163	4.176	4.111	4.155	1026681	4247387.00
2025/08/06	4.138	4.189	4.100	4.187	1924400	8037882.00
2025/08/07	4.200	4.308	4.200	4.290	9745569	41767000.00
2025/08/08	4.277	4.300	4.240	4.282	2693200	11526560.00
2025/08/11	4.294	4.299	4.198	4.225	5125388	21706796.00
2025/08/12	4.206	4.231	4.195	4.197	1302569	5476870.00
2025/08/13	4.195	4.195	4.138	4.182	741288	3093742.00
2025/08/14	4.177	4.182	4.146	4.160	1130200	4692914.00
2025/08/15	4.169	4.169	4.118	4.121	728588	3008141.00
2025/08/18	4.105	4.125	4.005	4.105	2392900	9630902.00
2025/08/19	4.086	4.086	4.027	4.054	1575707	6390753.00
2025/08/20	4.030	4.105	4.027	4.062	2793200	11388790.00
2025/08/21	4.065	4.088	4.050	4.062	4360400	17712080.00
2025/08/22	4.074	4.079	4.039	4.052	2077471	8427866.00
2025/08/25	4.049	4.063	4.040	4.040	2447000	9911562.00
2025/08/26	4.040	4.103	4.040	4.090	4156700	16998652.00
2025/08/27	4.100	4.125	4.048	4.079	3400000	13921733.00
2025/08/28	4.061	4.142	4.061	4.079	2064776	8427688.00
2025/08/29	4.086	4.090	4.069	4.081	2787881	11369410.00
2025/09/01	4.062	4.103	4.062	4.082	1537200	6275077.00
2025/09/02	4.106	4.110	4.076	4.090	1522700	6242290.00
2025/09/03	4.062	4.121	4.021	4.120	1511900	6214445.00
2025/09/04	4.120	4.229	4.101	4.183	1426633	5976556.00
2025/09/05	4.164	4.199	4.120	4.146	1940525	8038859.00
2025/09/08	4.127	4.127	4.097	4.116	1498288	6167662.00
2025/09/09	4.117	4.143	4.071	4.110	2434576	9964481.00
2025/09/10	4.085	4.138	4.070	4.096	3115200	12734757.00
2025/09/11	4.069	4.094	4.069	4.073	1342088	5469679.00
2025/09/12	4.066	4.130	4.066	4.108	879388	3607559.00
2025/09/15	4.083	4.157	4.070	4.148	905772	3725754.00
2025/09/16	4.123	4.162	4.098	4.148	1843371	7635493.00
2025/09/17	4.123	4.160	4.116	4.133	654876	2706613.00
2025/09/18	4.120	4.147	4.110	4.111	1511078	6235123.00
2025/09/19	4.128	4.152	4.111	4.126	1721800	7118432.00
2025/09/22	4.144	4.144	4.088	4.100	3551000	14559819.00
2025/09/23	4.053	4.053	4.004	4.020	1593600	6401801.00
2025/09/24	3.997	4.019	3.996	4.005	992700	3975315.00
2025/09/25	4.005	4.100	3.991	4.002	763400	3058063.00
2025/09/26	4.000	4.010	3.995	4.002	750300	3001772.00
2025/09/29	4.002	4.002	3.960	3.977	1429200	5676563.00
2025/09/30	3.981	3.987	3.962	3.970	753300	2992709.00
2025/10/09	3.970	3.970	3.946	3.962	374256	1482566.00
2025/10/10	3.962	4.008	3.960	3.976	2454669	9758188.00
2025/10/13	3.962	4.001	3.952	3.970	1745600	6932055.00
2025/10/14	3.973	3.975	3.942	3.949	3886400	15348490.00
2025/10/15	3.945	3.950	3.900	3.936	1960200	7690723.00
2025/10/16	3.936	3.956	3.911	3.918	1333400	5245898.00
2025/10/17	3.894	3.938	3.878	3.900	1220400	4760836.00
2025/10/20	3.900	3.941	3.827	3.864	605488	2341720.00
2025/10/21	3.875	3.875	3.824	3.845	1268776	4876218.00
2025/10/22	3.858	3.866	3.808	3.848	2686500	10323499.00
2025/10/23	3.849	3.857	3.812	3.842	2401688	9199325.00
2025/10/24	3.842	3.871	3.825	3.860	3596313	13850915.00
2025/10/27	3.860	3.870	3.822	3.870	1301381	4990409.00
2025/10/28	3.869	3.949	3.867	3.941	4428088	17328136.00
2025/10/29	3.951	3.963	3.896	3.938	6162840	24196760.00
2025/10/30	3.937	3.945	3.914	3.940	3384788	13333952.00
2025/10/31	3.924	3.953	3.921	3.940	2060076	8107665.00
2025/11/03	3.957	3.957	3.901	3.942	1673588	6581856.00
2025/11/04	3.924	3.932	3.858	3.925	1413300	5505935.00
2025/11/05	3.938	3.939	3.868	3.902	2526888	9852792.00
2025/11/06	3.902	3.924	3.870	3.916	1502500	5885074.00
2025/11/07	3.916	3.938	3.902	3.930	2099288	8242965.00
2025/11/10	3.930	3.953	3.909	3.950	3544200	13980447.00
2025/11/11	3.966	3.988	3.910	3.960	3113400	12331168.00
2025/11/12	3.961	3.972	3.939	3.940	1829400	7242830.00
2025/11/13	3.922	3.964	3.922	3.940	2094800	8237349.00
2025/11/14	3.947	3.999	3.900	3.960	4182370	16545619.00
2025/11/17	3.974	3.983	3.947	3.960	948470	3754981.00
2025/11/18	3.955	3.984	3.955	3.969	2236957	8873296.00
2025/11/19	3.969	3.975	3.933	3.957	411200	1626452.00
2025/11/20	3.937	3.956	3.934	3.951	314788	1242846.00
2025/11/21	3.975	3.975	3.902	3.923	2441600	9561720.00
2025/11/24	3.939	3.939	3.880	3.885	2478988	9638912.00
2025/11/25	3.900	3.900	3.846	3.877	4259876	16479722.00
2025/11/26	3.865	3.887	3.865	3.870	6405600	24838700.00
2025/11/27	3.866	3.876	3.850	3.860	3137043	12128558.00
2025/11/28	3.855	3.875	3.855	3.869	2643888	10203881.00
2025/12/01	3.852	3.883	3.829	3.848	3895888	15038802.00
2025/12/02	3.864	3.864	3.847	3.862	677273	2611678.00
2025/12/03	3.861	3.885	3.849	3.885	1095900	4247172.00
2025/12/04	3.865	3.898	3.844	3.882	1464755	5672278.00
2025/12/05	3.859	3.920	3.843	3.900	2834700	10966179.00
2025/12/08	3.882	3.916	3.867	3.874	763600	2964068.00
2025/12/09	3.851	3.900	3.843	3.877	545800	2104219.00
2025/12/10	3.898	3.900	3.830	3.890	2351700	9115134.00
2025/12/11	3.872	3.898	3.872	3.895	583700	2267705.00
2025/12/12	3.897	3.912	3.880	3.899	489800	1907461.00
2025/12/15	3.867	3.881	3.846	3.860	878000	3388474.00
2025/12/16	3.842	3.860	3.821	3.844	817400	3139545.00
2025/12/17	3.838	3.875	3.795	3.798	1043500	3979503.00
2025/12/18	3.766	3.810	3.766	3.790	2331998	8840422.00
2025/12/19	3.782	3.809	3.730	3.784	3473400	13105323.00
2025/12/22	3.784	3.799	3.770	3.783	4282300	16194015.00
2025/12/23	3.821	3.821	3.734	3.779	2484108	9326284.00
2025/12/24	3.762	3.918	3.748	3.855	2113014	8139428.00
2025/12/25	3.847	3.900	3.829	3.899	2413540	9358512.00
2025/12/26	3.859	3.900	3.858	3.883	730700	2833795.00
2025/12/29	3.844	3.890	3.844	3.885	873976	3387120.00
2025/12/30	3.900	3.900	3.860	3.880	471943	1830362.00
2025/12/31	3.884	3.908	3.839	3.890	2230600	8646628.00
2026/01/05	3.900	3.911	3.865	3.900	3736209	14561375.00
2026/01/06	3.900	3.915	3.885	3.915	9495500	37037964.00
2026/01/07	3.910	3.923	3.881	3.918	5568500	21726988.00
2026/01/08	3.900	3.918	3.871	3.887	4859235	18902012.00
2026/01/09	3.869	3.899	3.848	3.872	2515600	9747827.00
2026/01/12	3.870	3.880	3.829	3.875	1774296	6842076.00
2026/01/13	3.899	3.899	3.796	3.880	2431188	9338560.00
2026/01/14	3.826	3.885	3.826	3.880	1020688	3950570.00
2026/01/15	3.880	3.880	3.817	3.877	1723200	6648516.00
2026/01/16	3.859	3.877	3.840	3.874	1117700	4314146.00
2026/01/19	3.856	3.879	3.851	3.867	1684525	6511024.00
2026/01/20	3.867	3.899	3.849	3.888	2268973	8803260.00
2026/01/21	3.900	3.902	3.863	3.889	2093100	8154746.00
2026/01/22	3.885	3.954	3.869	3.920	1820322	7166816.00
2026/01/23	3.936	3.973	3.896	3.957	3954792	15581957.00
2026/01/26	3.933	3.972	3.930	3.940	2378769	9390993.00
2026/01/27	3.952	3.952	3.917	3.949	2383322	9383806.00
2026/01/28	3.936	3.974	3.933	3.974	1976922	7809078.00
2026/01/29	3.974	4.010	3.951	4.001	2067384	8224090.00
2026/01/30	3.999	4.010	3.970	3.979	617200	2457877.00
2026/02/02	3.963	3.966	3.905	3.937	594839	2336870.00
2026/02/03	3.921	3.949	3.921	3.939	1031082	4061919.00
2026/02/04	3.933	3.948	3.908	3.940	712952	2807035.00
2026/02/05	3.943	3.943	3.901	3.917	675200	2641854.00
2026/02/06	3.899	3.917	3.888	3.903	529500	2064839.00
2026/02/09	3.903	3.915	3.881	3.900	264600	1029804.00
2026/02/10	3.885	3.929	3.881	3.923	483164	1885030.00
2026/02/11	3.916	3.967	3.882	3.931	1363300	5355974.00
2026/02/12	3.932	3.932	3.892	3.910	1074000	4190606.00
2026/02/13	3.910	3.937	3.889	3.930	412907	1616938.00
2026/02/24	3.945	3.945	3.894	3.913	472481	1848131.00
2026/02/25	3.899	3.919	3.899	3.911	414318	1620523.00
2026/02/26	3.913	3.919	3.877	3.890	497088	1932133.00
2026/02/27	3.891	3.909	3.823	3.869	1370700	5301400.00
2026/03/02	3.869	3.869	3.789	3.837	2652795	10151495.00
2026/03/03	3.819	3.867	3.818	3.843	2642175	10163890.00
2026/03/04	3.849	3.854	3.830	3.847	600700	2302246.00
2026/03/05	3.830	3.860	3.806	3.833	1247100	4785092.00
2026/03/06	3.833	3.833	3.790	3.815	1196388	4553617.00
2026/03/09	3.787	3.819	3.759	3.804	1122000	4260087.00
2026/03/10	3.804	3.832	3.787	3.820	1760276	6721739.00
2026/03/11	3.803	3.835	3.787	3.808	1499700	5689343.00
2026/03/12	3.808	3.829	3.784	3.799	902200	3427775.00
2026/03/13	3.785	3.810	3.750	3.774	2209300	8339083.00
2026/03/16	3.774	3.774	3.720	3.735	1255000	4686008.00
2026/03/17	3.719	3.760	3.715	3.736	1436356	5369436.00
2026/03/18	3.728	3.772	3.710	3.771	1095700	4099516.00
2026/03/19	3.754	3.789	3.748	3.785	545510	2054487.00
2026/03/20	3.785	3.802	3.767	3.786	811488	3080575.00
2026/03/23	3.771	3.772	3.718	3.755	2441169	9138276.00
2026/03/24	3.770	3.778	3.728	3.778	708891	2656115.00
2026/04/03	3.773	3.817	3.751	3.816	1296076	4922013.00
#Ъ§ОнРДдД:ЭЈДяаХ
