508098 МЮЪЕОЉЖЋВжДЂЛљДЁ ШеЯп ВЛИДШЈ
      ШеЦк	    ПЊХЬ	    зюИп	    зюЕЭ	    ЪеХЬ	    ГЩНЛСП	    ГЩНЛЖю
2023/02/08	3.862	4.000	3.845	3.923	49620561	193031600.00
2023/02/09	3.917	3.952	3.890	3.942	8262884	32423618.00
2023/02/10	3.945	4.076	3.945	4.025	12434506	50043756.00
2023/02/13	4.025	4.082	4.018	4.039	6037981	24452832.00
2023/02/14	4.041	4.117	4.041	4.104	7165664	29208560.00
2023/02/15	4.113	4.238	4.113	4.184	10672861	44582492.00
2023/02/16	4.189	4.235	4.114	4.151	7906768	32968156.00
2023/02/17	4.150	4.151	4.080	4.118	7019797	28850500.00
2023/02/20	4.108	4.146	4.090	4.144	4532352	18672738.00
2023/02/21	4.144	4.181	4.134	4.169	3882305	16181010.00
2023/02/22	4.169	4.187	4.150	4.162	3865864	16132618.00
2023/02/23	4.162	4.176	4.125	4.154	2969339	12323591.00
2023/02/24	4.154	4.154	4.133	4.140	1643604	6802969.00
2023/02/27	4.140	4.147	4.130	4.135	1822383	7545498.00
2023/02/28	4.135	4.135	4.120	4.125	2129298	8784946.00
2023/03/01	4.123	4.133	4.096	4.110	2665168	10947698.00
2023/03/02	4.108	4.108	4.092	4.102	1879639	7708196.00
2023/03/03	4.100	4.106	4.054	4.092	3042242	12407390.00
2023/03/06	4.080	4.090	4.071	4.085	1919044	7833887.00
2023/03/07	4.084	4.098	4.080	4.093	1165303	4766663.00
2023/03/08	4.094	4.109	4.094	4.106	1274895	5229338.00
2023/03/09	4.107	4.110	4.092	4.098	852972	3495434.00
2023/03/10	4.098	4.100	4.080	4.100	1909220	7803552.00
2023/03/13	4.099	4.109	4.080	4.100	2512696	10301501.00
2023/03/14	4.100	4.100	4.080	4.084	2161382	8835968.00
2023/03/15	4.082	4.097	4.074	4.079	1455013	5935980.00
2023/03/16	4.079	4.082	4.050	4.066	2770959	11255871.00
2023/03/17	4.075	4.078	4.050	4.070	2042578	8307537.00
2023/03/20	4.071	4.071	4.056	4.059	748664	3040017.00
2023/03/21	4.059	4.067	4.049	4.064	1637942	6641918.00
2023/03/22	4.060	4.067	4.051	4.066	1826107	7408462.00
2023/03/23	4.067	4.067	4.052	4.062	1815836	7373220.00
2023/03/24	4.060	4.062	4.049	4.060	1273211	5161558.00
2023/03/27	4.062	4.068	4.054	4.060	645082	2618376.00
2023/03/28	4.059	4.066	4.046	4.059	1145928	4647759.00
2023/03/29	4.059	4.059	4.011	4.029	812031	3270940.00
2023/03/30	4.019	4.025	4.010	4.015	905739	3637430.00
2023/03/31	4.015	4.030	4.011	4.022	1462998	5885857.00
2023/04/03	4.022	4.023	4.000	4.011	1799771	7224942.00
2023/04/04	4.010	4.010	3.971	3.985	1510157	6019496.00
2023/04/06	3.987	3.988	3.907	3.927	3561207	13977792.00
2023/04/07	3.924	3.944	3.910	3.931	1726082	6782794.00
2023/04/10	3.930	3.942	3.920	3.934	1623585	6390308.00
2023/04/11	3.934	3.947	3.930	3.938	939732	3700516.00
2023/04/12	3.941	3.948	3.939	3.945	516784	2037688.00
2023/04/13	3.945	3.945	3.928	3.941	1056543	4161090.00
2023/04/14	3.938	3.956	3.920	3.954	1137008	4470471.00
2023/04/17	3.955	3.969	3.933	3.966	1178610	4655373.00
2023/04/18	3.967	3.997	3.962	3.989	1073606	4280302.00
2023/04/19	3.980	3.998	3.950	3.968	1216476	4828472.00
2023/04/20	3.968	3.976	3.949	3.967	927915	3677603.00
2023/04/21	3.965	3.975	3.933	3.935	604505	2384713.00
2023/04/24	3.935	3.967	3.934	3.947	681616	2689333.00
2023/04/25	3.936	3.947	3.912	3.935	714092	2804419.00
2023/04/26	3.935	3.941	3.913	3.918	492265	1932192.00
2023/04/27	3.915	3.919	3.900	3.907	254098	992239.00
2023/04/28	3.907	3.920	3.900	3.920	640531	2505375.00
2023/05/04	3.926	3.926	3.891	3.894	611359	2385163.00
2023/05/05	3.906	3.906	3.888	3.891	368571	1434676.00
2023/05/08	3.891	3.915	3.869	3.872	584524	2271242.00
2023/05/09	3.871	3.871	3.832	3.838	974656	3742567.00
2023/05/10	3.825	3.925	3.806	3.924	2101337	8156812.00
2023/05/11	3.926	3.946	3.912	3.925	495860	1945723.00
2023/05/12	3.925	3.930	3.909	3.919	679498	2665646.00
2023/05/15	3.919	3.919	3.860	3.900	791896	3077317.00
2023/05/16	3.900	3.928	3.866	3.920	533083	2077326.00
2023/05/17	3.925	3.946	3.908	3.914	901026	3537055.00
2023/05/18	3.916	3.924	3.886	3.916	521745	2037035.00
2023/05/19	3.915	3.916	3.895	3.907	170212	664354.00
2023/05/22	3.906	3.927	3.861	3.898	1343332	5230613.00
2023/05/23	3.898	3.898	3.870	3.880	906227	3519173.00
2023/05/24	3.880	3.882	3.841	3.873	670043	2586899.00
2023/05/25	3.872	3.872	3.837	3.852	985655	3794169.00
2023/05/26	3.852	3.871	3.826	3.854	262500	1011564.00
2023/05/29	3.850	3.850	3.830	3.831	599996	2301854.00
2023/05/30	3.835	3.849	3.788	3.800	969818	3689524.00
2023/05/31	3.799	3.799	3.722	3.730	737936	2756390.00
2023/06/01	3.730	3.753	3.700	3.709	919484	3433529.00
2023/06/02	3.709	3.735	3.694	3.731	659482	2441935.00
2023/06/05	3.731	3.731	3.667	3.680	1162502	4281543.00
2023/06/06	3.677	3.677	3.508	3.595	3332721	11866804.00
2023/06/07	3.592	3.611	3.548	3.610	894466	3198089.00
2023/06/08	3.611	3.711	3.606	3.706	836685	3058875.00
2023/06/09	3.711	3.750	3.680	3.684	685704	2544258.00
2023/06/12	3.689	3.700	3.631	3.693	861333	3154151.00
2023/06/13	3.688	3.701	3.653	3.700	316122	1168776.00
2023/06/14	3.700	3.718	3.660	3.678	423181	1558746.00
2023/06/15	3.678	3.678	3.650	3.673	612799	2244452.00
2023/06/16	3.672	3.697	3.660	3.695	895714	3295398.00
2023/06/19	3.694	3.694	3.653	3.657	309474	1132806.00
2023/06/20	3.657	3.675	3.650	3.660	629805	2306175.00
2023/06/21	3.661	3.695	3.631	3.661	418748	1533575.00
2023/06/26	3.661	3.675	3.624	3.631	192947	702295.00
2023/06/27	3.626	3.631	3.590	3.594	280044	1010063.00
2023/06/28	3.594	3.594	3.475	3.552	3912689	13740081.00
2023/06/29	3.552	3.576	3.511	3.541	2150948	7632753.00
2023/06/30	3.544	3.567	3.526	3.529	203955	720840.00
2023/07/03	3.531	3.549	3.508	3.520	882166	3111476.00
2023/07/04	3.519	3.538	3.518	3.534	1140222	4016400.00
2023/07/05	3.534	3.534	3.520	3.530	150075	529466.00
2023/07/06	3.528	3.605	3.518	3.596	1883731	6692535.00
2023/07/07	3.596	3.650	3.596	3.629	1161193	4211233.00
2023/07/10	3.629	3.632	3.607	3.626	404288	1462293.00
2023/07/11	3.630	3.648	3.606	3.630	1218439	4412385.00
2023/07/12	3.630	3.630	3.595	3.608	545837	1967327.00
2023/07/13	3.610	3.622	3.568	3.622	673841	2431792.00
2023/07/14	3.622	3.690	3.610	3.673	1328476	4857432.00
2023/07/17	3.673	3.796	3.650	3.791	1532302	5698319.00
2023/07/18	3.796	3.846	3.751	3.830	1786767	6823791.00
2023/07/19	3.824	3.841	3.751	3.795	1645680	6221948.00
2023/07/20	3.771	3.771	3.701	3.753	936731	3500538.00
2023/07/21	3.713	3.790	3.712	3.777	1339152	5042292.00
2023/07/24	3.758	3.817	3.703	3.798	1300076	4908068.00
2023/07/25	3.759	3.857	3.742	3.847	1428578	5454380.00
2023/07/26	3.838	3.845	3.800	3.835	1184306	4527383.00
2023/07/27	3.810	3.867	3.810	3.829	1378803	5277630.00
2023/07/28	3.800	3.861	3.800	3.830	600792	2297793.00
2023/07/31	3.816	3.865	3.801	3.849	2683878	10292738.00
2023/08/01	3.839	3.894	3.790	3.803	3808909	14621103.00
2023/08/02	3.797	3.857	3.780	3.820	2878560	10980490.00
2023/08/03	3.808	3.845	3.792	3.820	1368582	5218172.00
2023/08/04	3.820	3.850	3.796	3.838	1353010	5174496.00
2023/08/07	3.837	3.870	3.812	3.863	1734142	6651758.00
2023/08/08	3.863	3.901	3.825	3.897	2081588	8071438.00
2023/08/09	3.898	3.953	3.877	3.952	1288028	5048873.00
2023/08/10	3.952	3.984	3.936	3.968	1078146	4275121.00
2023/08/11	3.968	3.989	3.939	3.966	903202	3582024.00
2023/08/14	3.956	3.956	3.894	3.949	1229206	4812542.00
2023/08/15	3.939	3.967	3.913	3.942	1249299	4932332.00
2023/08/16	3.920	3.953	3.918	3.936	726349	2852441.00
2023/08/17	3.936	3.945	3.905	3.943	395500	1552222.00
2023/08/18	3.933	3.949	3.929	3.944	1068456	4209337.00
2023/08/21	3.949	3.949	3.909	3.917	887258	3477926.00
2023/08/22	3.917	3.939	3.859	3.917	3267761	12807447.00
2023/08/23	3.899	3.910	3.870	3.886	3571730	13904529.00
2023/08/24	3.880	3.948	3.869	3.937	3712254	14496829.00
2023/08/25	3.929	3.950	3.917	3.929	4478832	17616928.00
2023/08/28	3.929	3.950	3.916	3.938	3754646	14752465.00
2023/08/29	3.937	3.953	3.913	3.924	3446364	13555575.00
2023/08/30	3.924	3.946	3.901	3.912	3470108	13619897.00
2023/08/31	3.912	3.927	3.877	3.891	4005995	15635859.00
2023/09/01	3.891	3.891	3.853	3.870	3052154	11816870.00
2023/09/04	3.870	3.870	3.849	3.850	1040177	4006436.00
2023/09/05	3.851	3.881	3.850	3.853	3849907	14855825.00
2023/09/06	3.853	3.864	3.844	3.851	2913623	11222643.00
2023/09/07	3.850	3.864	3.839	3.854	3024483	11654605.00
2023/09/08	3.854	3.866	3.825	3.838	3481679	13408946.00
2023/09/11	3.838	3.922	3.826	3.911	4406360	16995696.00
2023/09/12	3.911	3.920	3.899	3.915	2731577	10684896.00
2023/09/13	3.915	3.915	3.899	3.900	1814235	7078436.00
2023/09/14	3.900	3.900	3.876	3.887	3475106	13513073.00
2023/09/15	3.889	3.899	3.858	3.877	2473627	9600999.00
2023/09/18	3.877	3.883	3.855	3.863	2425926	9373050.00
2023/09/19	3.859	3.877	3.850	3.857	2882692	11125604.00
2023/09/20	3.871	3.879	3.820	3.879	3542938	13641884.00
2023/09/21	3.879	3.900	3.840	3.881	3382505	13099266.00
2023/09/22	3.881	3.900	3.858	3.897	3779689	14687612.00
2023/09/25	3.897	3.899	3.872	3.899	3961571	15405245.00
2023/09/26	3.862	3.932	3.862	3.904	3258799	12718931.00
2023/09/27	3.904	3.904	3.888	3.890	2544120	9914149.00
2023/09/28	3.890	3.912	3.874	3.899	3103738	12092501.00
2023/10/09	3.899	3.908	3.899	3.902	1431176	5584394.00
2023/10/10	3.903	3.905	3.870	3.895	1588512	6185512.00
2023/10/11	3.895	3.895	3.871	3.885	2150358	8344640.00
2023/10/12	3.886	3.889	3.840	3.855	2509421	9704891.00
2023/10/13	3.845	3.855	3.840	3.848	1221408	4701663.00
2023/10/16	3.839	3.848	3.803	3.821	1854323	7090362.00
2023/10/17	3.802	3.802	3.756	3.782	2444558	9216561.00
2023/10/18	3.782	3.782	3.729	3.758	2119016	7959381.00
2023/10/19	3.748	3.748	3.710	3.726	1546973	5759059.00
2023/10/20	3.726	3.726	3.658	3.682	1232120	4545636.00
2023/10/23	3.672	3.672	3.600	3.615	989392	3576412.00
2023/10/24	3.615	3.664	3.585	3.656	1375141	4994268.00
2023/10/25	3.657	3.737	3.657	3.675	2025200	7505107.00
2023/10/26	3.675	3.696	3.647	3.675	870907	3195109.00
2023/10/27	3.675	3.681	3.657	3.681	954057	3504281.00
2023/10/30	3.681	3.696	3.663	3.675	536931	1973258.00
2023/10/31	3.670	3.717	3.662	3.712	660039	2432771.00
2023/11/01	3.719	3.727	3.690	3.703	1127987	4176746.00
2023/11/02	3.703	3.703	3.673	3.684	553367	2037062.00
2023/11/03	3.680	3.688	3.668	3.684	556687	2046848.00
2023/11/06	3.675	3.693	3.654	3.693	3162260	11589911.00
2023/11/07	3.657	3.684	3.655	3.675	1317362	4837527.00
2023/11/08	3.675	3.699	3.673	3.683	911892	3356131.00
2023/11/09	3.673	3.724	3.673	3.724	2214901	8199807.00
2023/11/10	3.723	3.725	3.687	3.714	619277	2299300.00
2023/11/13	3.705	3.729	3.700	3.722	695557	2589983.00
2023/11/14	3.722	3.743	3.707	3.733	565256	2108289.00
2023/11/15	3.726	3.749	3.704	3.725	551637	2060677.00
2023/11/16	3.715	3.715	3.700	3.704	242348	897905.00
2023/11/17	3.703	3.703	3.667	3.702	270879	996974.00
2023/11/20	3.703	3.705	3.676	3.683	634539	2335173.00
2023/11/21	3.689	3.692	3.667	3.673	614138	2256404.00
2023/11/22	3.671	3.671	3.628	3.628	1961856	7168032.00
2023/11/23	3.618	3.620	3.580	3.586	3901456	14059072.00
2023/11/24	3.586	3.586	3.496	3.498	1746861	6133350.00
2023/11/27	3.470	3.470	3.461	3.464	822858	2850980.00
2023/11/28	3.466	3.488	3.466	3.482	3266451	11365449.00
2023/11/29	3.469	3.469	3.409	3.424	2472917	8468395.00
2023/11/30	3.424	3.478	3.420	3.475	2848799	9797621.00
2023/12/01	3.478	3.483	3.458	3.480	2389840	8298099.00
2023/12/04	3.483	3.507	3.414	3.416	4249878	14750363.00
2023/12/05	3.421	3.421	3.372	3.417	2219315	7494786.00
2023/12/06	3.417	3.417	3.377	3.389	2960282	10045496.00
2023/12/07	3.379	3.399	3.318	3.396	3339478	11168646.00
2023/12/08	3.394	3.419	3.370	3.383	3981205	13458888.00
2023/12/11	3.380	3.380	3.297	3.310	1943341	6448103.00
2023/12/12	3.310	3.310	3.280	3.285	1823966	5996308.00
2023/12/13	3.285	3.285	3.200	3.258	2082305	6695588.00
2023/12/14	3.254	3.291	3.222	3.290	3370653	10880023.00
2023/12/15	3.279	3.319	3.243	3.319	2822832	9215129.00
2023/12/18	3.319	3.329	3.294	3.306	1290330	4273343.00
2023/12/19	3.300	3.300	3.220	3.248	1629013	5331278.00
2023/12/20	3.248	3.262	3.193	3.241	3211275	10307158.00
2023/12/21	3.231	3.379	3.228	3.360	2018373	6756950.00
2023/12/22	3.368	3.453	3.368	3.407	3534841	12092606.00
2023/12/25	3.450	3.459	3.351	3.408	1934470	6548331.00
2023/12/26	3.398	3.413	3.344	3.408	2402233	8088025.00
2023/12/27	3.402	3.402	3.315	3.349	4164607	13957809.00
2023/12/28	3.339	3.350	3.265	3.327	4443481	14739576.00
2023/12/29	3.317	3.393	3.264	3.378	3037715	10052977.00
2024/01/02	3.378	3.400	3.266	3.274	4370645	14488789.00
2024/01/03	3.273	3.273	3.185	3.198	4955584	15949756.00
2024/01/04	3.196	3.196	3.080	3.117	5018988	15568679.00
2024/01/05	3.116	3.116	2.831	2.881	6792637	19786342.00
2024/01/08	2.681	2.860	2.620	2.632	6159474	16427093.00
2024/01/10	2.549	2.549	2.369	2.371	11094653	26915960.00
2024/01/11	2.298	2.500	2.277	2.442	7100055	17375062.00
2024/01/12	2.438	2.468	2.400	2.434	6489602	15727557.00
2024/01/15	2.433	2.450	2.404	2.429	4505801	10941535.00
2024/01/16	2.430	2.446	2.419	2.437	4371485	10627952.00
2024/01/17	2.440	2.615	2.423	2.590	7937273	20141048.00
2024/01/18	2.589	2.610	2.530	2.544	6539500	16751958.00
2024/01/19	2.549	2.597	2.505	2.584	5098239	12959920.00
2024/01/22	2.587	2.587	2.531	2.547	4147258	10545338.00
2024/01/23	2.537	2.537	2.452	2.473	3925641	9743052.00
2024/01/24	2.451	2.490	2.423	2.448	2610597	6419552.00
2024/01/25	2.435	2.487	2.432	2.482	4973166	12170613.00
2024/01/26	2.481	2.481	2.448	2.468	2957936	7269710.00
2024/01/29	2.461	2.479	2.455	2.465	3488282	8613143.00
2024/01/30	2.462	2.472	2.445	2.459	3856758	9466984.00
2024/01/31	2.459	2.460	2.421	2.433	2754056	6700693.00
2024/02/01	2.432	2.447	2.421	2.444	2773722	6745227.00
2024/02/02	2.444	2.444	2.419	2.423	4843441	11765334.00
2024/02/05	2.420	2.425	2.402	2.410	4692387	11324284.00
2024/02/06	2.402	2.410	2.377	2.386	4632159	11047950.00
2024/02/07	2.386	2.389	2.366	2.384	4977314	11836499.00
2024/02/08	2.377	2.452	2.374	2.430	5531310	13344796.00
2024/02/19	2.436	2.569	2.436	2.558	7333968	18561280.00
2024/02/20	2.535	2.638	2.518	2.550	6811668	17454220.00
2024/02/21	2.550	2.635	2.470	2.628	5956893	15348818.00
2024/02/22	2.640	2.717	2.630	2.717	6526484	17572176.00
2024/02/23	2.720	2.867	2.719	2.847	7532087	21287776.00
2024/02/26	2.841	2.984	2.840	2.972	7618023	22286460.00
2024/02/27	2.940	2.989	2.678	2.973	7785291	22811396.00
2024/02/28	2.967	2.978	2.880	2.934	5831768	17142634.00
2024/02/29	2.894	2.979	2.861	2.964	5913071	17437014.00
2024/03/01	2.964	3.056	2.955	3.030	4615170	13947179.00
2024/03/04	3.024	3.193	3.015	3.170	7469505	23479776.00
2024/03/05	3.170	3.249	3.113	3.179	8498419	27265926.00
2024/03/06	3.179	3.179	3.073	3.137	6094697	19048290.00
2024/03/07	3.117	3.193	3.060	3.082	7446161	23112632.00
2024/03/08	3.072	3.072	2.990	2.999	7795668	23534972.00
2024/03/11	3.003	3.004	2.925	2.985	5828597	17327388.00
2024/03/12	2.961	2.984	2.951	2.982	5145781	15254955.00
2024/03/13	2.980	2.994	2.951	2.987	5440035	16180220.00
2024/03/14	2.987	2.997	2.956	2.972	5579025	16607767.00
2024/03/15	2.971	2.989	2.955	2.971	4827630	14311865.00
2024/03/18	2.973	2.979	2.957	2.967	4117531	12226732.00
2024/03/19	2.957	2.977	2.916	2.919	4287199	12572134.00
2024/03/20	2.910	2.910	2.852	2.867	5585474	16069772.00
2024/03/21	2.857	2.885	2.833	2.847	6227562	17756980.00
2024/03/22	2.845	2.845	2.770	2.789	5891519	16554850.00
2024/03/25	2.791	2.791	2.705	2.775	6752548	18461660.00
2024/03/26	2.750	2.810	2.714	2.809	9117308	25079010.00
2024/03/27	2.803	2.874	2.771	2.869	9013266	25682548.00
2024/03/28	2.860	2.891	2.815	2.820	7025155	19916192.00
2024/03/29	2.814	2.826	2.742	2.780	8097143	22450704.00
2024/04/01	2.782	2.831	2.744	2.828	6025273	16859032.00
2024/04/02	2.828	2.862	2.816	2.838	6886211	19499530.00
2024/04/03	2.839	2.883	2.824	2.846	5184571	14708393.00
2024/04/08	2.846	2.864	2.832	2.854	4847906	13784341.00
2024/04/09	2.854	2.891	2.817	2.861	6535649	18551328.00
2024/04/10	2.861	2.862	2.836	2.844	4183112	11910777.00
2024/04/11	2.831	2.856	2.815	2.845	4095375	11617610.00
2024/04/12	2.844	2.853	2.825	2.834	4447796	12601404.00
2024/04/15	2.830	2.835	2.823	2.828	3309201	9359597.00
2024/04/16	2.828	2.840	2.820	2.829	4523368	12798255.00
2024/04/17	2.830	2.859	2.824	2.849	4848086	13787621.00
2024/04/18	2.855	2.860	2.836	2.854	4475945	12741076.00
2024/04/19	2.853	2.864	2.848	2.856	3881299	11078336.00
2024/04/22	2.857	2.891	2.846	2.861	3623982	10369107.00
2024/04/23	2.861	2.878	2.845	2.869	4116121	11778665.00
2024/04/24	2.868	2.898	2.855	2.880	4840071	13882627.00
2024/04/25	2.872	2.949	2.872	2.948	4834078	14070677.00
2024/04/26	2.948	3.000	2.943	2.967	6739581	19969088.00
2024/04/29	2.968	2.979	2.941	2.962	4652163	13741426.00
2024/04/30	2.962	2.962	2.932	2.945	4943221	14541407.00
2024/05/06	2.937	2.969	2.921	2.964	4523914	13287042.00
2024/05/07	2.910	2.946	2.890	2.936	5496325	16094050.00
2024/05/08	2.933	2.950	2.917	2.938	4139576	12164617.00
2024/05/09	2.937	2.960	2.926	2.950	4645815	13691806.00
2024/05/10	2.951	2.963	2.921	2.944	4085233	12051965.00
2024/05/13	2.944	2.944	2.918	2.920	3935206	11503436.00
2024/05/14	2.925	2.951	2.898	2.912	4298588	12518648.00
2024/05/15	2.912	2.930	2.872	2.883	3943936	11425117.00
2024/05/16	2.883	2.890	2.868	2.889	3679350	10597235.00
2024/05/17	2.889	2.898	2.857	2.884	4180941	12033132.00
2024/05/20	2.883	2.883	2.844	2.861	4685474	13383187.00
2024/05/21	2.861	2.861	2.839	2.847	4269251	12152236.00
2024/05/22	2.847	2.858	2.827	2.838	10808773	30625056.00
2024/05/23	2.818	2.845	2.805	2.839	6892916	19403820.00
2024/05/24	2.839	2.884	2.833	2.870	3000859	8622262.00
2024/05/27	2.871	2.910	2.864	2.870	3854702	11103042.00
2024/05/28	2.859	2.883	2.851	2.871	5505613	15759478.00
2024/05/29	2.867	2.874	2.858	2.865	4289804	12300119.00
2024/05/30	2.858	2.865	2.822	2.833	5256320	14964112.00
2024/05/31	2.828	2.848	2.809	2.818	5774924	16275253.00
2024/06/03	2.818	2.818	2.794	2.804	5379022	15090209.00
2024/06/04	2.800	2.840	2.800	2.840	5430657	15254748.00
2024/06/05	2.840	2.863	2.833	2.854	5270742	15027258.00
2024/06/06	2.844	2.865	2.844	2.854	4920838	14033601.00
2024/06/07	2.839	2.839	2.809	2.827	4549414	12846334.00
2024/06/11	2.823	2.823	2.794	2.803	4494188	12587331.00
2024/06/12	2.806	2.807	2.796	2.799	5008070	14033756.00
2024/06/13	2.799	2.843	2.797	2.838	3807963	10762784.00
2024/06/14	2.838	2.848	2.808	2.831	5431459	15343023.00
2024/06/17	2.827	2.845	2.815	2.825	5054275	14290037.00
2024/06/18	2.812	2.840	2.811	2.825	4460132	12588202.00
2024/06/19	2.825	2.835	2.816	2.824	3456929	9750697.00
2024/06/20	2.818	2.843	2.801	2.813	4185241	11762140.00
2024/06/21	2.801	2.838	2.801	2.837	3783848	10648913.00
2024/06/24	2.836	2.841	2.821	2.834	3610390	10233842.00
2024/06/25	2.834	2.835	2.800	2.809	6713695	18916662.00
2024/06/26	2.806	2.820	2.799	2.812	5423703	15206085.00
2024/06/27	2.799	2.826	2.799	2.817	5421304	15266662.00
2024/06/28	2.826	2.826	2.795	2.812	6278401	17600764.00
2024/07/01	2.800	2.815	2.793	2.798	3061830	8579109.00
2024/07/02	2.792	2.805	2.776	2.790	4628182	12914348.00
2024/07/03	2.790	2.790	2.756	2.767	6863782	19000676.00
2024/07/04	2.766	2.768	2.753	2.761	5898009	16283758.00
2024/07/05	2.779	2.779	2.759	2.762	6101714	16866260.00
2024/07/08	2.760	2.768	2.755	2.760	5383093	14863602.00
2024/07/09	2.760	2.766	2.729	2.748	6057569	16582113.00
2024/07/10	2.738	2.748	2.730	2.737	6414801	17553522.00
2024/07/11	2.747	2.751	2.690	2.717	11329477	30820086.00
2024/07/12	2.700	2.716	2.692	2.714	7792889	21054508.00
2024/07/15	2.730	2.748	2.690	2.728	7090959	19185588.00
2024/07/16	2.728	2.728	2.704	2.711	4631574	12602337.00
2024/07/17	2.702	2.720	2.693	2.714	3515755	9537927.00
2024/07/18	2.706	2.720	2.698	2.705	2891648	7817747.00
2024/07/19	2.714	2.714	2.695	2.705	3648307	9853258.00
2024/07/22	2.704	2.715	2.696	2.703	4011382	10841805.00
2024/07/23	2.693	2.707	2.692	2.700	3053548	8244339.00
2024/07/24	2.696	2.715	2.675	2.685	5444838	14618177.00
2024/07/25	2.685	2.699	2.670	2.689	3950038	10568142.00
2024/07/26	2.680	2.721	2.680	2.702	5167052	13948833.00
2024/07/29	2.698	2.708	2.680	2.691	5023172	13509484.00
2024/07/30	2.691	2.697	2.662	2.680	6440901	17274744.00
2024/07/31	2.674	2.683	2.670	2.679	4657941	12463180.00
2024/08/01	2.679	2.727	2.672	2.711	6655346	17916416.00
2024/08/02	2.711	2.726	2.703	2.723	3612596	9812072.00
2024/08/05	2.723	2.740	2.713	2.736	4668241	12756382.00
2024/08/06	2.730	2.744	2.718	2.735	5506471	15056763.00
2024/08/07	2.735	2.766	2.733	2.754	7886200	21692496.00
2024/08/08	2.757	2.769	2.706	2.710	7125777	19537996.00
2024/08/09	2.708	2.708	2.684	2.692	5553512	14966354.00
2024/08/12	2.699	2.726	2.680	2.724	8818936	23879832.00
2024/08/13	2.696	2.696	2.657	2.665	7106442	18969336.00
2024/08/14	2.665	2.688	2.661	2.670	6973759	18657000.00
2024/08/15	2.676	2.709	2.674	2.702	11047883	29787708.00
2024/08/16	2.709	2.709	2.695	2.698	4502133	12160470.00
2024/08/19	2.698	2.705	2.660	2.674	6440409	17298316.00
2024/08/20	2.676	2.676	2.655	2.672	5533248	14728993.00
2024/08/21	2.678	2.683	2.660	2.671	3868422	10323453.00
2024/08/22	2.674	2.675	2.653	2.660	4744901	12627387.00
2024/08/23	2.660	2.677	2.650	2.666	6302465	16749653.00
2024/08/26	2.666	2.670	2.651	2.655	4796656	12767968.00
2024/08/27	2.666	2.666	2.651	2.662	5663704	15037209.00
2024/08/28	2.662	2.688	2.652	2.680	4149447	11073087.00
2024/08/29	2.683	2.697	2.670	2.683	3346777	8971412.00
2024/08/30	2.689	2.690	2.666	2.685	4698834	12591345.00
2024/09/02	2.685	2.692	2.664	2.672	6043802	16212452.00
2024/09/03	2.680	2.680	2.656	2.671	5305520	14124379.00
2024/09/04	2.657	2.671	2.657	2.663	5046790	13462319.00
2024/09/05	2.673	2.673	2.654	2.663	5627151	14977108.00
2024/09/06	2.661	2.669	2.651	2.664	5433747	14468031.00
2024/09/09	2.672	2.683	2.638	2.682	6723142	17887336.00
2024/09/10	2.680	2.680	2.650	2.679	5238620	13978214.00
2024/09/11	2.673	2.674	2.650	2.660	5088467	13574805.00
2024/09/12	2.667	2.667	2.633	2.652	1125901	2980907.00
2024/09/13	2.651	2.659	2.640	2.646	5097210	13488898.00
2024/09/18	2.640	2.645	2.630	2.634	3947413	10402600.00
2024/09/19	2.642	2.645	2.614	2.615	4639730	12202576.00
2024/09/20	2.615	2.630	2.599	2.625	4698226	12236736.00
2024/09/23	2.625	2.625	2.598	2.610	3091411	8077090.00
2024/09/24	2.608	2.653	2.608	2.635	1062841	2798867.00
2024/09/25	2.635	2.668	2.616	2.667	2068691	5501862.00
2024/09/26	2.668	2.678	2.660	2.670	1824109	4873170.00
2024/09/27	2.670	2.688	2.662	2.681	1110255	2973029.00
2024/09/30	2.684	2.736	2.663	2.686	3650908	9822423.00
2024/10/08	2.705	2.818	2.690	2.701	6199969	16853284.00
2024/10/09	2.708	2.708	2.612	2.669	8365221	22206964.00
2024/10/10	2.650	2.660	2.625	2.632	5595571	14793505.00
2024/10/11	2.631	2.644	2.615	2.637	5460647	14378329.00
2024/10/14	2.632	2.669	2.632	2.661	4097808	10876856.00
2024/10/15	2.667	2.691	2.661	2.683	4213031	11292328.00
2024/10/16	2.690	2.690	2.657	2.668	5720389	15281180.00
2024/10/17	2.668	2.676	2.627	2.639	6742362	17906808.00
2024/10/18	2.638	2.644	2.631	2.638	3908972	10314068.00
2024/10/21	2.643	2.643	2.600	2.624	6116460	16053597.00
2024/10/22	2.621	2.637	2.609	2.632	4131538	10834400.00
2024/10/23	2.633	2.636	2.615	2.633	7129078	18715620.00
2024/10/24	2.630	2.630	2.601	2.608	5717297	14922442.00
2024/10/25	2.608	2.609	2.593	2.604	2273039	5919275.00
2024/10/28	2.604	2.608	2.600	2.604	4661587	12129008.00
2024/10/29	2.604	2.604	2.592	2.598	5631151	14625509.00
2024/10/30	2.598	2.619	2.590	2.614	4561960	11862366.00
2024/10/31	2.610	2.625	2.601	2.617	4848582	12664603.00
2024/11/01	2.617	2.627	2.610	2.616	3479474	9106904.00
2024/11/04	2.616	2.627	2.600	2.610	2998036	7827527.00
2024/11/05	2.610	2.613	2.597	2.604	3756323	9778800.00
2024/11/06	2.603	2.612	2.597	2.610	4641976	12091548.00
2024/11/07	2.611	2.614	2.600	2.608	4262482	11097630.00
2024/11/08	2.604	2.610	2.602	2.605	3670133	9563803.00
2024/11/11	2.605	2.637	2.600	2.634	3228008	8427213.00
2024/11/12	2.634	2.660	2.630	2.658	5158719	13698394.00
2024/11/13	2.658	2.658	2.616	2.639	3872074	10216461.00
2024/11/14	2.628	2.640	2.609	2.627	4466713	11711207.00
2024/11/15	2.628	2.629	2.612	2.628	5492883	14378440.00
2024/11/18	2.628	2.628	2.600	2.609	5050688	13170348.00
2024/11/19	2.606	2.612	2.601	2.608	5323390	13867744.00
2024/11/20	2.604	2.617	2.604	2.616	3388104	8848694.00
2024/11/21	2.616	2.627	2.605	2.612	3298642	8619921.00
2024/11/22	2.620	2.624	2.608	2.613	3187361	8326759.00
2024/11/25	2.618	2.618	2.606	2.616	622081	1626403.00
2024/11/26	2.615	2.618	2.608	2.617	3314880	8667515.00
2024/11/27	2.618	2.620	2.602	2.613	5042874	13179099.00
2024/11/28	2.610	2.616	2.607	2.615	3717933	9712562.00
2024/11/29	2.583	2.583	2.560	2.569	2524940	6478922.00
2024/12/02	2.564	2.609	2.564	2.604	4222478	10897267.00
2024/12/03	2.609	2.615	2.590	2.597	4091930	10640550.00
2024/12/04	2.600	2.606	2.591	2.600	3761904	9768671.00
2024/12/05	2.591	2.605	2.591	2.600	2444042	6354259.00
2024/12/06	2.607	2.607	2.591	2.599	3660475	9520877.00
2024/12/09	2.599	2.602	2.594	2.598	4019121	10441665.00
2024/12/10	2.600	2.605	2.592	2.599	4827795	12540436.00
2024/12/11	2.604	2.615	2.595	2.611	10404166	27082432.00
2024/12/12	2.611	2.662	2.611	2.660	5998472	15832657.00
2024/12/13	2.660	2.670	2.640	2.660	2558182	6784939.00
2024/12/16	2.664	2.693	2.655	2.685	4101957	10989418.00
2024/12/17	2.687	2.725	2.678	2.719	2239308	6060081.00
2024/12/18	2.723	2.725	2.681	2.686	2331969	6307930.00
2024/12/19	2.686	2.686	2.649	2.684	1467962	3922862.00
2024/12/20	2.671	2.699	2.671	2.679	3856122	10344765.00
2024/12/23	2.676	2.712	2.673	2.700	3288741	8822545.00
2024/12/24	2.710	2.729	2.690	2.729	2367469	6432791.00
2024/12/25	2.730	2.745	2.719	2.736	4466505	12200385.00
2024/12/26	2.737	2.753	2.695	2.736	3014706	8197413.00
2024/12/27	2.736	2.766	2.728	2.760	7852305	21621536.00
2024/12/30	2.810	2.956	2.810	2.946	10543916	30671464.00
2024/12/31	2.958	3.055	2.958	3.009	6797415	20451980.00
2025/01/02	3.000	3.026	2.994	3.023	5544739	16703640.00
2025/01/03	3.023	3.210	3.022	3.172	5368449	16920384.00
2025/01/06	3.176	3.273	3.176	3.199	9693146	31037652.00
2025/01/07	3.189	3.223	3.160	3.222	5008000	16057829.00
2025/01/08	3.222	3.273	3.180	3.265	6782798	22097148.00
2025/01/09	3.265	3.328	3.265	3.322	10088338	33213704.00
2025/01/10	3.325	3.349	3.268	3.310	7116633	23469524.00
2025/01/13	3.303	3.318	3.220	3.289	5234527	17219458.00
2025/01/14	3.280	3.289	3.224	3.270	5440706	17792440.00
2025/01/15	3.260	3.271	3.225	3.253	5060862	16504735.00
2025/01/16	3.240	3.269	3.145	3.252	7655043	24464632.00
2025/01/17	3.249	3.267	3.201	3.264	6373591	20617596.00
2025/01/20	3.250	3.315	3.225	3.295	2152096	7105524.00
2025/01/21	3.296	3.346	3.280	3.303	3876624	12797037.00
2025/01/22	3.298	3.316	3.229	3.289	9736547	32098778.00
2025/01/23	3.280	3.300	3.258	3.299	5498917	18031188.00
2025/01/24	3.308	3.340	3.250	3.339	2188998	7253809.00
2025/01/27	3.338	3.366	3.338	3.366	1377626	4629575.00
2025/02/05	3.366	3.366	3.330	3.359	3217508	10784384.00
2025/02/06	3.355	3.369	3.304	3.360	6236504	20790190.00
2025/02/07	3.356	3.380	3.326	3.371	5258767	17722246.00
2025/02/10	3.367	3.456	3.350	3.455	5779775	19766776.00
2025/02/11	3.456	3.561	3.450	3.542	5984380	21195336.00
2025/02/12	3.542	3.576	3.468	3.560	6925182	24548060.00
2025/02/13	3.560	3.578	3.520	3.535	4823883	17087422.00
2025/02/14	3.535	3.560	3.470	3.558	3496357	12400223.00
2025/02/17	3.558	3.559	3.492	3.533	8382407	29707168.00
2025/02/18	3.533	3.533	3.483	3.497	8024340	28161482.00
2025/02/19	3.511	3.540	3.481	3.535	4422430	15554652.00
2025/02/20	3.535	3.570	3.514	3.570	3140622	11108709.00
2025/02/21	3.570	3.589	3.555	3.564	1397250	4999599.00
2025/02/24	3.563	3.563	3.476	3.498	3839936	13431638.00
2025/02/25	3.496	3.496	3.424	3.467	4195934	14459255.00
2025/02/26	3.466	3.466	3.419	3.436	6244786	21450940.00
2025/02/27	3.434	3.434	3.359	3.403	5383579	18169196.00
2025/02/28	3.402	3.402	3.341	3.369	4228299	14176280.00
2025/03/03	3.390	3.400	3.330	3.389	2431054	8225118.00
2025/03/04	3.389	3.489	3.370	3.459	5309506	18381362.00
2025/03/05	3.454	3.485	3.443	3.458	3202796	11117611.00
2025/03/06	3.479	3.479	3.430	3.458	4581962	15793817.00
2025/03/07	3.480	3.490	3.415	3.441	3078191	10573404.00
2025/03/10	3.420	3.467	3.411	3.466	3764489	12931433.00
2025/03/11	3.465	3.485	3.465	3.476	3339642	11598492.00
2025/03/12	3.476	3.499	3.458	3.481	3625432	12613353.00
2025/03/13	3.481	3.481	3.444	3.452	4377102	15118055.00
2025/03/14	3.441	3.472	3.430	3.464	3706318	12819847.00
2025/03/17	3.464	3.476	3.437	3.462	3398254	11779940.00
2025/03/18	3.462	3.506	3.441	3.495	3375789	11702864.00
2025/03/19	3.495	3.510	3.491	3.497	1996696	6981609.00
2025/03/20	3.504	3.514	3.480	3.491	3009915	10516376.00
2025/03/21	3.484	3.484	3.465	3.477	2451801	8525772.00
2025/03/24	3.461	3.493	3.460	3.484	309179	1072457.00
2025/03/25	3.484	3.513	3.484	3.506	3091778	10832150.00
2025/03/26	3.496	3.515	3.472	3.508	2201308	7717338.00
2025/03/27	3.490	3.572	3.490	3.536	4524146	15971417.00
2025/03/28	3.536	3.565	3.536	3.550	4692090	16681467.00
2025/03/31	3.549	3.569	3.513	3.551	4797033	16949996.00
2025/04/01	3.512	3.563	3.473	3.485	6573135	23123132.00
2025/04/02	3.479	3.501	3.451	3.498	5271939	18368322.00
2025/04/03	3.461	3.540	3.460	3.502	1652615	5760192.00
2025/04/07	3.514	3.517	3.379	3.390	4961246	16838256.00
2025/04/08	3.390	3.440	3.341	3.363	4626502	15620293.00
2025/04/09	3.352	3.420	3.336	3.420	4471234	14996302.00
2025/04/10	3.420	3.460	3.394	3.440	3665633	12546019.00
2025/04/11	3.441	3.463	3.434	3.455	2841348	9803541.00
2025/04/14	3.454	3.480	3.437	3.480	4499645	15507870.00
2025/04/15	3.472	3.505	3.446	3.502	3872279	13508861.00
2025/04/16	3.488	3.601	3.488	3.585	5280438	18840372.00
2025/04/17	3.594	3.632	3.594	3.628	4270448	15483682.00
2025/04/18	3.634	3.638	3.579	3.624	3697532	13338192.00
2025/04/21	3.634	3.648	3.584	3.648	2814950	10173072.00
2025/04/22	3.650	3.680	3.648	3.650	6728441	24684040.00
2025/04/23	3.650	3.680	3.620	3.653	10965016	40158184.00
2025/04/24	3.653	3.678	3.614	3.643	4366559	15922390.00
2025/04/25	3.628	3.630	3.599	3.608	6701097	24240000.00
2025/04/28	3.609	3.622	3.570	3.570	5376743	19274054.00
2025/04/29	3.564	3.600	3.550	3.582	487793	1749072.00
2025/04/30	3.600	3.600	3.561	3.571	2687088	9608462.00
2025/05/06	3.570	3.610	3.560	3.590	999241	3579270.00
2025/05/07	3.594	3.629	3.594	3.622	5046907	18212196.00
2025/05/08	3.618	3.630	3.594	3.609	2814575	10169367.00
2025/05/09	3.617	3.635	3.598	3.627	10357396	37310440.00
2025/05/12	3.629	3.719	3.612	3.719	4714061	17185902.00
2025/05/13	3.721	3.734	3.661	3.674	3944386	14514481.00
2025/05/14	3.666	3.700	3.666	3.700	3362184	12404722.00
2025/05/15	3.700	3.700	3.662	3.662	369577	1359690.00
2025/05/16	3.654	3.702	3.637	3.665	4404774	16210001.00
2025/05/19	3.650	3.704	3.640	3.703	2129485	7857311.00
2025/05/20	3.688	3.730	3.666	3.720	2488719	9237788.00
2025/05/21	3.729	3.765	3.715	3.764	731460	2735375.00
2025/05/22	3.770	3.795	3.765	3.780	3164008	11935700.00
2025/05/23	3.780	3.780	3.726	3.759	1810681	6794255.00
2025/05/26	3.744	3.769	3.740	3.743	642420	2411356.00
2025/05/27	3.758	3.781	3.736	3.749	2186088	8200016.00
2025/05/28	3.742	3.771	3.728	3.771	2732486	10268736.00
2025/05/29	3.769	3.848	3.749	3.835	4820985	18317656.00
2025/05/30	3.839	3.839	3.781	3.786	2335427	8874308.00
2025/06/03	3.787	3.787	3.732	3.748	4130589	15459491.00
2025/06/04	3.738	3.764	3.733	3.745	266300	997887.00
2025/06/05	3.736	3.778	3.735	3.750	2277417	8547704.00
2025/06/06	3.742	3.769	3.738	3.740	292579	1095519.00
2025/06/09	3.736	3.762	3.733	3.759	738324	2768552.00
2025/06/10	3.759	3.762	3.714	3.722	4748537	17766132.00
2025/06/11	3.725	3.739	3.715	3.725	5337385	19884134.00
2025/06/12	3.720	3.746	3.719	3.745	3936558	14716468.00
2025/06/13	3.740	3.753	3.740	3.748	1153038	4322639.00
2025/06/16	3.754	3.780	3.748	3.756	2339231	8797729.00
2025/06/17	3.756	3.761	3.715	3.723	3882487	14510693.00
2025/06/18	3.723	3.744	3.723	3.737	1322258	4941041.00
2025/06/19	3.738	3.753	3.701	3.724	2783162	10388768.00
2025/06/20	3.710	3.750	3.700	3.734	1499513	5603133.00
2025/06/23	3.739	3.748	3.722	3.736	3187406	11906323.00
2025/06/24	3.725	3.726	3.666	3.712	1140444	4207690.00
2025/06/25	3.712	3.725	3.678	3.703	1040731	3854594.00
2025/06/26	3.688	3.716	3.688	3.690	3669971	13587360.00
2025/06/27	3.699	3.699	3.660	3.663	2934005	10780434.00
2025/06/30	3.662	3.667	3.642	3.657	542937	1983507.00
2025/07/01	3.640	3.667	3.640	3.656	270814	990542.00
2025/07/02	3.654	3.740	3.642	3.729	2956581	10992850.00
2025/07/03	3.727	3.777	3.717	3.740	2378480	8927630.00
2025/07/04	3.739	3.748	3.717	3.739	2257585	8433504.00
2025/07/07	3.810	3.880	3.810	3.867	2267480	8733423.00
2025/07/08	3.880	3.894	3.851	3.885	3065283	11860509.00
2025/07/09	3.885	3.930	3.846	3.899	5636164	21834200.00
2025/07/10	3.899	3.922	3.850	3.894	7796729	30184964.00
2025/07/11	3.878	3.899	3.856	3.898	2654659	10297761.00
2025/07/14	3.898	3.898	3.880	3.895	1941051	7558963.00
2025/07/15	3.875	3.875	3.840	3.868	2011145	7769727.00
2025/07/16	3.868	3.885	3.855	3.882	3744837	14517623.00
2025/07/17	3.890	3.890	3.878	3.883	1550367	6017640.00
2025/07/18	3.881	3.881	3.855	3.871	1833088	7085423.00
2025/07/21	3.871	3.871	3.840	3.855	648978	2497868.00
2025/07/22	3.844	3.859	3.808	3.849	1905233	7316848.00
2025/07/23	3.821	3.849	3.744	3.800	4376577	16611411.00
2025/07/24	3.785	3.859	3.770	3.852	2916888	11174591.00
2025/07/25	3.852	3.881	3.843	3.880	1579521	6122179.00
2025/07/28	3.880	3.880	3.849	3.876	669522	2586583.00
2025/07/29	3.860	3.875	3.830	3.840	1090759	4196865.00
2025/07/30	3.840	3.865	3.831	3.863	1009717	3886980.00
2025/07/31	3.848	3.891	3.848	3.881	2563932	9929972.00
2025/08/01	3.885	3.892	3.874	3.888	1697154	6594656.00
2025/08/04	3.880	3.909	3.872	3.899	2749448	10714026.00
2025/08/05	3.883	3.901	3.865	3.894	3513439	13679513.00
2025/08/06	3.900	3.929	3.900	3.929	1318429	5175177.00
2025/08/07	3.928	3.966	3.893	3.944	6933465	27183144.00
2025/08/08	3.944	3.965	3.912	3.964	5248643	20635600.00
2025/08/11	3.966	3.976	3.932	3.932	2000425	7887768.00
2025/08/12	3.928	3.980	3.868	3.937	4850960	19072268.00
2025/08/13	3.921	3.952	3.921	3.950	4814180	18981980.00
2025/08/14	3.952	3.958	3.926	3.950	4329093	17112612.00
2025/08/15	3.958	3.998	3.921	3.973	6482969	25558188.00
2025/08/18	3.974	3.974	3.870	3.883	3487013	13575855.00
2025/08/19	3.881	3.881	3.822	3.825	4896264	18745914.00
2025/08/20	3.825	3.920	3.825	3.903	5049758	19661224.00
2025/08/21	3.905	3.920	3.872	3.881	3377137	13125205.00
2025/08/22	3.871	3.900	3.870	3.877	2882037	11190569.00
2025/08/25	3.881	3.889	3.837	3.877	3450060	13353529.00
2025/08/26	3.878	3.906	3.850	3.901	3530546	13747623.00
2025/08/27	3.900	3.915	3.882	3.904	5909776	23052004.00
2025/08/28	3.900	4.000	3.881	3.907	4777003	18669814.00
2025/08/29	3.907	4.000	3.907	3.912	3051477	11935043.00
2025/09/01	3.912	3.934	3.900	3.915	4211132	16450331.00
2025/09/02	3.915	3.935	3.892	3.916	3211580	12563815.00
2025/09/03	3.916	3.944	3.896	3.923	1506574	5891827.00
2025/09/04	3.920	3.939	3.909	3.912	2317938	9074265.00
2025/09/05	3.912	3.933	3.900	3.908	2743325	10719285.00
2025/09/08	3.885	3.912	3.878	3.903	2691548	10506739.00
2025/09/09	3.900	3.926	3.898	3.909	1678932	6552989.00
2025/09/10	3.920	3.920	3.900	3.904	4238255	16549864.00
2025/09/11	3.903	3.915	3.865	3.913	2937882	11458390.00
2025/09/12	3.890	3.913	3.882	3.905	2980200	11624362.00
2025/09/15	3.900	3.920	3.900	3.910	561489	2194935.00
2025/09/16	3.910	3.918	3.901	3.906	2619639	10237158.00
2025/09/17	3.904	3.918	3.884	3.917	3552618	13902766.00
2025/09/18	3.877	3.911	3.872	3.907	4975107	19327496.00
2025/09/19	3.885	3.979	3.885	3.915	189044	739023.00
2025/09/22	3.905	3.943	3.875	3.888	1044351	4058678.00
2025/09/23	3.865	3.900	3.810	3.886	1345663	5217589.00
2025/09/24	3.863	3.888	3.863	3.887	2256198	8741641.00
2025/09/25	3.876	3.900	3.876	3.886	981778	3821224.00
2025/09/26	3.886	3.886	3.850	3.884	2920058	11328415.00
2025/09/29	3.884	3.919	3.850	3.902	2871879	11097280.00
2025/09/30	3.900	3.900	3.868	3.885	1184757	4599020.00
2025/10/09	3.882	3.882	3.840	3.872	230167	889288.00
2025/10/10	3.862	3.881	3.858	3.864	214532	829641.00
2025/10/13	3.864	3.883	3.850	3.868	94254	364263.00
2025/10/14	3.865	3.868	3.810	3.830	668858	2568644.00
2025/10/15	3.806	3.829	3.798	3.806	695234	2645948.00
2025/10/16	3.802	3.809	3.750	3.771	1868975	7081517.00
2025/10/17	3.771	3.771	3.736	3.749	3589624	13493403.00
2025/10/20	3.745	3.779	3.712	3.718	1475835	5510361.00
2025/10/21	3.718	3.739	3.680	3.681	3476482	12879947.00
2025/10/22	3.681	3.745	3.656	3.685	3194217	11753453.00
2025/10/23	3.684	3.729	3.684	3.728	895856	3315788.00
2025/10/24	3.727	3.797	3.724	3.791	726153	2724418.00
2025/10/27	3.800	3.816	3.751	3.753	849141	3210006.00
2025/10/28	3.764	3.800	3.760	3.793	1354106	5127655.00
2025/10/29	3.793	3.809	3.747	3.780	2633122	9948482.00
2025/10/30	3.780	3.799	3.758	3.791	1171652	4435674.00
2025/10/31	3.791	3.806	3.740	3.747	2912433	10977612.00
2025/11/03	3.747	3.773	3.743	3.743	2089977	7850896.00
2025/11/04	3.739	3.759	3.720	3.731	2553412	9513360.00
2025/11/05	3.730	3.760	3.720	3.760	2385830	8948406.00
2025/11/06	3.754	3.760	3.730	3.746	2761862	10364455.00
2025/11/07	3.745	3.750	3.720	3.729	731328	2727746.00
2025/11/10	3.708	3.752	3.708	3.750	782419	2929609.00
2025/11/11	3.760	3.786	3.740	3.754	791071	2978706.00
2025/11/12	3.774	3.775	3.744	3.748	2745400	10292832.00
2025/11/13	3.748	3.793	3.747	3.754	1058030	3981439.00
2025/11/14	3.754	3.754	3.685	3.741	4045545	15038024.00
2025/11/17	3.738	3.758	3.723	3.754	2784124	10427371.00
2025/11/18	3.720	3.754	3.720	3.742	3282376	12283140.00
2025/11/19	3.722	3.750	3.708	3.717	2110929	7853950.00
2025/11/20	3.717	3.717	3.651	3.704	3459496	12721447.00
2025/11/21	3.696	3.696	3.668	3.677	863652	3174908.00
2025/11/24	3.677	3.699	3.626	3.637	3569436	12996981.00
2025/11/25	3.658	3.658	3.620	3.629	3623734	13155525.00
2025/11/26	3.629	3.640	3.614	3.638	3527367	12789425.00
2025/11/27	3.630	3.647	3.589	3.622	3430307	12331570.00
2025/11/28	3.601	3.635	3.577	3.595	1106600	3980976.00
2025/12/01	3.591	3.591	3.520	3.543	4163060	14704979.00
2025/12/02	3.553	3.553	3.503	3.523	2893908	10168223.00
2025/12/03	3.504	3.553	3.504	3.553	3266446	11543318.00
2025/12/04	3.553	3.555	3.518	3.555	1584283	5617590.00
2025/12/05	3.555	3.588	3.520	3.584	436863	1553558.00
2025/12/08	3.566	3.609	3.530	3.581	1979525	7074693.00
2025/12/09	3.569	3.602	3.520	3.574	3580240	12717662.00
2025/12/10	3.574	3.602	3.534	3.578	4303141	15377797.00
2025/12/11	3.578	3.628	3.565	3.591	3345532	12001416.00
2025/12/12	3.570	3.603	3.558	3.572	2419502	8642695.00
2025/12/15	3.572	3.610	3.516	3.550	4415773	15652956.00
2025/12/16	3.539	3.552	3.525	3.546	1308281	4635267.00
2025/12/17	3.540	3.567	3.507	3.552	2709099	9585175.00
2025/12/18	3.552	3.552	3.515	3.518	875123	3088469.00
2025/12/19	3.540	3.540	3.475	3.519	3366374	11800860.00
2025/12/22	3.535	3.535	3.481	3.519	1176691	4121845.00
2025/12/23	3.500	3.519	3.449	3.486	3111400	10812767.00
2025/12/24	3.480	3.572	3.448	3.545	1235859	4351128.00
2025/12/25	3.541	3.660	3.541	3.609	3100853	11225331.00
2025/12/26	3.582	3.619	3.581	3.594	1181894	4251860.00
2025/12/29	3.583	3.615	3.557	3.566	2108308	7552391.00
2025/12/30	3.561	3.562	3.521	3.547	2014213	7128481.00
2025/12/31	3.547	3.577	3.540	3.552	631706	2246276.00
2026/01/05	3.548	3.589	3.460	3.575	2211195	7898332.00
2026/01/06	3.575	3.640	3.575	3.621	5679863	20532230.00
2026/01/07	3.621	3.678	3.600	3.670	3845825	14073202.00
2026/01/08	3.670	3.763	3.640	3.758	1825485	6758667.00
2026/01/09	3.755	3.799	3.690	3.752	2963189	11060787.00
2026/01/12	3.720	3.753	3.677	3.753	1271911	4757608.00
2026/01/13	3.720	3.740	3.701	3.723	1140699	4251021.00
2026/01/14	3.713	3.740	3.700	3.716	2188509	8131286.00
2026/01/15	3.716	3.740	3.690	3.695	2292815	8492547.00
2026/01/16	3.680	3.711	3.680	3.701	1676311	6202595.00
2026/01/19	3.709	3.735	3.693	3.729	5269381	19567574.00
2026/01/20	3.729	3.750	3.708	3.738	3673587	13729505.00
2026/01/21	3.720	3.758	3.704	3.737	4291421	16063135.00
2026/01/22	3.738	3.772	3.730	3.770	3796118	14239844.00
2026/01/23	3.770	3.800	3.740	3.761	2657826	10043125.00
2026/01/26	3.760	3.760	3.694	3.727	1000263	3724286.00
2026/01/27	3.705	3.727	3.643	3.699	8646094	31937846.00
2026/01/28	3.691	3.694	3.650	3.663	6999881	25718936.00
2026/01/29	3.657	3.760	3.640	3.672	5276231	19446018.00
2026/01/30	3.659	3.683	3.637	3.674	7672547	28029516.00
2026/02/02	3.679	3.680	3.639	3.652	1513474	5534800.00
2026/02/03	3.645	3.680	3.612	3.613	9145120	33115232.00
2026/02/04	3.600	3.620	3.578	3.580	7682516	27568778.00
2026/02/05	3.576	3.599	3.542	3.547	8462953	30221152.00
2026/02/06	3.546	3.567	3.535	3.538	5309231	18825632.00
2026/02/09	3.558	3.558	3.518	3.520	4594786	16231375.00
2026/02/10	3.520	3.597	3.512	3.545	9408605	33362672.00
2026/02/11	3.540	3.579	3.535	3.548	9611829	34124320.00
2026/02/12	3.548	3.577	3.540	3.573	7433311	26414596.00
2026/02/13	3.573	3.600	3.545	3.598	670704	2400979.00
2026/02/24	3.601	3.619	3.584	3.594	4614349	16586639.00
2026/02/25	3.584	3.604	3.576	3.598	7795729	28053204.00
2026/02/26	3.598	3.610	3.581	3.595	1400691	5033345.00
2026/02/27	3.595	3.601	3.572	3.580	4149605	14881089.00
2026/03/02	3.568	3.575	3.536	3.558	4450644	15834844.00
2026/03/03	3.557	3.572	3.530	3.542	3403445	12041238.00
2026/03/04	3.520	3.550	3.487	3.528	2868040	10119919.00
2026/03/05	3.538	3.538	3.501	3.513	1670241	5872047.00
2026/03/06	3.513	3.521	3.475	3.499	2739006	9555193.00
2026/03/09	3.498	3.498	3.444	3.464	3276831	11369164.00
2026/03/10	3.464	3.498	3.449	3.468	6426035	22356254.00
2026/03/11	3.462	3.464	3.414	3.418	1653001	5668706.00
2026/03/12	3.405	3.418	3.300	3.302	3173904	10576034.00
2026/03/13	3.292	3.307	3.278	3.303	5813027	19171592.00
2026/03/16	3.304	3.320	3.180	3.188	6228011	20059248.00
2026/03/17	3.257	3.330	3.257	3.285	15936450	52394044.00
2026/03/18	3.295	3.339	3.291	3.334	3788022	12541303.00
2026/03/19	3.330	3.348	3.286	3.344	3283064	10857686.00
2026/03/20	3.324	3.346	3.305	3.337	2020176	6721071.00
2026/03/23	3.337	3.384	3.326	3.336	3223891	10824465.00
2026/03/24	3.335	3.380	3.320	3.355	5560423	18593312.00
2026/04/03	3.509	3.514	3.478	3.488	3221865	11226266.00
#Ъ§ОнРДдД:ЭЈДяаХ
