508086 №ӨТшәУұұёЯЛЩREIT ИХПЯ І»ёҙИЁ
      ИХЖЪ	    ҝӘЕМ	    ЧоёЯ	    ЧоөН	    КХЕМ	    іЙҪ»Бҝ	    іЙҪ»¶о
2024/06/28	5.699	5.711	5.698	5.700	3676469	20954842.00
2024/07/01	5.699	5.713	5.698	5.703	1038161	5917759.00
2024/07/02	5.703	5.703	5.697	5.698	1430800	8153321.00
2024/07/03	5.698	5.700	5.698	5.698	506415	2885587.00
2024/07/04	5.670	5.699	5.670	5.699	972032	5538229.00
2024/07/05	5.695	5.700	5.695	5.696	346385	1973269.00
2024/07/08	5.695	5.698	5.695	5.696	221450	1261333.00
2024/07/09	5.696	5.696	5.695	5.695	190980	1087653.00
2024/07/10	5.695	5.700	5.695	5.699	889399	5067034.00
2024/07/11	5.699	5.699	5.694	5.697	559150	3185963.00
2024/07/12	5.696	5.698	5.695	5.698	675857	3850879.00
2024/07/15	5.694	5.700	5.694	5.699	610960	3481138.00
2024/07/16	5.695	5.699	5.695	5.696	575250	3277599.00
2024/07/17	5.697	5.732	5.693	5.706	887632	5062303.00
2024/07/18	5.705	5.705	5.697	5.700	736145	4196640.00
2024/07/19	5.699	5.719	5.695	5.704	550886	3141231.00
2024/07/22	5.700	5.719	5.696	5.702	878161	5007837.00
2024/07/23	5.702	5.702	5.694	5.698	216460	1233469.00
2024/07/24	5.698	5.698	5.695	5.695	93769	534120.00
2024/07/25	5.693	5.702	5.693	5.697	68876	392527.00
2024/07/26	5.720	5.720	5.695	5.697	124649	710191.00
2024/07/29	5.695	5.700	5.695	5.698	456716	2602358.00
2024/07/30	5.698	5.698	5.696	5.698	475433	2708537.00
2024/07/31	5.697	5.699	5.697	5.698	1465405	8349683.00
2024/08/01	5.698	5.698	5.696	5.697	346900	1976535.00
2024/08/02	5.697	5.699	5.697	5.699	596685	3399913.00
2024/08/05	5.699	5.749	5.695	5.732	2478351	14158072.00
2024/08/06	5.731	5.848	5.702	5.840	3236987	18696178.00
2024/08/07	5.801	5.898	5.720	5.897	1954730	11465908.00
2024/08/08	5.897	5.923	5.873	5.881	1056545	6224955.00
2024/08/09	5.881	5.912	5.880	5.893	1928321	11354074.00
2024/08/12	5.866	5.904	5.866	5.890	950058	5590465.00
2024/08/13	5.915	5.915	5.868	5.872	748964	4397254.00
2024/08/14	5.851	5.852	5.800	5.848	1208496	7048289.00
2024/08/15	5.846	5.896	5.846	5.896	1233002	7216837.00
2024/08/16	5.896	5.928	5.868	5.904	1641017	9679759.00
2024/08/19	5.910	5.938	5.866	5.900	878916	5185046.00
2024/08/20	5.875	5.930	5.875	5.901	1135946	6703682.00
2024/08/21	5.901	5.998	5.880	5.898	1339811	7944871.00
2024/08/22	5.872	5.975	5.872	5.904	954731	5648114.00
2024/08/23	5.935	5.935	5.888	5.900	294699	1740186.00
2024/08/26	5.889	5.892	5.871	5.890	112868	663778.00
2024/08/27	5.877	5.892	5.841	5.877	610183	3583829.00
2024/08/28	5.861	5.934	5.855	5.878	1863060	10973270.00
2024/08/29	5.866	5.899	5.860	5.869	1238704	7282179.00
2024/08/30	5.896	5.896	5.856	5.869	234667	1378063.00
2024/09/02	5.930	5.930	5.815	5.849	756232	4434086.00
2024/09/03	5.849	5.917	5.830	5.839	729325	4263817.00
2024/09/04	5.839	5.858	5.807	5.826	1191881	6940523.00
2024/09/05	5.808	5.849	5.808	5.824	791198	4610750.00
2024/09/06	5.810	5.890	5.761	5.813	463769	2690525.00
2024/09/09	5.812	5.824	5.783	5.800	598034	3470661.00
2024/09/10	5.820	5.820	5.773	5.785	311900	1804978.00
2024/09/11	5.800	5.817	5.755	5.764	713072	4117941.00
2024/09/12	5.796	5.814	5.731	5.797	1416643	8174952.00
2024/09/13	5.735	5.830	5.735	5.779	460400	2664148.00
2024/09/18	5.778	5.790	5.701	5.734	1261037	7214362.00
2024/09/19	5.726	5.761	5.723	5.739	157800	906830.00
2024/09/20	5.732	5.753	5.704	5.735	509567	2921789.00
2024/09/23	5.701	5.740	5.701	5.707	293704	1679361.00
2024/09/24	5.707	5.739	5.701	5.708	237600	1357243.00
2024/09/25	5.700	5.727	5.700	5.713	295300	1686761.00
2024/09/26	5.713	5.739	5.702	5.718	493801	2824909.00
2024/09/27	5.799	5.799	5.702	5.739	106899	610390.00
2024/09/30	5.711	5.722	5.702	5.720	289395	1653650.00
2024/10/08	5.800	5.800	5.690	5.699	1100146	6288214.00
2024/10/09	5.698	5.709	5.645	5.645	1074109	6103534.00
2024/10/10	5.404	5.430	5.335	5.340	765833	4108169.00
2024/10/11	5.340	5.390	5.186	5.349	706700	3764665.00
2024/10/14	5.349	5.359	5.333	5.349	783700	4193362.00
2024/10/15	5.345	5.372	5.327	5.335	604100	3222688.00
2024/10/16	5.325	5.345	5.325	5.333	124600	664541.00
2024/10/17	5.333	5.343	5.320	5.329	166400	887043.00
2024/10/18	5.320	5.335	5.318	5.328	215900	1149717.00
2024/10/21	5.321	5.354	5.300	5.313	219887	1169159.00
2024/10/22	5.348	5.348	5.301	5.325	202000	1073244.00
2024/10/23	5.320	5.342	5.320	5.332	110466	589503.00
2024/10/24	5.332	5.343	5.302	5.322	352260	1876074.00
2024/10/25	5.310	5.315	5.286	5.305	287431	1524160.00
2024/10/28	5.305	5.339	5.280	5.290	273366	1447720.00
2024/10/29	5.300	5.300	5.285	5.298	145705	772107.00
2024/10/30	5.290	5.302	5.258	5.302	318534	1682535.00
2024/10/31	5.302	5.315	5.291	5.315	126400	670424.00
2024/11/01	5.335	5.353	5.317	5.351	294066	1571464.00
2024/11/04	5.318	5.375	5.318	5.362	169019	906667.00
2024/11/05	5.362	5.376	5.350	5.375	177336	950628.00
2024/11/06	5.375	5.404	5.375	5.403	163500	881605.00
2024/11/07	5.403	5.439	5.399	5.439	299700	1622929.00
2024/11/08	5.439	5.440	5.384	5.421	447169	2423357.00
2024/11/11	5.415	5.433	5.382	5.433	433553	2343300.00
2024/11/12	5.435	5.453	5.395	5.452	571866	3109899.00
2024/11/13	5.445	5.459	5.414	5.456	699766	3806422.00
2024/11/14	5.455	5.485	5.420	5.477	610366	3338690.00
2024/11/15	5.490	5.497	5.436	5.446	417600	2276740.00
2024/11/18	5.406	5.444	5.351	5.387	322366	1744611.00
2024/11/19	5.411	5.462	5.360	5.408	319200	1721607.00
2024/11/20	5.368	5.440	5.368	5.433	1217500	6606673.00
2024/11/21	5.433	5.458	5.396	5.432	339900	1845596.00
2024/11/22	5.444	5.444	5.416	5.426	472215	2563300.00
2024/11/25	5.386	5.400	5.386	5.400	213899	1154951.00
2024/11/26	5.382	5.433	5.382	5.397	132100	713930.00
2024/11/27	5.382	5.418	5.382	5.418	125100	675767.00
2024/11/28	5.412	5.435	5.391	5.425	218733	1183203.00
2024/11/29	5.467	5.467	5.388	5.396	333034	1802224.00
2024/12/02	5.390	5.395	5.381	5.381	382967	2064258.00
2024/12/03	5.384	5.405	5.355	5.365	252500	1356305.00
2024/12/04	5.400	5.445	5.326	5.360	58300	311882.00
2024/12/05	5.399	5.401	5.340	5.340	236234	1270084.00
2024/12/06	5.367	5.379	5.341	5.379	525400	2814927.00
2024/12/09	5.386	5.386	5.341	5.361	133500	715320.00
2024/12/10	5.407	5.409	5.342	5.380	645259	3467199.00
2024/12/11	5.380	5.450	5.375	5.401	812266	4383781.00
2024/12/12	5.449	5.449	5.401	5.406	461416	2500814.00
2024/12/13	5.372	5.500	5.360	5.413	299100	1620194.00
2024/12/16	5.413	5.450	5.384	5.413	325667	1760149.00
2024/12/17	5.406	5.436	5.361	5.402	789472	4254460.00
2024/12/18	5.400	5.417	5.373	5.380	527821	2842344.00
2024/12/19	5.391	5.399	5.363	5.377	301500	1624098.00
2024/12/20	5.364	5.389	5.364	5.380	160600	863641.00
2024/12/23	5.378	5.408	5.364	5.402	426600	2300145.00
2024/12/24	5.401	5.428	5.382	5.424	283505	1531811.00
2024/12/25	5.397	5.420	5.390	5.400	180900	977390.00
2024/12/26	5.418	5.459	5.417	5.432	331366	1801623.00
2024/12/27	5.455	5.459	5.425	5.432	385000	2097009.00
2024/12/30	5.440	5.479	5.398	5.405	883500	4797181.00
2024/12/31	5.377	5.377	5.196	5.239	566400	2964052.00
2025/01/02	5.220	5.260	5.201	5.247	176666	924865.00
2025/01/03	5.247	5.275	5.247	5.273	453700	2390787.00
2025/01/06	5.296	5.314	5.274	5.292	823565	4356712.00
2025/01/07	5.267	5.299	5.213	5.246	361800	1896096.00
2025/01/08	5.246	5.272	5.230	5.266	276167	1450495.00
2025/01/09	5.291	5.291	5.240	5.284	808934	4266544.00
2025/01/10	5.320	5.350	5.246	5.285	228600	1206997.00
2025/01/13	5.293	5.293	5.264	5.268	346102	1826141.00
2025/01/14	5.260	5.260	5.236	5.237	286300	1500055.00
2025/01/15	5.233	5.270	5.230	5.265	531700	2795008.00
2025/01/16	5.267	5.312	5.243	5.307	905867	4793035.00
2025/01/17	5.306	5.307	5.211	5.270	860100	4524689.00
2025/01/20	5.273	5.284	5.228	5.273	553100	2905447.00
2025/01/21	5.260	5.264	5.240	5.258	398100	2090235.00
2025/01/22	5.258	5.299	5.253	5.295	947092	4988499.00
2025/01/23	5.296	5.309	5.273	5.307	729694	3862386.00
2025/01/24	5.290	5.346	5.290	5.345	1367943	7290542.00
2025/01/27	5.345	5.418	5.345	5.418	822480	4430897.00
2025/02/05	5.409	5.525	5.391	5.510	874801	4787409.00
2025/02/06	5.504	5.518	5.465	5.494	798196	4388132.00
2025/02/07	5.469	5.515	5.469	5.513	506313	2787948.00
2025/02/10	5.513	5.567	5.480	5.540	1363197	7550620.00
2025/02/11	5.550	5.648	5.539	5.595	956516	5360387.00
2025/02/12	5.620	5.651	5.507	5.509	1396100	7754022.00
2025/02/13	5.508	5.529	5.418	5.455	760700	4153133.00
2025/02/14	5.455	5.518	5.455	5.461	1713980	9423495.00
2025/02/17	5.485	5.504	5.450	5.456	1561467	8551356.00
2025/02/18	5.510	5.511	5.406	5.428	1287427	7050337.00
2025/02/19	5.430	5.499	5.430	5.457	856000	4675894.00
2025/02/20	5.490	5.541	5.457	5.540	2778633	15322021.00
2025/02/21	5.521	5.649	5.521	5.584	2374458	13250354.00
2025/02/24	5.579	5.600	5.545	5.545	846699	4703520.00
2025/02/25	5.550	5.587	5.480	5.554	1295634	7172269.00
2025/02/26	5.560	5.619	5.550	5.580	1633989	9097591.00
2025/02/27	5.580	5.600	5.520	5.596	2657533	14737404.00
2025/02/28	5.570	5.570	5.410	5.528	3648765	19924782.00
2025/03/03	5.503	5.534	5.482	5.497	2664945	14634080.00
2025/03/04	5.490	5.569	5.481	5.546	2706357	14935437.00
2025/03/05	5.540	5.567	5.489	5.560	3608667	19930844.00
2025/03/06	5.536	5.563	5.479	5.527	3142933	17341664.00
2025/03/07	5.530	5.530	5.473	5.499	2692600	14783454.00
2025/03/10	5.475	5.510	5.462	5.485	3167100	17357968.00
2025/03/11	5.494	5.504	5.451	5.468	2192000	11976631.00
2025/03/12	5.468	5.468	5.450	5.454	415500	2267664.00
2025/03/13	5.468	5.468	5.422	5.430	1362372	7407446.00
2025/03/14	5.450	5.465	5.427	5.440	1589867	8644525.00
2025/03/17	5.456	5.456	5.434	5.440	1472500	8012719.00
2025/03/18	5.440	5.459	5.421	5.424	776200	4220636.00
2025/03/19	5.424	5.433	5.420	5.426	816594	4431999.00
2025/03/20	5.430	5.469	5.427	5.450	2584700	14076951.00
2025/03/21	5.452	5.453	5.426	5.445	1449300	7889922.00
2025/03/24	5.466	5.466	5.438	5.464	412600	2250324.00
2025/03/25	5.464	5.475	5.452	5.469	646200	3533310.00
2025/03/26	5.474	5.485	5.463	5.482	978500	5352769.00
2025/03/27	5.490	5.516	5.464	5.511	3194900	17560004.00
2025/03/28	5.516	5.584	5.501	5.570	728400	4046795.00
2025/03/31	5.570	5.634	5.515	5.540	2198674	12197862.00
2025/04/01	5.548	5.548	5.500	5.517	579705	3197467.00
2025/04/02	5.480	5.550	5.360	5.542	1580694	8742004.00
2025/04/03	5.542	5.586	5.542	5.572	1539978	8576316.00
2025/04/07	5.571	5.676	5.515	5.530	1120066	6202848.00
2025/04/08	5.520	5.585	5.490	5.527	1744966	9651569.00
2025/04/09	5.439	5.439	5.352	5.395	573600	3087693.00
2025/04/10	5.371	5.399	5.355	5.374	967700	5214373.00
2025/04/11	5.380	5.390	5.370	5.379	838828	4509926.00
2025/04/14	5.380	5.392	5.375	5.384	330867	1779680.00
2025/04/15	5.400	5.400	5.380	5.398	180500	973031.00
2025/04/16	5.397	5.407	5.385	5.407	1196800	6463438.00
2025/04/17	5.407	5.424	5.388	5.424	605900	3281320.00
2025/04/18	5.425	5.445	5.421	5.426	130300	707347.00
2025/04/21	5.434	5.440	5.405	5.412	289600	1567568.00
2025/04/22	5.390	5.433	5.390	5.400	760299	4107583.00
2025/04/23	5.394	5.415	5.394	5.404	476666	2574956.00
2025/04/24	5.394	5.426	5.394	5.420	406366	2202649.00
2025/04/25	5.433	5.433	5.406	5.419	964466	5234403.00
2025/04/28	5.418	5.418	5.389	5.390	841400	4540717.00
2025/04/29	5.415	5.415	5.399	5.399	155300	839472.00
2025/04/30	5.400	5.420	5.400	5.406	500200	2705063.00
2025/05/06	5.406	5.415	5.402	5.406	176567	954433.00
2025/05/07	5.420	5.420	5.398	5.398	206200	1113877.00
2025/05/08	5.410	5.412	5.395	5.398	477400	2577452.00
2025/05/09	5.400	5.415	5.398	5.400	429800	2320634.00
2025/05/12	5.400	5.413	5.395	5.399	106400	574388.00
2025/05/13	5.410	5.410	5.392	5.407	192500	1040184.00
2025/05/14	5.407	5.415	5.394	5.395	485066	2621926.00
2025/05/15	5.400	5.405	5.378	5.389	424600	2287600.00
2025/05/16	5.389	5.394	5.370	5.380	320267	1722413.00
2025/05/19	5.393	5.393	5.364	5.364	645800	3472638.00
2025/05/20	5.385	5.429	5.370	5.380	1240300	6686919.00
2025/05/21	5.394	5.493	5.390	5.461	920266	5013348.00
2025/05/22	5.456	5.520	5.456	5.510	1187832	6517909.00
2025/05/23	5.510	5.563	5.502	5.517	1153767	6371077.00
2025/05/26	5.550	5.550	5.485	5.488	573610	3166298.00
2025/05/27	5.488	5.524	5.449	5.491	461167	2526177.00
2025/05/28	5.512	5.560	5.451	5.496	485800	2670992.00
2025/05/29	5.491	5.553	5.471	5.488	554802	3049828.00
2025/05/30	5.510	5.551	5.444	5.455	371467	2031285.00
2025/06/03	5.464	5.477	5.417	5.444	612700	3335679.00
2025/06/04	5.429	5.530	5.425	5.502	1073300	5899397.00
2025/06/05	5.502	5.702	5.502	5.639	3556663	20067672.00
2025/06/06	5.639	5.686	5.545	5.582	541800	3038189.00
2025/06/09	5.582	5.604	5.546	5.557	271500	1508202.00
2025/06/10	5.535	5.591	5.518	5.550	1309100	7304332.00
2025/06/11	5.570	5.619	5.547	5.547	278400	1550580.00
2025/06/12	5.530	5.562	5.525	5.540	492500	2727606.00
2025/06/13	5.540	5.599	5.536	5.550	454966	2523112.00
2025/06/16	5.562	5.602	5.550	5.560	335200	1868893.00
2025/06/17	5.543	5.582	5.527	5.555	340400	1888796.00
2025/06/18	5.570	5.570	5.515	5.549	281566	1562723.00
2025/06/19	5.548	5.599	5.537	5.543	900333	4999522.00
2025/06/20	5.529	5.559	5.528	5.529	175000	969095.00
2025/06/23	5.540	5.665	5.527	5.530	744633	4126871.00
2025/06/24	5.530	5.545	5.480	5.500	336400	1851815.00
2025/06/25	5.500	5.516	5.480	5.494	967500	5317218.00
2025/06/26	5.473	5.518	5.473	5.500	754867	4154317.00
2025/06/27	5.500	5.529	5.476	5.499	971567	5343058.00
2025/06/30	5.501	5.539	5.482	5.500	926545	5096359.00
2025/07/01	5.500	5.530	5.478	5.492	1560434	8580226.00
2025/07/02	5.493	5.532	5.493	5.510	1091300	6010187.00
2025/07/03	5.500	5.529	5.485	5.496	481900	2651879.00
2025/07/04	5.496	5.520	5.475	5.503	969700	5329106.00
2025/07/07	5.497	5.502	5.475	5.483	713000	3912775.00
2025/07/08	5.483	5.496	5.462	5.465	1179800	6457070.00
2025/07/09	5.463	5.474	5.426	5.455	1093500	5962705.00
2025/07/10	5.449	5.468	5.430	5.438	577533	3141700.00
2025/07/11	5.447	5.450	5.403	5.411	937600	5078881.00
2025/07/14	5.404	5.404	5.380	5.381	826200	4454063.00
2025/07/15	5.381	5.393	5.366	5.381	1072100	5768993.00
2025/07/16	5.381	5.426	5.381	5.398	2939000	15869378.00
2025/07/17	5.397	5.419	5.390	5.399	604100	3261848.00
2025/07/18	5.399	5.399	5.379	5.382	581553	3131138.00
2025/07/21	5.382	5.399	5.367	5.378	476667	2564213.00
2025/07/22	5.367	5.385	5.365	5.369	403200	2165451.00
2025/07/23	5.369	5.397	5.352	5.382	1076266	5783917.00
2025/07/24	5.393	5.399	5.360	5.384	639667	3440435.00
2025/07/25	5.398	5.398	5.370	5.390	719432	3875149.00
2025/07/28	5.390	5.419	5.390	5.410	569166	3073842.00
2025/07/29	5.410	5.412	5.371	5.388	1175366	6328786.00
2025/07/30	5.389	5.442	5.369	5.417	4126334	22373304.00
2025/07/31	5.417	5.532	5.417	5.526	2689972	14800507.00
2025/08/01	5.549	5.554	5.503	5.552	1750600	9686636.00
2025/08/04	5.397	5.406	5.296	5.356	1097034	5885114.00
2025/08/05	5.355	5.377	5.322	5.328	1299300	6925801.00
2025/08/06	5.340	5.340	5.270	5.277	1646900	8715987.00
2025/08/07	5.282	5.282	5.198	5.225	1815800	9494373.00
2025/08/08	5.248	5.248	5.200	5.211	1208533	6295669.00
2025/08/11	5.211	5.240	5.205	5.213	1219411	6354194.00
2025/08/12	5.211	5.230	5.201	5.214	1940000	10112437.00
2025/08/13	5.212	5.237	5.194	5.196	1516325	7883129.00
2025/08/14	5.196	5.223	5.154	5.164	1687650	8736072.00
2025/08/15	5.155	5.190	5.128	5.136	1624200	8352498.00
2025/08/18	5.136	5.149	5.071	5.089	601870	3068494.00
2025/08/19	5.089	5.160	5.089	5.156	1368667	7021383.00
2025/08/20	5.152	5.187	5.135	5.177	1149488	5940763.00
2025/08/21	5.176	5.255	5.153	5.250	661800	3454565.00
2025/08/22	5.232	5.254	5.220	5.248	593300	3111274.00
2025/08/25	5.248	5.289	5.209	5.276	905600	4765112.00
2025/08/26	5.276	5.336	5.244	5.307	1861654	9862910.00
2025/08/27	5.307	5.329	5.276	5.294	955800	5058859.00
2025/08/28	5.281	5.294	5.199	5.252	3162235	16525100.00
2025/08/29	5.251	5.290	5.211	5.280	1496982	7893418.00
2025/09/01	5.280	5.280	5.251	5.255	934067	4918877.00
2025/09/02	5.262	5.272	5.229	5.248	1127500	5913448.00
2025/09/03	5.248	5.280	5.244	5.250	578300	3037052.00
2025/09/04	5.258	5.272	5.246	5.255	658900	3460553.00
2025/09/05	5.246	5.269	5.229	5.257	415176	2182750.00
2025/09/08	5.264	5.297	5.252	5.282	546600	2888215.00
2025/09/09	5.258	5.295	5.258	5.274	181100	954981.00
2025/09/10	5.270	5.293	5.270	5.275	73900	390326.00
2025/09/11	5.275	5.286	5.255	5.278	318900	1678116.00
2025/09/12	5.270	5.288	5.264	5.283	686400	3621963.00
2025/09/15	5.283	5.288	5.264	5.264	98300	518109.00
2025/09/16	5.269	5.285	5.237	5.248	493900	2594035.00
2025/09/17	5.240	5.246	5.232	5.235	254900	1334781.00
2025/09/18	5.234	5.245	5.229	5.245	695966	3644326.00
2025/09/19	5.245	5.256	5.245	5.246	161300	846433.00
2025/09/22	5.252	5.264	5.247	5.264	101667	534651.00
2025/09/23	5.260	5.270	5.250	5.264	279100	1468616.00
2025/09/24	5.268	5.284	5.268	5.268	517500	2730418.00
2025/09/25	5.160	5.160	5.132	5.146	333500	1714117.00
2025/09/26	5.136	5.185	5.136	5.170	331800	1711534.00
2025/09/29	5.170	5.170	5.133	5.150	95400	490811.00
2025/09/30	5.126	5.168	5.126	5.155	406000	2087946.00
2025/10/09	5.154	5.175	5.100	5.151	210200	1077537.00
2025/10/10	5.127	5.151	5.125	5.151	151300	778799.00
2025/10/13	5.151	5.156	5.144	5.156	44534	229215.00
2025/10/14	5.150	5.158	5.144	5.152	572100	2948523.00
2025/10/15	5.150	5.150	5.130	5.142	148500	763399.00
2025/10/16	5.138	5.185	5.109	5.139	249869	1282317.00
2025/10/17	5.126	5.179	5.120	5.146	248900	1277560.00
2025/10/20	5.126	5.156	5.115	5.149	499100	2557625.00
2025/10/21	5.144	5.192	5.129	5.152	668200	3435485.00
2025/10/22	5.138	5.179	5.138	5.148	131400	676649.00
2025/10/23	5.141	5.165	5.135	5.139	278900	1434681.00
2025/10/24	5.139	5.163	5.138	5.160	306766	1579189.00
2025/10/27	5.160	5.168	5.143	5.147	351100	1808201.00
2025/10/28	5.147	5.174	5.147	5.171	267536	1380881.00
2025/10/29	5.170	5.174	5.170	5.172	157400	813929.00
2025/10/30	5.172	5.188	5.172	5.186	232500	1205455.00
2025/10/31	5.180	5.193	5.166	5.173	312400	1616541.00
2025/11/03	5.162	5.165	5.133	5.155	277745	1431027.00
2025/11/04	5.144	5.185	5.144	5.178	685400	3538888.00
2025/11/05	5.178	5.209	5.162	5.209	437400	2266978.00
2025/11/06	5.210	5.230	5.170	5.191	297666	1547009.00
2025/11/07	5.213	5.213	5.170	5.211	332379	1729436.00
2025/11/10	5.187	5.287	5.187	5.285	485175	2551052.00
2025/11/11	5.285	5.306	5.248	5.295	381966	2023017.00
2025/11/12	5.320	5.346	5.284	5.307	283400	1503587.00
2025/11/13	5.284	5.347	5.267	5.347	786466	4169076.00
2025/11/14	5.347	5.348	5.307	5.342	291438	1554200.00
2025/11/17	5.342	5.350	5.271	5.322	416100	2213079.00
2025/11/18	5.282	5.331	5.282	5.320	785536	4178219.00
2025/11/19	5.340	5.340	5.286	5.320	449600	2382644.00
2025/11/20	5.289	5.318	5.245	5.300	184200	975261.00
2025/11/21	5.322	5.322	5.260	5.266	252500	1331145.00
2025/11/24	5.255	5.296	5.177	5.279	831600	4338641.00
2025/11/25	5.270	5.311	5.256	5.296	930332	4921846.00
2025/11/26	5.290	5.349	5.277	5.301	635967	3382206.00
2025/11/27	5.319	5.340	5.297	5.331	129498	689135.00
2025/11/28	5.300	5.330	5.300	5.320	1095900	5828596.00
2025/12/01	5.303	5.358	5.248	5.320	998882	5316206.00
2025/12/02	5.325	5.325	5.300	5.322	531800	2826395.00
2025/12/03	5.314	5.360	5.297	5.322	770101	4101539.00
2025/12/04	5.314	5.325	5.306	5.306	329700	1751539.00
2025/12/05	5.296	5.338	5.283	5.313	306900	1628583.00
2025/12/08	5.313	5.330	5.286	5.307	304100	1614042.00
2025/12/09	5.307	5.307	5.283	5.292	154566	817987.00
2025/12/10	5.280	5.299	5.263	5.295	119000	629539.00
2025/12/11	5.300	5.300	5.274	5.294	133300	704966.00
2025/12/12	5.271	5.286	5.213	5.220	857800	4498532.00
2025/12/15	5.217	5.222	5.100	5.132	543900	2809778.00
2025/12/16	5.132	5.184	5.110	5.110	361100	1851920.00
2025/12/17	5.116	5.165	5.088	5.090	310134	1582066.00
2025/12/18	5.085	5.093	5.040	5.042	438034	2218925.00
2025/12/19	5.042	5.073	4.999	5.005	1069830	5362572.00
2025/12/22	5.010	5.084	4.940	4.960	881257	4408396.00
2025/12/23	4.982	5.049	4.980	4.997	350600	1754262.00
2025/12/24	5.000	5.090	5.000	5.088	737063	3708172.00
2025/12/25	4.974	4.997	4.930	4.991	824000	4099989.00
2025/12/26	4.983	5.019	4.973	4.987	164200	820367.00
2025/12/29	4.987	4.987	4.947	4.969	114200	567113.00
2025/12/30	4.972	5.008	4.965	4.970	191100	949369.00
2025/12/31	4.971	4.999	4.952	4.975	220400	1095958.00
2026/01/05	4.978	5.039	4.978	5.035	551000	2761609.00
2026/01/06	5.040	5.060	5.019	5.057	522700	2639209.00
2026/01/07	5.080	5.080	5.043	5.058	1073633	5436321.00
2026/01/08	5.020	5.070	5.020	5.054	713800	3608539.00
2026/01/09	5.070	5.089	5.040	5.058	763734	3866177.00
2026/01/12	5.019	5.042	5.019	5.034	229900	1157466.00
2026/01/13	5.034	5.055	5.034	5.034	257100	1294707.00
2026/01/14	5.018	5.021	5.012	5.016	148200	743517.00
2026/01/15	5.039	5.039	4.989	5.010	361800	1814040.00
2026/01/16	5.039	5.039	4.990	4.990	200066	1000651.00
2026/01/19	5.020	5.020	4.992	5.000	240400	1202853.00
2026/01/20	5.000	5.000	4.972	4.983	432700	2155919.00
2026/01/21	5.005	5.005	4.982	4.985	217500	1085913.00
2026/01/22	5.015	5.015	4.996	5.007	79700	399133.00
2026/01/23	5.027	5.027	4.984	4.989	247700	1235817.00
2026/01/26	4.986	4.986	4.972	4.976	87100	433562.00
2026/01/27	4.998	4.998	4.969	4.970	81700	406259.00
2026/01/28	4.990	4.990	4.969	4.969	185200	920655.00
2026/01/29	4.991	4.991	4.963	4.975	405000	2011002.00
2026/01/30	4.975	4.988	4.963	4.975	114000	566991.00
2026/02/02	4.975	5.005	4.900	4.985	271600	1349881.00
2026/02/03	4.985	4.990	4.963	4.977	281066	1398159.00
2026/02/04	4.995	4.995	4.965	4.985	363300	1810779.00
2026/02/05	4.999	4.999	4.964	4.975	156400	778049.00
2026/02/06	4.996	4.996	4.955	4.968	313400	1556522.00
2026/02/09	4.980	4.980	4.947	4.953	241270	1195392.00
2026/02/10	4.953	4.969	4.952	4.964	123400	612768.00
2026/02/11	4.986	4.986	4.952	4.961	103850	514960.00
2026/02/12	4.965	4.984	4.962	4.978	1355066	6738970.00
2026/02/13	4.994	4.994	4.973	4.988	254100	1266445.00
2026/02/24	4.999	5.023	4.967	5.012	439900	2204595.00
2026/02/25	5.024	5.025	5.006	5.014	94600	474387.00
2026/02/26	5.029	5.029	4.983	5.002	1211000	6052092.00
2026/02/27	5.023	5.023	4.990	5.009	266000	1330942.00
2026/03/02	5.009	5.009	4.985	4.994	212500	1060426.00
2026/03/03	4.994	5.008	4.981	4.991	227200	1133196.00
2026/03/04	4.991	5.005	4.975	4.993	4132668	20661722.00
2026/03/05	4.985	5.008	4.975	4.996	421600	2106788.00
2026/03/06	5.008	5.054	5.000	5.017	2249300	11310339.00
2026/03/09	5.017	5.065	4.997	5.023	1432200	7210498.00
2026/03/10	5.024	5.061	5.024	5.053	1127800	5695786.00
2026/03/11	5.054	5.054	5.029	5.043	233500	1175893.00
2026/03/12	5.060	5.060	5.035	5.041	28300	142727.00
2026/03/13	5.055	5.060	5.048	5.053	584200	2952849.00
2026/03/16	5.060	5.060	5.032	5.040	244900	1235737.00
2026/03/17	5.032	5.053	5.023	5.041	171672	865367.00
2026/03/18	5.060	5.063	5.030	5.061	652100	3296010.00
2026/03/19	5.082	5.094	5.074	5.088	436766	2220506.00
2026/03/20	5.099	5.144	5.099	5.132	665800	3408054.00
2026/03/23	5.116	5.116	5.068	5.095	185366	941742.00
2026/03/24	5.110	5.110	5.061	5.068	176900	896523.00
2026/04/03	5.062	5.122	5.050	5.098	1235066	6296108.00
#КэҫЭАҙФҙ:НЁҙпРЕ
