508069 ЛЊЯФФЯОЉНЛЭЈИпЫй ШеЯп ВЛИДШЈ
      ШеЦк	    ПЊХЬ	    зюИп	    зюЕЭ	    ЪеХЬ	    ГЩНЛСП	    ГЩНЛЖю
2024/11/01	5.470	5.480	5.453	5.453	3421272	18687948.00
2024/11/04	5.450	5.471	5.413	5.470	734800	4009453.00
2024/11/05	5.473	5.541	5.452	5.541	685901	3773491.00
2024/11/06	5.501	5.577	5.465	5.559	566759	3143775.00
2024/11/07	5.572	5.572	5.519	5.570	239225	1328806.00
2024/11/08	5.580	5.580	5.532	5.559	163380	907338.00
2024/11/11	5.561	5.561	5.495	5.546	3230480	17855472.00
2024/11/12	5.545	5.615	5.507	5.613	1202434	6724549.00
2024/11/13	5.720	5.720	5.573	5.660	322475	1820965.00
2024/11/14	5.774	5.774	5.652	5.695	940103	5336027.00
2024/11/15	5.696	5.750	5.660	5.726	1122400	6397548.00
2024/11/18	5.726	5.750	5.726	5.744	275295	1579746.00
2024/11/19	5.850	5.850	5.688	5.713	1147110	6560702.00
2024/11/20	5.712	5.746	5.696	5.699	829725	4744177.00
2024/11/21	5.680	5.800	5.659	5.720	57455	328028.00
2024/11/22	5.835	5.835	5.700	5.721	436800	2500711.00
2024/11/25	5.681	5.735	5.681	5.695	48800	278231.00
2024/11/26	5.656	5.750	5.656	5.695	135141	768454.00
2024/11/27	5.675	5.750	5.675	5.703	95300	542780.00
2024/11/28	5.670	5.740	5.670	5.706	13306	75914.00
2024/11/29	5.703	5.736	5.702	5.716	96435	550467.00
2024/12/02	5.700	5.700	5.602	5.623	1348300	7600500.00
2024/12/03	5.600	5.658	5.597	5.624	6076651	34034872.00
2024/12/04	5.600	5.655	5.598	5.650	541457	3045392.00
2024/12/05	5.610	5.655	5.610	5.654	145683	821924.00
2024/12/06	5.614	5.698	5.614	5.671	900986	5115387.00
2024/12/09	5.631	5.710	5.631	5.675	544600	3091306.00
2024/12/10	5.635	5.710	5.635	5.709	2084845	11865074.00
2024/12/11	5.700	5.743	5.671	5.730	1400496	8006122.00
2024/12/12	5.690	5.892	5.690	5.790	1472394	8524229.00
2024/12/13	5.768	5.875	5.750	5.751	491700	2831518.00
2024/12/16	5.719	5.798	5.719	5.750	134100	773933.00
2024/12/17	5.750	5.800	5.712	5.776	635652	3655922.00
2024/12/18	5.768	5.805	5.736	5.797	2010579	11624454.00
2024/12/19	5.757	5.825	5.757	5.799	326651	1886671.00
2024/12/20	5.759	5.825	5.759	5.813	92255	535680.00
2024/12/23	5.773	5.825	5.773	5.816	46900	272571.00
2024/12/24	5.814	5.882	5.800	5.806	54500	317213.00
2024/12/25	5.814	5.814	5.770	5.790	18600	107869.00
2024/12/26	5.845	5.845	5.770	5.790	162305	940413.00
2024/12/27	5.771	5.875	5.771	5.794	506826	2937830.00
2024/12/30	5.804	5.879	5.800	5.800	87108	505908.00
2024/12/31	5.866	5.866	5.782	5.806	139144	808463.00
2025/01/02	5.831	5.864	5.811	5.849	668049	3895913.00
2025/01/03	5.849	6.053	5.849	6.026	726547	4329004.00
2025/01/06	6.110	6.156	6.043	6.114	888812	5427472.00
2025/01/07	6.166	6.166	6.074	6.107	165689	1009174.00
2025/01/08	6.067	6.180	6.067	6.174	84654	521380.00
2025/01/09	6.160	6.224	6.139	6.220	101921	632575.00
2025/01/10	6.281	6.395	6.224	6.327	245900	1554370.00
2025/01/13	6.335	6.354	6.225	6.335	348700	2204489.00
2025/01/14	6.311	6.323	6.130	6.199	790331	4922588.00
2025/01/15	6.200	6.266	6.170	6.245	340851	2113929.00
2025/01/16	6.264	6.264	6.215	6.251	271200	1694277.00
2025/01/17	6.251	6.274	6.202	6.230	217138	1353699.00
2025/01/20	6.229	6.390	6.226	6.389	157300	983182.00
2025/01/21	6.369	6.492	6.216	6.490	252404	1614240.00
2025/01/22	6.493	6.550	6.459	6.530	274282	1780476.00
2025/01/23	6.490	6.661	6.490	6.525	327951	2138310.00
2025/01/24	6.485	6.628	6.485	6.519	150035	977833.00
2025/01/27	6.479	6.619	6.460	6.571	225755	1480661.00
2025/02/05	6.571	6.603	6.500	6.596	333657	2192227.00
2025/02/06	6.596	6.720	6.575	6.678	198008	1314726.00
2025/02/07	6.678	6.726	6.589	6.678	554945	3697187.00
2025/02/10	6.678	6.915	6.639	6.874	308456	2065318.00
2025/02/11	6.834	6.990	6.759	6.942	515513	3579925.00
2025/02/12	6.950	6.950	6.697	6.700	822335	5610880.00
2025/02/13	6.700	6.790	6.682	6.699	690300	4631881.00
2025/02/14	6.736	6.774	6.614	6.721	1033655	6924142.00
2025/02/17	6.722	6.800	6.722	6.787	911815	6176699.00
2025/02/18	6.859	6.859	6.773	6.827	1041370	7097068.00
2025/02/19	6.787	6.832	6.785	6.792	498100	3390321.00
2025/02/20	6.753	6.981	6.727	6.980	675951	4638536.00
2025/02/21	6.980	7.115	6.930	7.089	661680	4684401.00
2025/02/24	7.081	7.092	7.002	7.070	768800	5425649.00
2025/02/25	7.057	7.059	6.978	7.000	721674	5070087.00
2025/02/26	7.000	7.090	6.900	6.915	622100	4330283.00
2025/02/27	6.915	6.915	6.724	6.838	787200	5346220.00
2025/02/28	6.798	6.834	6.651	6.669	845600	5693204.00
2025/03/03	6.802	6.802	6.655	6.676	427800	2858616.00
2025/03/04	6.676	6.799	6.676	6.678	706976	4732332.00
2025/03/05	6.699	6.699	6.656	6.682	679700	4538525.00
2025/03/06	6.686	6.697	6.660	6.664	403000	2691171.00
2025/03/07	6.650	6.688	6.650	6.665	262802	1750770.00
2025/03/10	6.664	6.691	6.663	6.686	138859	927248.00
2025/03/11	6.693	6.753	6.690	6.698	223604	1500289.00
2025/03/12	6.681	6.695	6.658	6.660	286000	1907749.00
2025/03/13	6.659	6.666	6.654	6.658	76800	511347.00
2025/03/14	6.650	6.667	6.625	6.666	100600	669000.00
2025/03/17	6.630	6.700	6.626	6.680	239000	1591450.00
2025/03/18	6.698	6.698	6.660	6.667	286700	1916582.00
2025/03/19	6.667	6.699	6.642	6.670	436800	2914104.00
2025/03/20	6.702	6.751	6.637	6.735	570211	3834817.00
2025/03/21	6.740	6.782	6.739	6.775	382400	2589978.00
2025/03/24	6.775	6.783	6.751	6.766	57700	390939.00
2025/03/25	6.765	6.786	6.743	6.753	263800	1785804.00
2025/03/26	6.753	6.753	6.719	6.741	176400	1188065.00
2025/03/27	6.775	6.785	6.741	6.784	167500	1135394.00
2025/03/28	6.778	6.998	6.778	6.993	233346	1607928.00
2025/03/31	6.958	7.059	6.918	6.944	634642	4419452.00
2025/04/01	6.942	6.942	6.825	6.848	124100	857392.00
2025/04/02	6.977	6.977	6.859	6.890	193400	1330938.00
2025/04/03	6.889	6.998	6.889	6.929	128355	890144.00
2025/04/07	6.889	7.038	6.884	7.000	219000	1515828.00
2025/04/08	7.000	7.180	6.952	7.137	464400	3296930.00
2025/04/09	7.138	7.138	7.038	7.059	120400	851433.00
2025/04/10	7.019	7.163	7.019	7.041	173300	1225386.00
2025/04/11	7.034	7.048	7.033	7.039	97300	684714.00
2025/04/14	7.006	7.056	7.000	7.040	29600	207672.00
2025/04/15	7.030	7.075	7.030	7.060	507600	3579486.00
2025/04/16	7.070	7.206	7.066	7.149	791500	5652452.00
2025/04/17	7.194	7.215	7.175	7.215	830670	5977023.00
2025/04/18	7.279	7.313	7.195	7.216	41405	298935.00
2025/04/21	7.212	7.212	7.159	7.159	257320	1848005.00
2025/04/22	7.159	7.185	7.150	7.161	500800	3587853.00
2025/04/23	7.185	7.189	7.176	7.176	61200	439564.00
2025/04/24	7.205	7.320	7.143	7.148	107400	771863.00
2025/04/25	7.136	7.136	7.039	7.075	212300	1499893.00
2025/04/28	7.075	7.080	7.012	7.012	82500	581928.00
2025/04/29	6.972	7.051	6.970	7.024	54200	380146.00
2025/04/30	7.000	7.118	7.000	7.077	377379	2672199.00
2025/05/06	7.105	7.120	7.077	7.120	49300	350320.00
2025/05/07	7.080	7.249	7.080	7.200	207154	1491021.00
2025/05/08	7.171	7.291	7.160	7.223	529886	3832068.00
2025/05/09	7.199	7.251	7.186	7.210	108200	779059.00
2025/05/12	7.250	7.341	7.220	7.337	178400	1298268.00
2025/05/13	7.360	7.550	7.337	7.481	244800	1814770.00
2025/05/14	7.512	7.786	7.511	7.773	658685	5094168.00
2025/05/15	7.774	7.998	7.773	7.827	1485084	11737639.00
2025/05/16	7.828	7.997	7.827	7.868	1639500	12902989.00
2025/05/19	7.638	7.638	7.275	7.489	500100	3748677.00
2025/05/20	7.449	7.470	7.399	7.470	225884	1682865.00
2025/05/21	7.469	7.470	7.263	7.350	381800	2821872.00
2025/05/22	7.350	7.390	7.320	7.325	571900	4209098.00
2025/05/23	7.325	7.331	7.278	7.285	290151	2117436.00
2025/05/26	7.285	7.371	7.285	7.359	329800	2418329.00
2025/05/27	7.374	7.498	7.363	7.448	295697	2192147.00
2025/05/28	7.418	7.498	7.410	7.498	217300	1615747.00
2025/05/29	7.465	7.577	7.465	7.574	282851	2130352.00
2025/05/30	7.544	7.720	7.500	7.500	167600	1268111.00
2025/06/03	7.470	7.512	7.470	7.499	107855	807586.00
2025/06/04	7.501	7.705	7.494	7.623	336900	2558910.00
2025/06/05	7.623	7.970	7.623	7.869	580468	4570864.00
2025/06/06	7.870	7.972	7.790	7.840	284700	2240389.00
2025/06/09	7.871	7.871	7.750	7.752	198010	1537957.00
2025/06/10	7.721	7.812	7.712	7.786	235400	1831721.00
2025/06/11	7.817	7.850	7.744	7.800	253800	1974713.00
2025/06/12	7.800	7.825	7.708	7.765	285200	2213257.00
2025/06/13	7.765	7.770	7.673	7.734	676260	5223845.00
2025/06/16	7.724	7.855	7.705	7.825	770800	6008964.00
2025/06/17	7.840	7.840	7.747	7.748	219600	1711208.00
2025/06/18	7.755	7.757	7.709	7.746	238900	1844240.00
2025/06/19	7.745	7.745	7.608	7.687	418600	3215391.00
2025/06/20	7.656	7.684	7.619	7.645	865900	6618441.00
2025/06/23	7.647	7.650	7.580	7.596	412100	3136567.00
2025/06/24	7.570	7.626	7.407	7.447	570070	4270682.00
2025/06/25	7.584	7.584	7.330	7.348	304200	2241423.00
2025/06/26	7.348	7.351	7.164	7.216	629275	4544110.00
2025/06/27	7.187	7.196	7.060	7.131	842660	5992795.00
2025/06/30	7.142	7.142	7.080	7.115	597464	4241534.00
2025/07/01	7.097	7.360	7.096	7.351	1151932	8304129.00
2025/07/02	7.322	7.500	7.322	7.434	1252000	9290578.00
2025/07/03	7.433	7.470	7.410	7.440	658800	4907644.00
2025/07/04	7.439	7.440	7.381	7.410	613300	4542740.00
2025/07/07	7.409	7.409	7.300	7.335	679000	4985830.00
2025/07/08	7.335	7.339	7.275	7.276	139750	1019261.00
2025/07/09	7.300	7.327	7.300	7.308	567600	4148301.00
2025/07/10	7.312	7.374	7.250	7.262	1509600	11043685.00
2025/07/11	7.263	7.433	7.263	7.322	1501270	11029560.00
2025/07/14	7.288	7.288	7.000	7.056	485700	3453727.00
2025/07/15	7.070	7.070	7.021	7.032	165200	1162451.00
2025/07/16	7.004	7.074	7.004	7.064	388500	2744968.00
2025/07/17	7.039	7.080	7.039	7.046	197200	1390539.00
2025/07/18	7.039	7.069	7.031	7.046	258500	1821413.00
2025/07/21	7.053	7.074	7.032	7.042	472700	3333715.00
2025/07/22	7.036	7.040	6.929	6.941	446400	3113953.00
2025/07/23	6.941	6.941	6.700	6.790	1259062	8508131.00
2025/07/24	6.763	6.789	6.647	6.674	577901	3859534.00
2025/07/25	6.672	6.674	6.638	6.655	925800	6160206.00
2025/07/28	6.680	6.699	6.640	6.653	530500	3532639.00
2025/07/29	6.654	6.658	6.646	6.651	944349	6282418.00
2025/07/30	6.655	6.685	6.653	6.681	412400	2751137.00
2025/07/31	6.681	6.772	6.681	6.772	732346	4927857.00
2025/08/01	6.772	6.772	6.718	6.771	283935	1914536.00
2025/08/04	6.779	6.840	6.779	6.808	881300	5994500.00
2025/08/05	6.808	6.835	6.805	6.824	573600	3914528.00
2025/08/06	6.839	6.950	6.810	6.944	335635	2297153.00
2025/08/07	6.916	7.030	6.833	7.009	307400	2155639.00
2025/08/08	6.981	7.010	6.981	7.000	503900	3524310.00
2025/08/11	7.001	7.030	6.985	7.005	273500	1915415.00
2025/08/12	7.033	7.033	7.002	7.018	146700	1029218.00
2025/08/13	7.020	7.020	6.899	6.899	340000	2358215.00
2025/08/14	6.890	6.890	6.795	6.814	816100	5564714.00
2025/08/15	6.774	6.840	6.730	6.735	1087460	7368153.00
2025/08/18	6.761	6.761	6.605	6.608	918435	6082682.00
2025/08/19	6.608	6.613	6.473	6.483	1451900	9520898.00
2025/08/20	6.522	6.600	6.500	6.548	600265	3934847.00
2025/08/21	6.550	6.703	6.550	6.684	589300	3925067.00
2025/08/22	6.736	6.736	6.636	6.694	444470	2967832.00
2025/08/25	6.682	6.817	6.662	6.780	733803	4970042.00
2025/08/26	6.780	6.838	6.779	6.832	665900	4539371.00
2025/08/27	6.795	6.900	6.794	6.900	661100	4530707.00
2025/08/28	6.926	6.926	6.829	6.829	385600	2640941.00
2025/08/29	6.789	6.812	6.778	6.800	760451	5172991.00
2025/09/01	6.799	6.825	6.760	6.824	97300	661796.00
2025/09/02	6.865	6.906	6.832	6.883	227300	1562302.00
2025/09/03	6.883	6.927	6.848	6.885	111300	766102.00
2025/09/04	6.920	6.950	6.856	6.925	195300	1347379.00
2025/09/05	6.925	6.939	6.851	6.908	170748	1176647.00
2025/09/08	6.909	6.919	6.868	6.887	221300	1525350.00
2025/09/09	6.866	6.887	6.848	6.861	115700	792904.00
2025/09/10	6.902	6.994	6.902	6.947	415100	2879760.00
2025/09/11	6.947	7.016	6.922	6.979	741900	5179286.00
2025/09/12	6.982	6.985	6.957	6.970	406900	2836768.00
2025/09/15	6.824	6.855	6.809	6.816	97200	664062.00
2025/09/16	6.815	6.827	6.815	6.818	11700	79774.00
2025/09/17	6.817	6.817	6.770	6.784	244700	1660278.00
2025/09/18	6.784	6.814	6.768	6.785	216501	1468775.00
2025/09/19	6.784	6.784	6.731	6.745	233075	1570654.00
2025/09/22	6.745	6.880	6.745	6.777	25992	176863.00
2025/09/23	6.799	6.810	6.730	6.730	106200	717544.00
2025/09/24	6.730	6.775	6.665	6.710	137600	926705.00
2025/09/25	6.710	6.844	6.669	6.685	168000	1130541.00
2025/09/26	6.685	6.818	6.621	6.787	211100	1405634.00
2025/09/29	6.789	6.840	6.675	6.719	160600	1080942.00
2025/09/30	6.765	6.765	6.717	6.729	34800	234326.00
2025/10/09	6.689	6.733	6.624	6.681	77057	513731.00
2025/10/10	6.709	6.815	6.640	6.660	53852	360122.00
2025/10/13	6.666	6.698	6.620	6.695	392800	2625276.00
2025/10/14	6.656	6.695	6.655	6.680	423800	2833191.00
2025/10/15	6.640	6.740	6.622	6.640	62000	411986.00
2025/10/16	6.640	6.755	6.600	6.669	354100	2362832.00
2025/10/17	6.669	6.774	6.656	6.688	623800	4175032.00
2025/10/20	6.689	6.728	6.659	6.667	503235	3363664.00
2025/10/21	6.707	6.707	6.602	6.619	118200	784869.00
2025/10/22	6.619	6.658	6.540	6.630	31200	205989.00
2025/10/23	6.628	6.763	6.590	6.610	68800	455279.00
2025/10/24	6.650	6.681	6.617	6.654	245452	1631871.00
2025/10/27	6.614	6.734	6.614	6.665	71600	476809.00
2025/10/28	6.665	6.894	6.665	6.893	495350	3370389.00
2025/10/29	6.895	6.925	6.877	6.919	581400	4013969.00
2025/10/30	6.919	6.950	6.887	6.915	300100	2078025.00
2025/10/31	6.916	6.959	6.867	6.887	82200	567785.00
2025/11/03	6.887	6.946	6.851	6.860	492988	3395802.00
2025/11/04	6.820	6.920	6.800	6.900	975300	6694105.00
2025/11/05	6.873	6.940	6.873	6.919	593900	4110056.00
2025/11/06	6.920	6.961	6.911	6.913	262600	1820176.00
2025/11/07	6.950	6.950	6.877	6.917	143505	991770.00
2025/11/10	6.950	6.973	6.880	6.968	358400	2487981.00
2025/11/11	6.969	7.152	6.935	7.135	572907	4040732.00
2025/11/12	7.147	7.174	7.068	7.130	859000	6115891.00
2025/11/13	7.131	7.199	7.080	7.111	450000	3210424.00
2025/11/14	7.112	7.200	7.111	7.157	547750	3917968.00
2025/11/17	7.169	7.200	7.070	7.075	204800	1456656.00
2025/11/18	7.076	7.217	7.070	7.109	489700	3487085.00
2025/11/19	7.110	7.180	7.092	7.147	459200	3283165.00
2025/11/20	7.107	7.197	7.020	7.195	304000	2169747.00
2025/11/21	7.155	7.238	7.155	7.200	120100	863626.00
2025/11/24	7.201	7.243	7.088	7.241	980200	7048430.00
2025/11/25	7.243	7.345	7.120	7.264	586000	4254826.00
2025/11/26	7.265	7.380	7.224	7.286	961742	7048848.00
2025/11/27	7.287	7.379	7.263	7.269	473935	3454216.00
2025/11/28	7.268	7.299	7.205	7.205	235900	1714436.00
2025/12/01	7.000	7.034	6.928	7.015	118100	826280.00
2025/12/02	6.976	7.057	6.976	7.031	36100	253626.00
2025/12/03	7.031	7.099	6.996	7.050	46400	327419.00
2025/12/04	7.055	7.055	6.347	6.850	609200	4180344.00
2025/12/05	6.811	6.984	6.648	6.874	454500	3038827.00
2025/12/08	6.834	6.873	6.680	6.798	434200	2914086.00
2025/12/09	6.776	6.836	6.661	6.717	175900	1179587.00
2025/12/10	6.677	6.722	6.666	6.718	102800	688456.00
2025/12/11	6.679	6.749	6.584	6.595	463500	3062521.00
2025/12/12	6.567	6.600	6.480	6.500	413200	2695623.00
2025/12/15	6.498	6.498	6.284	6.347	741900	4706728.00
2025/12/16	6.346	6.347	6.307	6.330	79777	504690.00
2025/12/17	6.315	6.433	6.315	6.409	848300	5418460.00
2025/12/18	6.369	6.499	6.330	6.370	763400	4882970.00
2025/12/19	6.370	6.391	6.178	6.212	587000	3665597.00
2025/12/22	6.200	6.299	6.111	6.145	641600	3947987.00
2025/12/23	6.260	6.260	6.037	6.059	469200	2844927.00
2025/12/24	6.059	6.350	6.000	6.246	961200	5871404.00
2025/12/25	6.246	6.399	6.240	6.316	888126	5650087.00
2025/12/26	6.316	6.413	6.316	6.366	384700	2455196.00
2025/12/29	6.360	6.479	6.332	6.352	359067	2279953.00
2025/12/30	6.314	6.399	6.314	6.399	259885	1650874.00
2025/12/31	6.399	6.501	6.359	6.501	212852	1369054.00
2026/01/05	6.558	6.561	6.500	6.529	220300	1435892.00
2026/01/06	6.616	6.616	6.523	6.533	102200	668765.00
2026/01/07	6.607	6.607	6.494	6.520	77700	507345.00
2026/01/08	6.597	6.597	6.441	6.459	236300	1534746.00
2026/01/09	6.500	6.500	6.400	6.405	286400	1843004.00
2026/01/12	6.366	6.455	6.301	6.369	239300	1522052.00
2026/01/13	6.330	6.361	6.300	6.325	230100	1454693.00
2026/01/14	6.338	6.340	6.269	6.317	180000	1137023.00
2026/01/15	6.280	6.368	6.202	6.235	169800	1063096.00
2026/01/16	6.240	6.240	6.111	6.140	379800	2330139.00
2026/01/19	6.104	6.231	6.100	6.225	249135	1539456.00
2026/01/20	6.261	6.300	6.191	6.273	511100	3192157.00
2026/01/21	6.237	6.303	6.210	6.247	717701	4480138.00
2026/01/22	6.247	6.269	6.200	6.258	455500	2837248.00
2026/01/23	6.221	6.256	6.116	6.152	1109900	6844749.00
2026/01/26	6.130	6.202	6.120	6.199	620626	3840335.00
2026/01/27	6.198	6.226	6.131	6.155	752200	4620380.00
2026/01/28	6.173	6.342	6.092	6.335	4242570	25957368.00
2026/01/29	6.291	6.432	6.270	6.426	473100	3000065.00
2026/01/30	6.430	6.464	6.352	6.406	613100	3932550.00
2026/02/02	6.412	6.429	6.335	6.370	754700	4816210.00
2026/02/03	6.368	6.450	6.343	6.417	266740	1705926.00
2026/02/04	6.431	6.460	6.410	6.417	300496	1931005.00
2026/02/05	6.417	6.420	6.382	6.419	66600	426691.00
2026/02/06	6.417	6.419	6.356	6.419	179800	1152000.00
2026/02/09	6.405	6.457	6.400	6.420	46300	297610.00
2026/02/10	6.422	6.513	6.403	6.455	525500	3391594.00
2026/02/11	6.459	6.530	6.459	6.480	495800	3215582.00
2026/02/12	6.532	6.532	6.470	6.507	219140	1423594.00
2026/02/13	6.512	6.533	6.502	6.505	52300	340747.00
2026/02/24	6.506	6.559	6.464	6.483	120801	783076.00
2026/02/25	6.503	6.550	6.487	6.539	130033	850062.00
2026/02/26	6.543	6.615	6.519	6.588	352200	2308469.00
2026/02/27	6.593	6.679	6.483	6.502	370700	2433369.00
2026/03/02	6.505	6.633	6.505	6.532	743500	4871242.00
2026/03/03	6.531	6.604	6.530	6.568	492000	3223676.00
2026/03/04	6.569	6.619	6.532	6.599	451700	2982788.00
2026/03/05	6.603	6.623	6.540	6.611	201200	1327080.00
2026/03/06	6.616	6.709	6.592	6.625	121235	802406.00
2026/03/09	6.625	6.739	6.531	6.555	69500	459432.00
2026/03/10	6.535	6.575	6.501	6.503	197500	1289427.00
2026/03/11	6.500	6.501	6.450	6.451	62700	405184.00
2026/03/12	6.425	6.508	6.410	6.427	118600	763376.00
2026/03/13	6.413	6.465	6.400	6.456	159000	1021885.00
2026/03/16	6.464	6.700	6.430	6.430	87500	565935.00
2026/03/17	6.450	6.540	6.434	6.440	301100	1941815.00
2026/03/18	6.460	6.480	6.427	6.436	153700	989601.00
2026/03/19	6.456	6.540	6.440	6.467	102700	663276.00
2026/03/20	6.498	6.540	6.469	6.489	104700	677761.00
2026/03/23	6.469	6.469	6.386	6.407	108400	695619.00
2026/03/24	6.409	6.418	6.342	6.342	149700	953888.00
2026/04/03	6.196	6.243	6.175	6.226	73200	454746.00
#Ъ§ОнРДдД:ЭЈДяаХ
