508080 中金亦庄产业园RE 日线 不复权
      日期	    开盘	    最高	    最低	    收盘	    成交量	    成交额
2025/06/26	3.536	3.536	3.536	3.536	1095875	3875014.00
2025/06/27	3.890	3.890	3.890	3.890	5425733	21106100.00
2025/06/30	4.180	4.279	3.780	3.915	35086136	138075680.00
2025/07/01	3.898	3.916	3.876	3.903	6446412	25151042.00
2025/07/02	3.950	3.950	3.905	3.923	3875788	15212773.00
2025/07/03	3.920	3.924	3.906	3.923	1806365	7075573.00
2025/07/04	3.910	3.959	3.910	3.959	2426785	9547251.00
2025/07/07	3.955	3.989	3.925	3.967	2106984	8376786.00
2025/07/08	3.979	3.979	3.940	3.953	1141952	4512218.00
2025/07/09	3.950	3.968	3.936	3.947	1889764	7453577.00
2025/07/10	3.947	3.947	3.921	3.937	1308888	5147184.00
2025/07/11	3.939	3.939	3.919	3.929	1488859	5846167.00
2025/07/14	3.929	3.929	3.911	3.925	2493686	9784526.00
2025/07/15	3.925	3.949	3.896	3.930	2394556	9408954.00
2025/07/16	3.930	3.943	3.921	3.940	1054527	4151307.00
2025/07/17	3.939	3.946	3.927	3.939	1345402	5297470.00
2025/07/18	3.931	3.941	3.927	3.935	560461	2203997.00
2025/07/21	3.927	3.934	3.912	3.926	1792312	7034626.00
2025/07/22	3.914	3.921	3.911	3.917	1415989	5548561.00
2025/07/23	3.912	3.913	3.833	3.850	3535929	13635557.00
2025/07/24	3.848	3.849	3.785	3.799	3091548	11749825.00
2025/07/25	3.793	3.848	3.732	3.828	3981097	15055602.00
2025/07/28	3.830	3.842	3.784	3.828	2192487	8340620.00
2025/07/29	3.837	3.885	3.815	3.880	2575599	9957522.00
2025/07/30	3.882	3.884	3.856	3.870	1470843	5690904.00
2025/07/31	3.855	3.903	3.855	3.903	2196941	8559752.00
2025/08/01	3.920	3.924	3.863	3.920	1236120	4823456.00
2025/08/04	3.904	3.930	3.890	3.901	1021483	3986720.00
2025/08/05	3.900	3.920	3.860	3.918	520295	2028217.00
2025/08/06	3.915	3.936	3.890	3.930	1106793	4338323.00
2025/08/07	3.931	3.935	3.914	3.921	972352	3814810.00
2025/08/08	3.921	3.921	3.890	3.916	998223	3899393.00
2025/08/11	3.915	3.915	3.878	3.889	402193	1564170.00
2025/08/12	3.889	3.898	3.858	3.892	714175	2770552.00
2025/08/13	3.890	3.890	3.862	3.874	457796	1772217.00
2025/08/14	3.861	3.881	3.851	3.881	1166514	4506768.00
2025/08/15	3.881	3.881	3.790	3.810	1129195	4322201.00
2025/08/18	3.815	3.815	3.724	3.735	871672	3264509.00
2025/08/19	3.730	3.735	3.696	3.721	2842012	10554326.00
2025/08/20	3.720	3.760	3.720	3.736	556897	2081037.00
2025/08/21	3.707	3.800	3.707	3.776	3942927	14772302.00
2025/08/22	3.776	3.814	3.753	3.807	1185175	4501714.00
2025/08/25	3.784	3.854	3.770	3.826	1077716	4137923.00
2025/08/26	3.826	3.910	3.823	3.882	1431397	5553137.00
2025/08/27	3.908	3.908	3.845	3.891	1551338	6049623.00
2025/08/28	3.869	3.901	3.850	3.850	418728	1619580.00
2025/08/29	3.827	3.882	3.827	3.848	802397	3085520.00
2025/09/01	3.843	3.880	3.826	3.863	432727	1672367.00
2025/09/02	3.881	3.909	3.851	3.880	594948	2315837.00
2025/09/03	3.851	3.910	3.798	3.892	1306269	5060009.00
2025/09/04	3.900	3.907	3.853	3.903	1206685	4706440.00
2025/09/05	3.868	3.902	3.868	3.877	393440	1529855.00
2025/09/08	3.854	3.859	3.835	3.835	512878	1970231.00
2025/09/09	3.840	3.855	3.811	3.845	1242284	4759162.00
2025/09/10	3.845	3.850	3.822	3.847	858825	3297732.00
2025/09/11	3.812	3.858	3.812	3.848	366267	1408388.00
2025/09/12	3.848	3.900	3.815	3.821	329922	1268875.00
2025/09/15	3.821	3.858	3.820	3.840	660172	2534330.00
2025/09/16	3.845	3.885	3.812	3.833	209964	806094.00
2025/09/17	3.820	3.878	3.820	3.845	120780	463192.00
2025/09/18	3.875	3.890	3.855	3.879	352648	1366635.00
2025/09/19	3.856	3.897	3.840	3.880	559504	2161518.00
2025/09/22	3.881	3.890	3.840	3.886	365072	1415351.00
2025/09/23	3.886	3.901	3.861	3.864	399309	1548807.00
2025/09/24	3.862	3.901	3.855	3.880	341784	1328736.00
2025/09/25	3.900	3.902	3.860	3.860	856663	3328138.00
2025/09/26	3.861	3.895	3.818	3.846	586936	2263499.00
2025/09/29	3.845	3.869	3.825	3.830	855108	3283263.00
2025/09/30	3.853	3.853	3.811	3.829	232124	888274.00
2025/10/09	3.810	3.829	3.810	3.820	172397	658419.00
2025/10/10	3.800	3.851	3.800	3.844	125100	479759.00
2025/10/13	3.839	3.842	3.804	3.840	151739	582399.00
2025/10/14	3.840	3.880	3.811	3.812	415087	1590604.00
2025/10/15	3.800	3.812	3.800	3.804	190770	726681.00
2025/10/16	3.805	3.809	3.800	3.800	309300	1175571.00
2025/10/17	3.797	3.823	3.760	3.782	1249563	4731720.00
2025/10/20	3.805	3.822	3.720	3.720	1288511	4851428.00
2025/10/21	3.714	3.750	3.714	3.715	533021	1992163.00
2025/10/22	3.713	3.780	3.708	3.748	1055707	3941882.00
2025/10/23	3.747	3.770	3.734	3.757	228207	856463.00
2025/10/24	3.759	3.803	3.759	3.803	162363	614227.00
2025/10/27	3.780	3.818	3.763	3.764	236904	899284.00
2025/10/28	3.764	3.840	3.764	3.827	261784	998599.00
2025/10/29	3.827	3.884	3.804	3.867	690319	2667698.00
2025/10/30	3.867	3.875	3.789	3.818	1194498	4576004.00
2025/10/31	3.800	3.828	3.775	3.789	250878	950538.00
2025/11/03	3.799	3.812	3.770	3.785	1390380	5270385.00
2025/11/04	3.769	3.771	3.737	3.753	736712	2761718.00
2025/11/05	3.731	3.799	3.731	3.774	253135	956267.00
2025/11/06	3.773	3.843	3.751	3.834	163764	620094.00
2025/11/07	3.830	3.857	3.788	3.807	593323	2260705.00
2025/11/10	3.805	3.834	3.789	3.813	371292	1413689.00
2025/11/11	3.774	3.826	3.774	3.814	871719	3325832.00
2025/11/12	3.793	3.827	3.793	3.820	744625	2837580.00
2025/11/13	3.819	3.821	3.780	3.783	243814	927313.00
2025/11/14	3.783	3.798	3.761	3.764	585869	2218055.00
2025/11/17	3.764	3.798	3.756	3.759	296687	1116057.00
2025/11/18	3.742	3.786	3.741	3.783	75706	286069.00
2025/11/19	3.763	3.794	3.763	3.788	35201	133336.00
2025/11/20	3.770	3.852	3.770	3.804	330454	1258142.00
2025/11/21	3.781	3.840	3.781	3.800	262111	999134.00
2025/11/24	3.801	3.823	3.746	3.746	213029	801118.00
2025/11/25	3.746	3.767	3.740	3.740	532492	1997792.00
2025/11/26	3.769	3.770	3.750	3.768	228949	862168.00
2025/11/27	3.777	3.777	3.762	3.771	73827	278459.00
2025/11/28	3.755	3.759	3.740	3.741	362381	1359457.00
2025/12/01	3.741	3.760	3.701	3.723	398103	1480690.00
2025/12/02	3.723	3.729	3.697	3.708	613810	2280310.00
2025/12/03	3.700	3.716	3.696	3.709	52252	193532.00
2025/12/04	3.714	3.716	3.700	3.710	143275	531991.00
2025/12/05	3.713	3.727	3.701	3.717	82858	308178.00
2025/12/08	3.722	3.740	3.720	3.720	124314	462987.00
2025/12/09	3.733	3.733	3.700	3.706	31082	115327.00
2025/12/10	3.706	3.720	3.690	3.693	572164	2121734.00
2025/12/11	3.694	3.737	3.687	3.736	612481	2280388.00
2025/12/12	3.715	3.769	3.715	3.768	290021	1090842.00
2025/12/15	3.768	3.768	3.703	3.707	129144	479871.00
2025/12/16	3.707	3.710	3.688	3.688	229245	846471.00
2025/12/17	3.687	3.715	3.657	3.659	568791	2089777.00
2025/12/18	3.625	3.680	3.610	3.663	216265	786171.00
2025/12/19	3.663	3.681	3.623	3.674	456325	1670603.00
2025/12/22	3.674	3.674	3.618	3.645	601580	2187770.00
2025/12/23	3.615	3.643	3.582	3.638	688038	2479720.00
2025/12/24	3.599	3.748	3.599	3.729	732826	2705251.00
2025/12/25	3.678	3.789	3.678	3.756	305788	1149300.00
2025/12/26	3.757	3.760	3.732	3.732	133734	500316.00
2025/12/29	3.733	3.739	3.708	3.713	64178	239629.00
2025/12/30	3.694	3.780	3.690	3.717	154767	574857.00
2025/12/31	3.747	3.747	3.702	3.713	218456	815019.00
2026/01/05	3.712	3.771	3.672	3.768	920180	3452563.00
2026/01/06	3.768	3.804	3.761	3.803	537273	2038970.00
2026/01/07	3.803	3.822	3.792	3.801	224656	855724.00
2026/01/08	3.801	3.821	3.774	3.808	364316	1390152.00
2026/01/09	3.808	3.825	3.740	3.791	763072	2893220.00
2026/01/12	3.791	3.793	3.738	3.780	341983	1289061.00
2026/01/13	3.764	3.811	3.740	3.781	438605	1660238.00
2026/01/14	3.783	3.812	3.780	3.802	969114	3672241.00
2026/01/15	3.791	3.817	3.763	3.768	234602	886231.00
2026/01/16	3.768	3.810	3.738	3.768	45902	172564.00
2026/01/19	3.768	3.780	3.742	3.742	1427470	5363567.00
2026/01/20	3.737	3.806	3.735	3.776	598650	2262563.00
2026/01/21	3.753	3.829	3.753	3.816	482801	1837208.00
2026/01/22	3.810	3.906	3.809	3.872	2852478	11084129.00
2026/01/23	3.849	3.985	3.847	3.932	3069994	12122700.00
2026/01/26	3.934	3.945	3.884	3.889	1093900	4281908.00
2026/01/27	3.885	3.901	3.860	3.889	2053191	7994848.00
2026/01/28	3.889	3.922	3.889	3.899	3030534	11838456.00
2026/01/29	3.876	3.915	3.876	3.900	7697338	30039108.00
2026/01/30	3.903	3.907	3.885	3.899	804670	3137512.00
2026/02/02	3.876	3.876	3.832	3.862	349300	1346971.00
2026/02/03	3.840	3.925	3.840	3.914	297779	1153796.00
2026/02/04	3.900	3.913	3.891	3.893	980399	3823544.00
2026/02/05	3.895	3.895	3.875	3.883	777400	3016204.00
2026/02/06	3.880	3.885	3.837	3.870	1117330	4327585.00
2026/02/09	3.870	3.897	3.855	3.879	340070	1317220.00
2026/02/10	3.873	3.905	3.864	3.905	406446	1580466.00
2026/02/11	3.917	3.929	3.885	3.929	604101	2367386.00
2026/02/12	3.907	3.950	3.907	3.946	466856	1839864.00
2026/02/13	3.949	3.949	3.906	3.945	223765	881715.00
2026/02/24	3.905	3.948	3.901	3.921	63460	249444.00
2026/02/25	3.923	3.935	3.899	3.926	126230	495943.00
2026/02/26	3.935	3.935	3.886	3.911	335058	1309974.00
2026/02/27	3.895	3.910	3.829	3.849	772512	2996123.00
2026/03/02	3.847	3.856	3.840	3.852	196706	757536.00
2026/03/03	3.860	3.905	3.860	3.900	635615	2469275.00
2026/03/04	3.913	3.916	3.890	3.896	55620	217116.00
2026/03/05	3.887	3.896	3.887	3.890	42100	164002.00
2026/03/06	3.890	3.890	3.798	3.801	781482	2995239.00
2026/03/09	3.789	3.818	3.778	3.779	60400	228932.00
2026/03/10	3.779	3.809	3.775	3.806	563363	2142771.00
2026/03/11	3.783	3.831	3.738	3.805	473639	1796048.00
2026/03/12	3.789	3.798	3.763	3.785	650520	2458742.00
2026/03/13	3.745	3.828	3.721	3.810	525783	1984576.00
2026/03/16	3.796	3.796	3.770	3.772	185641	700940.00
2026/03/17	3.776	3.800	3.776	3.799	260809	987327.00
2026/03/18	3.799	3.820	3.759	3.799	293000	1114221.00
2026/03/19	3.799	3.809	3.792	3.809	159612	606859.00
2026/03/20	3.780	3.836	3.760	3.810	654976	2495666.00
2026/03/23	3.798	3.800	3.771	3.782	197633	747837.00
2026/03/24	3.746	3.793	3.746	3.791	57800	219007.00
2026/04/03	3.746	3.760	3.727	3.749	335401	1259631.00
#数据来源:通达信
