508009 櫓쏜갛뿜슥왠REIT 휑窟 꼇릿홈
      휑퍅	    역턍	    離멕	    離됴	    澗턍	    냥슥좆	    냥슥띨
2022/11/22	10.730	10.730	10.037	10.390	14318011	147672880.00
2022/11/23	10.200	10.215	10.050	10.143	3948275	40034440.00
2022/11/24	10.120	10.299	10.090	10.215	2600910	26596404.00
2022/11/25	10.213	10.279	10.200	10.247	2084826	21360484.00
2022/11/28	10.250	10.265	10.172	10.239	2695965	27550686.00
2022/11/29	10.230	10.257	10.201	10.228	1596494	16350625.00
2022/11/30	10.227	10.236	10.210	10.228	1546193	15815887.00
2022/12/01	10.226	10.245	10.211	10.241	2872564	29406774.00
2022/12/02	10.290	10.290	10.250	10.258	1329525	13638517.00
2022/12/05	10.259	10.409	10.259	10.405	1629519	16897228.00
2022/12/06	10.407	10.607	10.406	10.600	3427518	36102852.00
2022/12/07	10.605	10.645	10.547	10.560	1858856	19657416.00
2022/12/08	10.560	10.603	10.558	10.595	1274018	13484931.00
2022/12/09	10.596	10.615	10.590	10.602	1379066	14630341.00
2022/12/12	10.610	10.619	10.600	10.604	1718936	18239424.00
2022/12/13	10.604	10.604	10.430	10.432	2344897	24600372.00
2022/12/14	10.390	10.397	10.331	10.391	1422793	14771635.00
2022/12/15	10.392	10.421	10.380	10.388	1585526	16496995.00
2022/12/16	10.392	10.476	10.370	10.375	1701367	17673846.00
2022/12/19	10.392	10.392	10.350	10.364	1227786	12726412.00
2022/12/20	10.392	10.392	10.261	10.286	937677	9654300.00
2022/12/21	10.319	10.319	10.262	10.264	1275357	13103798.00
2022/12/22	10.294	10.294	10.262	10.278	1131571	11627681.00
2022/12/23	10.314	10.314	10.260	10.296	2074002	21331234.00
2022/12/26	10.324	10.330	10.309	10.322	624346	6444074.00
2022/12/27	10.322	10.349	10.260	10.348	921137	9511780.00
2022/12/28	10.349	10.400	10.331	10.365	493122	5105696.00
2022/12/29	10.370	10.396	10.332	10.396	654764	6793284.00
2022/12/30	10.397	10.500	10.373	10.499	592790	6189673.00
2023/01/03	10.499	10.500	10.482	10.486	813274	8531555.00
2023/01/04	10.486	10.486	10.325	10.468	1451232	15194530.00
2023/01/05	10.357	10.470	10.357	10.468	1384478	14486417.00
2023/01/06	10.468	10.517	10.405	10.516	1783393	18714352.00
2023/01/09	10.516	10.516	10.418	10.500	965254	10137761.00
2023/01/10	10.500	10.525	10.436	10.515	1315553	13812349.00
2023/01/11	10.515	10.515	10.468	10.489	1331667	13961708.00
2023/01/12	10.488	10.491	10.441	10.490	884258	9269558.00
2023/01/13	10.490	10.490	10.456	10.461	674116	7056712.00
2023/01/16	10.464	10.470	10.433	10.436	937683	9801759.00
2023/01/17	10.422	10.433	10.350	10.378	1278103	13296242.00
2023/01/18	10.380	10.409	10.339	10.381	1013402	10516046.00
2023/01/19	10.381	10.381	10.351	10.360	1177916	12203982.00
2023/01/20	10.360	10.382	10.360	10.367	1153188	11955501.00
2023/01/30	10.367	10.418	10.367	10.408	1225219	12739892.00
2023/01/31	10.408	10.538	10.408	10.505	2050524	21462946.00
2023/02/01	10.505	10.515	10.466	10.466	1540106	16147571.00
2023/02/02	10.465	10.465	10.407	10.430	1870629	19506504.00
2023/02/03	10.430	10.495	10.411	10.448	2095355	21892088.00
2023/02/06	10.448	10.489	10.428	10.487	2114647	22121146.00
2023/02/07	10.489	10.500	10.467	10.481	2252823	23615016.00
2023/02/08	10.481	10.491	10.458	10.479	1645770	17248788.00
2023/02/09	10.479	10.487	10.440	10.478	2389426	25037984.00
2023/02/10	10.479	10.487	10.468	10.473	3205239	33583464.00
2023/02/13	10.473	10.487	10.453	10.465	1401673	14671854.00
2023/02/14	10.459	10.467	10.445	10.449	2122315	22210086.00
2023/02/15	10.447	10.456	10.440	10.450	1726906	18044492.00
2023/02/16	10.450	10.464	10.440	10.456	3013293	31505380.00
2023/02/17	10.456	10.496	10.449	10.483	2555832	26790660.00
2023/02/20	10.483	10.518	10.452	10.507	2201836	23111556.00
2023/02/21	10.506	10.550	10.461	10.528	3799915	40020296.00
2023/02/22	10.540	10.540	10.500	10.526	1526306	16055514.00
2023/02/23	10.525	10.540	10.506	10.514	2683821	28262044.00
2023/02/24	10.507	10.520	10.467	10.473	835776	8783701.00
2023/02/27	10.468	10.477	10.450	10.452	2956634	30927180.00
2023/02/28	10.467	10.467	10.452	10.454	3604417	37693896.00
2023/03/01	10.467	10.480	10.448	10.459	3363878	35164428.00
2023/03/02	10.459	10.464	10.415	10.450	1871109	19555872.00
2023/03/03	10.450	10.468	10.450	10.450	1283850	13420643.00
2023/03/06	10.450	10.456	10.443	10.451	542706	5672217.00
2023/03/07	10.450	10.461	10.420	10.456	1073403	11221246.00
2023/03/08	10.456	10.463	10.430	10.458	416387	4354824.00
2023/03/09	10.458	10.461	10.451	10.453	1848440	19328488.00
2023/03/10	10.453	10.460	10.453	10.453	1723591	18019590.00
2023/03/13	10.450	10.460	10.433	10.455	794766	8304089.00
2023/03/14	10.450	10.456	10.426	10.433	986437	10300417.00
2023/03/15	10.433	10.445	10.420	10.438	1319048	13768805.00
2023/03/16	10.436	10.436	10.428	10.434	1610594	16805984.00
2023/03/17	10.434	10.438	10.404	10.409	1556592	16223149.00
2023/03/20	10.409	10.417	10.370	10.397	1739889	18102532.00
2023/03/21	10.382	10.390	10.345	10.352	1924896	19965406.00
2023/03/22	10.352	10.380	10.327	10.330	1178733	12201272.00
2023/03/23	10.380	10.380	10.300	10.320	2740185	28292592.00
2023/03/24	10.321	10.344	10.300	10.311	1471599	15185784.00
2023/03/27	10.311	10.311	10.265	10.268	1528411	15718276.00
2023/03/28	10.268	10.268	10.100	10.101	1675729	17068514.00
2023/03/29	10.108	10.136	10.100	10.100	1680825	16998020.00
2023/03/30	10.098	10.099	10.001	10.003	1180500	11848255.00
2023/03/31	10.055	10.055	9.988	10.049	1416543	14206520.00
2023/04/03	10.110	10.138	10.038	10.042	1723686	17332422.00
2023/04/04	10.040	10.040	9.973	9.982	1338932	13378054.00
2023/04/06	9.987	10.040	9.911	9.914	1104227	10974167.00
2023/04/07	9.920	9.926	9.876	9.907	1386019	13727821.00
2023/04/10	9.907	9.920	9.901	9.905	1705478	16897796.00
2023/04/11	9.905	9.905	9.872	9.873	1074635	10614185.00
2023/04/12	9.872	9.872	9.769	9.769	1914570	18741700.00
2023/04/13	9.790	9.790	9.559	9.561	1743843	16730618.00
2023/04/14	9.561	9.595	9.501	9.531	1846466	17628046.00
2023/04/17	9.530	9.631	9.530	9.631	3008609	28931776.00
2023/04/18	9.630	9.769	9.602	9.766	2089943	20321872.00
2023/04/19	9.770	9.846	9.770	9.843	1535243	15072722.00
2023/04/20	9.845	9.855	9.832	9.835	1710734	16832676.00
2023/04/21	9.835	9.846	9.580	9.669	1317671	12845463.00
2023/04/24	9.669	9.740	9.669	9.730	1196296	11643056.00
2023/04/25	9.734	9.753	9.701	9.729	1008580	9814916.00
2023/04/26	9.728	9.730	9.644	9.680	441067	4272986.00
2023/04/27	9.689	9.699	9.600	9.630	556867	5367369.00
2023/04/28	9.640	9.656	9.512	9.563	1433263	13714528.00
2023/05/04	9.580	9.641	9.543	9.570	426873	4087913.00
2023/05/05	9.573	9.591	9.564	9.574	291797	2794333.00
2023/05/08	9.568	9.596	9.543	9.571	691456	6614938.00
2023/05/09	9.571	9.571	9.528	9.547	694334	6621499.00
2023/05/10	9.547	9.579	9.531	9.564	866020	8281867.00
2023/05/11	9.564	9.630	9.551	9.552	881907	8433417.00
2023/05/12	9.552	9.593	9.538	9.550	888645	8502023.00
2023/05/15	9.640	9.640	9.501	9.514	732267	6971170.00
2023/05/16	9.514	9.516	9.474	9.509	345893	3286753.00
2023/05/17	9.509	9.509	9.480	9.490	492403	4673220.00
2023/05/18	9.490	9.519	9.459	9.469	347393	3289035.00
2023/05/19	9.469	9.469	9.431	9.438	319158	3013016.00
2023/05/22	9.436	9.436	9.349	9.370	991970	9300564.00
2023/05/23	9.370	9.370	9.346	9.361	326223	3051388.00
2023/05/24	9.361	9.365	9.346	9.349	527446	4932900.00
2023/05/25	9.352	9.367	9.339	9.340	517640	4837730.00
2023/05/26	9.340	9.350	9.321	9.333	416646	3890103.00
2023/05/29	9.333	9.336	9.264	9.287	456296	4238408.00
2023/05/30	9.287	9.287	9.140	9.141	468338	4310747.00
2023/05/31	9.139	9.140	8.550	8.567	2234248	19514260.00
2023/06/01	8.569	8.652	8.569	8.634	1103685	9505777.00
2023/06/02	8.661	8.683	8.579	8.681	1009310	8716387.00
2023/06/05	8.700	8.739	8.433	8.442	1031235	8833018.00
2023/06/06	8.442	8.650	8.280	8.554	1655557	13831217.00
2023/06/07	8.554	8.774	8.554	8.770	1454488	12596608.00
2023/06/08	8.770	9.030	8.700	9.021	1450103	12993689.00
2023/06/09	9.021	9.110	8.990	9.022	1092803	9875773.00
2023/06/12	9.022	9.022	8.870	8.911	1296253	11543559.00
2023/06/13	8.911	8.911	8.883	8.907	1068076	9503615.00
2023/06/14	8.908	8.954	8.908	8.938	2078723	18568940.00
2023/06/15	8.938	8.954	8.922	8.940	984428	8800195.00
2023/06/16	8.940	8.995	8.940	8.995	1636191	14660306.00
2023/06/19	8.962	9.000	8.833	8.912	512048	4553683.00
2023/06/20	8.912	8.912	8.820	8.840	1051862	9299988.00
2023/06/21	8.840	8.880	8.799	8.799	891685	7867996.00
2023/06/26	8.798	8.848	8.790	8.805	1261676	11112922.00
2023/06/27	8.805	8.870	8.805	8.837	853604	7538449.00
2023/06/28	8.379	8.379	8.146	8.169	1496035	12211399.00
2023/06/29	8.195	8.246	8.170	8.176	1051755	8632098.00
2023/06/30	8.176	8.185	8.145	8.146	686462	5602836.00
2023/07/03	8.145	8.145	8.020	8.025	2444516	19699822.00
2023/07/04	8.024	8.024	7.989	7.998	1466471	11728837.00
2023/07/05	7.995	7.995	7.952	7.988	793599	6335829.00
2023/07/06	7.988	8.047	7.988	8.022	1337968	10732247.00
2023/07/07	8.022	8.215	8.022	8.200	796931	6482524.00
2023/07/10	8.202	8.342	8.202	8.327	914301	7573157.00
2023/07/11	8.334	8.421	8.334	8.415	866737	7253923.00
2023/07/12	8.415	8.455	8.374	8.442	908846	7649249.00
2023/07/13	8.442	8.588	8.442	8.569	853723	7288371.00
2023/07/14	8.540	8.770	8.512	8.731	1789465	15511764.00
2023/07/17	8.750	8.894	8.750	8.851	1941742	17177500.00
2023/07/18	8.852	8.940	8.851	8.934	2657318	23721500.00
2023/07/19	8.937	8.942	8.810	8.890	2246046	19963004.00
2023/07/20	8.889	8.889	8.789	8.789	1025400	9033227.00
2023/07/21	8.750	8.750	8.600	8.690	760705	6585186.00
2023/07/24	8.687	8.691	8.553	8.680	694724	6007731.00
2023/07/25	8.680	8.850	8.679	8.803	1408834	12424061.00
2023/07/26	8.803	8.822	8.678	8.726	407595	3559469.00
2023/07/27	8.711	8.715	8.658	8.665	853115	7410640.00
2023/07/28	8.669	8.686	8.642	8.686	535978	4644008.00
2023/07/31	8.661	8.741	8.660	8.721	852171	7435195.00
2023/08/01	8.720	8.801	8.694	8.721	1369352	11984185.00
2023/08/02	8.730	8.785	8.721	8.773	1340985	11710128.00
2023/08/03	8.779	8.854	8.779	8.850	1171240	10307874.00
2023/08/04	8.846	8.865	8.830	8.857	246841	2185077.00
2023/08/07	8.817	8.929	8.817	8.928	831265	7364221.00
2023/08/08	8.928	8.970	8.911	8.919	1503371	13409360.00
2023/08/09	8.919	8.928	8.902	8.920	1478074	13173308.00
2023/08/10	8.919	8.951	8.908	8.950	937237	8362581.00
2023/08/11	8.951	8.979	8.929	8.933	842560	7543182.00
2023/08/14	8.933	8.933	8.841	8.873	889296	7880900.00
2023/08/15	8.873	8.902	8.873	8.897	1093899	9730031.00
2023/08/16	8.897	8.950	8.863	8.918	1276072	11347630.00
2023/08/17	8.918	8.918	8.831	8.859	2093363	18512960.00
2023/08/18	8.873	8.900	8.852	8.893	566853	5030573.00
2023/08/21	8.905	8.912	8.875	8.875	861788	7664388.00
2023/08/22	8.875	8.880	8.856	8.879	971650	8625506.00
2023/08/23	8.879	8.930	8.830	8.830	1729947	15291701.00
2023/08/24	8.830	8.969	8.799	8.922	2116454	18724908.00
2023/08/25	8.922	8.931	8.891	8.920	1558057	13903257.00
2023/08/28	8.920	9.009	8.920	8.971	1527485	13740867.00
2023/08/29	8.971	9.074	8.971	9.073	1484003	13372235.00
2023/08/30	9.028	9.100	9.028	9.100	1269254	11516966.00
2023/08/31	9.100	9.209	9.080	9.209	1653784	15178118.00
2023/09/01	9.209	9.250	9.176	9.179	2119697	19498604.00
2023/09/04	9.179	9.219	9.179	9.200	1895975	17449196.00
2023/09/05	9.029	9.029	8.818	8.868	1327831	11757833.00
2023/09/06	8.864	9.000	8.744	8.939	1337653	11852712.00
2023/09/07	8.939	8.989	8.932	8.954	1686564	15092211.00
2023/09/08	8.954	8.966	8.920	8.949	1368568	12235901.00
2023/09/11	8.949	9.032	8.949	9.005	1407831	12658792.00
2023/09/12	9.000	9.030	8.994	9.018	1293946	11653042.00
2023/09/13	9.020	9.044	9.000	9.030	1058346	9534522.00
2023/09/14	9.119	9.120	9.031	9.079	2187491	19852944.00
2023/09/15	9.080	9.080	9.003	9.046	1328818	12026125.00
2023/09/18	9.046	9.046	9.000	9.006	1804705	16281130.00
2023/09/19	9.002	9.002	8.928	8.967	1606519	14399593.00
2023/09/20	8.967	8.979	8.927	8.960	1985021	17752080.00
2023/09/21	8.951	8.959	8.921	8.959	1379641	12322740.00
2023/09/22	8.959	8.963	8.920	8.956	1400769	12531008.00
2023/09/25	8.953	8.989	8.921	8.982	1988789	17797656.00
2023/09/26	8.943	9.011	8.943	9.009	1672692	15005250.00
2023/09/27	9.009	9.009	8.975	9.004	1739940	15655384.00
2023/09/28	9.022	9.022	8.988	8.992	1965511	17686578.00
2023/10/09	8.992	8.992	8.946	8.951	1507934	13499273.00
2023/10/10	8.951	8.951	8.921	8.921	1461700	13071512.00
2023/10/11	8.902	8.902	8.800	8.800	1314055	11605362.00
2023/10/12	8.808	8.809	8.660	8.667	1129025	9858487.00
2023/10/13	8.657	8.667	8.550	8.580	1641314	14116720.00
2023/10/16	8.570	8.570	8.510	8.526	1520860	12961006.00
2023/10/17	8.500	8.540	8.465	8.540	1611073	13666962.00
2023/10/18	8.524	8.543	8.490	8.510	1834095	15636447.00
2023/10/19	8.471	8.472	8.384	8.423	678095	5721667.00
2023/10/20	8.384	8.409	8.213	8.243	2099763	17467212.00
2023/10/23	8.212	8.212	8.150	8.150	1297812	10601420.00
2023/10/24	8.152	8.263	8.152	8.263	1749635	14328536.00
2023/10/25	8.265	8.413	8.265	8.315	1670308	13976114.00
2023/10/26	8.315	8.377	8.284	8.304	1468846	12193709.00
2023/10/27	8.303	8.374	8.303	8.358	2297850	19095108.00
2023/10/30	8.189	8.262	8.185	8.216	1602289	13158778.00
2023/10/31	8.216	8.360	8.216	8.334	1518701	12576342.00
2023/11/01	8.334	8.410	8.334	8.337	1354077	11340035.00
2023/11/02	8.330	8.392	8.299	8.353	1044644	8735726.00
2023/11/03	8.370	8.436	8.360	8.391	1589056	13336450.00
2023/11/06	8.391	8.474	8.368	8.373	1229866	10339370.00
2023/11/07	8.372	8.420	8.240	8.240	1035772	8585596.00
2023/11/08	8.244	8.311	8.201	8.300	994884	8205722.00
2023/11/09	8.316	8.393	8.316	8.356	880749	7362017.00
2023/11/10	8.375	8.393	8.352	8.391	1233460	10321003.00
2023/11/13	8.388	8.467	8.381	8.384	1517229	12745268.00
2023/11/14	8.410	8.431	8.385	8.400	1010173	8476425.00
2023/11/15	8.400	8.400	8.386	8.389	874048	7339102.00
2023/11/16	8.390	8.390	8.301	8.339	373312	3107782.00
2023/11/17	8.328	8.328	8.250	8.299	695565	5763356.00
2023/11/20	8.289	8.358	8.289	8.320	461918	3833059.00
2023/11/21	8.320	8.337	8.303	8.332	1298155	10784304.00
2023/11/22	8.250	8.290	8.158	8.173	4135745	33787552.00
2023/11/23	8.132	8.260	8.050	8.092	8776035	71202560.00
2023/11/24	8.095	8.178	7.891	7.924	3720558	29550180.00
2023/11/27	7.930	7.969	7.571	7.778	4148326	32083276.00
2023/11/28	7.740	7.740	7.373	7.563	6086969	45640732.00
2023/11/29	7.498	7.600	7.397	7.551	4007240	29876888.00
2023/11/30	7.498	7.498	7.360	7.394	4862697	35968328.00
2023/12/01	7.380	7.447	7.263	7.424	4564358	33460940.00
2023/12/04	7.400	7.441	7.376	7.428	1958864	14513216.00
2023/12/05	7.428	7.480	7.380	7.447	2026306	14999282.00
2023/12/06	7.449	7.457	7.310	7.450	2904895	21435212.00
2023/12/07	7.430	7.430	7.317	7.345	1815864	13368952.00
2023/12/08	7.343	7.345	7.146	7.276	4200246	30164388.00
2023/12/11	7.194	7.291	7.147	7.218	1917030	13786511.00
2023/12/12	7.217	7.217	6.996	7.012	3110125	21907548.00
2023/12/13	7.012	7.012	6.595	6.885	9302462	62705940.00
2023/12/14	6.660	6.888	6.660	6.861	3708481	25014396.00
2023/12/15	6.837	6.867	6.711	6.860	2653481	18063844.00
2023/12/18	6.838	6.848	6.822	6.822	3744818	25581544.00
2023/12/19	6.815	6.891	6.750	6.824	3372287	22965664.00
2023/12/20	6.814	6.988	6.805	6.974	2739121	18911462.00
2023/12/21	7.000	7.300	6.974	7.244	2153032	15449322.00
2023/12/22	7.244	7.427	7.244	7.330	3572972	26407532.00
2023/12/25	7.330	7.399	7.260	7.386	2318954	17032494.00
2023/12/26	7.370	7.398	7.282	7.311	990519	7277724.00
2023/12/27	7.311	7.311	7.199	7.298	1420134	10291251.00
2023/12/28	7.288	7.389	7.257	7.368	1282218	9393308.00
2023/12/29	7.352	7.423	7.352	7.409	901632	6677073.00
2024/01/02	7.410	7.452	7.347	7.349	1744369	12926421.00
2024/01/03	7.347	7.399	7.309	7.395	2073005	15294585.00
2024/01/04	7.385	7.385	7.163	7.199	1451665	10468572.00
2024/01/05	7.188	7.205	7.072	7.112	2045041	14601547.00
2024/01/08	7.104	7.159	7.032	7.033	1224493	8685894.00
2024/01/09	7.023	7.157	6.933	6.980	2014954	14080329.00
2024/01/10	6.985	6.985	6.840	6.851	2650600	18245966.00
2024/01/11	6.860	6.881	6.835	6.853	3216398	22015428.00
2024/01/12	6.855	7.070	6.855	7.058	1976290	13671081.00
2024/01/15	7.086	7.258	7.061	7.227	1352905	9663397.00
2024/01/16	7.230	7.270	7.180	7.268	1913720	13823026.00
2024/01/17	7.264	7.380	7.264	7.343	1269676	9301665.00
2024/01/18	7.333	7.343	7.269	7.283	1373425	10015896.00
2024/01/19	7.283	7.301	7.163	7.299	1214799	8798115.00
2024/01/22	7.314	7.345	7.236	7.297	1258539	9170525.00
2024/01/23	7.296	7.310	7.249	7.286	634048	4617789.00
2024/01/24	7.098	7.158	7.083	7.101	1537616	10918839.00
2024/01/25	7.100	7.152	7.100	7.130	1002354	7146480.00
2024/01/26	7.120	7.160	7.120	7.153	1453508	10376046.00
2024/01/29	7.158	7.201	7.141	7.197	2525303	18161668.00
2024/01/30	7.176	7.239	7.175	7.215	2056943	14837896.00
2024/01/31	7.215	7.327	7.203	7.324	2566346	18605744.00
2024/02/01	7.324	7.472	7.304	7.425	3330773	24808532.00
2024/02/02	7.416	7.488	7.396	7.432	1907315	14211235.00
2024/02/05	7.430	7.452	7.407	7.434	1355261	10051418.00
2024/02/06	7.445	7.468	7.430	7.468	6053694	45097596.00
2024/02/07	7.468	7.650	7.446	7.619	4020303	30227630.00
2024/02/08	7.650	7.760	7.620	7.753	2632282	20320636.00
2024/02/19	7.757	7.998	7.752	7.951	1209919	9553620.00
2024/02/20	7.941	8.163	7.941	7.945	2538682	20558912.00
2024/02/21	7.930	8.100	7.899	8.010	2224956	17814952.00
2024/02/22	7.982	8.100	7.928	7.978	3159639	25374604.00
2024/02/23	7.960	8.068	7.929	8.060	3230960	25907224.00
2024/02/26	8.069	8.286	8.011	8.223	4425591	36405864.00
2024/02/27	8.216	8.243	8.010	8.140	6257201	50975464.00
2024/02/28	8.140	8.140	8.060	8.073	2790714	22632264.00
2024/02/29	8.055	8.208	8.039	8.116	3686703	29921700.00
2024/03/01	8.106	8.300	8.088	8.286	3067026	25318856.00
2024/03/04	8.286	8.500	8.286	8.435	3709991	31246984.00
2024/03/05	8.410	8.490	8.361	8.401	3785104	31984428.00
2024/03/06	8.394	8.394	8.270	8.300	6178190	51493040.00
2024/03/07	8.308	8.419	8.138	8.159	4226378	34939656.00
2024/03/08	8.154	8.159	8.119	8.129	3399477	27639760.00
2024/03/11	8.120	8.250	8.120	8.249	3163043	25982536.00
2024/03/12	8.258	8.271	8.208	8.264	3706302	30570064.00
2024/03/13	8.265	8.296	8.119	8.199	3939248	32398236.00
2024/03/14	8.199	8.277	8.143	8.253	2680022	21979344.00
2024/03/15	8.253	8.399	8.213	8.398	2881308	23928282.00
2024/03/18	8.398	8.458	8.344	8.401	2927278	24561252.00
2024/03/19	8.401	8.415	8.337	8.385	1721481	14402320.00
2024/03/20	8.360	8.360	8.221	8.299	1051868	8722890.00
2024/03/21	8.289	8.331	8.118	8.283	1281822	10527181.00
2024/03/22	8.243	8.300	8.100	8.294	3548477	28865480.00
2024/03/25	8.260	8.260	8.029	8.159	3148492	25570128.00
2024/03/26	8.116	8.116	8.058	8.076	1387483	11221028.00
2024/03/27	8.066	8.170	8.066	8.166	2897667	23533296.00
2024/03/28	8.166	8.286	8.166	8.280	2692377	22223702.00
2024/03/29	8.280	8.380	8.180	8.211	2857460	23683182.00
2024/04/01	8.233	8.330	8.173	8.244	3948376	32595532.00
2024/04/02	8.219	8.288	8.210	8.210	604105	4966999.00
2024/04/03	8.148	8.148	7.995	8.017	2171644	17400224.00
2024/04/08	8.020	8.022	7.974	8.017	2082886	16653386.00
2024/04/09	8.010	8.140	7.966	7.982	2735738	21859996.00
2024/04/10	7.981	7.981	7.900	7.909	2221727	17633704.00
2024/04/11	7.906	7.908	7.870	7.892	995634	7852292.00
2024/04/12	7.892	7.900	7.716	7.756	1818288	14162598.00
2024/04/15	7.724	7.778	7.700	7.738	805000	6222821.00
2024/04/16	7.728	7.728	7.666	7.668	1164592	8948263.00
2024/04/17	7.662	7.710	7.655	7.680	1623417	12492431.00
2024/04/18	7.675	7.737	7.675	7.735	2390813	18427612.00
2024/04/19	7.720	7.830	7.720	7.746	611628	4744009.00
2024/04/22	7.735	7.820	7.727	7.748	2595961	20117196.00
2024/04/23	7.751	7.820	7.744	7.750	3070473	23826084.00
2024/04/24	7.750	7.774	7.710	7.711	3286798	25404582.00
2024/04/25	7.711	7.829	7.700	7.819	1589277	12315620.00
2024/04/26	7.800	7.837	7.800	7.824	3537892	27689792.00
2024/04/29	7.824	7.831	7.763	7.799	3621125	28204298.00
2024/04/30	7.760	7.830	7.759	7.799	1256253	9776943.00
2024/05/06	7.785	7.829	7.760	7.770	1633784	12714957.00
2024/05/07	7.780	7.796	7.762	7.766	3336798	25941340.00
2024/05/08	7.773	7.773	7.674	7.704	2501968	19288892.00
2024/05/09	7.703	7.769	7.679	7.768	2306373	17767508.00
2024/05/10	7.768	7.796	7.750	7.780	1844148	14326213.00
2024/05/13	7.790	7.796	7.731	7.750	2004041	15518746.00
2024/05/14	7.745	7.750	7.692	7.700	3797927	29246076.00
2024/05/15	7.697	7.707	7.673	7.694	1986350	15256303.00
2024/05/16	7.694	7.709	7.621	7.660	3735426	28597956.00
2024/05/17	7.659	7.659	7.560	7.630	2780287	21081314.00
2024/05/20	7.633	7.633	7.567	7.630	2264385	17264646.00
2024/05/21	7.626	7.630	7.581	7.613	1731231	13134741.00
2024/05/22	7.608	7.608	7.548	7.573	1933783	14666294.00
2024/05/23	7.565	7.575	7.522	7.558	3713638	27989304.00
2024/05/24	7.548	7.596	7.521	7.577	2681358	20319760.00
2024/05/27	7.577	7.600	7.500	7.518	2661546	20074318.00
2024/05/28	7.517	7.517	7.421	7.423	3264767	24412382.00
2024/05/29	7.422	7.422	7.315	7.320	3167638	23240006.00
2024/05/30	7.315	7.315	7.185	7.249	3111628	22462724.00
2024/05/31	7.243	7.243	7.139	7.233	4118123	29472386.00
2024/06/03	7.227	7.250	7.131	7.249	3281079	23508720.00
2024/06/04	7.249	7.250	7.165	7.250	2668474	19191212.00
2024/06/05	7.246	7.362	7.228	7.362	1795017	13164511.00
2024/06/06	7.364	7.482	7.362	7.432	2314549	17199232.00
2024/06/07	7.431	7.431	7.324	7.396	1718554	12652461.00
2024/06/11	7.396	7.396	7.356	7.385	2223558	16372512.00
2024/06/12	7.383	7.422	7.345	7.385	2702316	19956772.00
2024/06/13	7.345	7.420	7.333	7.388	1760660	12992559.00
2024/06/14	7.388	7.400	7.350	7.370	1733844	12764635.00
2024/06/17	7.354	7.354	7.248	7.265	1720207	12564256.00
2024/06/18	7.250	7.269	7.228	7.258	2368128	17204168.00
2024/06/19	7.230	7.283	7.230	7.282	1780712	12917413.00
2024/06/20	7.282	7.300	7.218	7.298	2078581	15037369.00
2024/06/21	7.260	7.335	7.248	7.302	1670021	12189208.00
2024/06/24	7.302	7.305	7.250	7.296	2457508	17865306.00
2024/06/25	7.281	7.291	7.227	7.280	2235048	16199915.00
2024/06/26	7.260	7.269	7.200	7.260	2508541	18142168.00
2024/06/27	7.260	7.260	7.220	7.241	2442285	17691030.00
2024/06/28	7.241	7.250	7.181	7.246	2968775	21390940.00
2024/07/01	7.247	7.247	7.186	7.210	2886415	20767348.00
2024/07/02	7.210	7.230	7.182	7.211	1588330	11449844.00
2024/07/03	7.229	7.230	7.189	7.198	2430202	17496262.00
2024/07/04	7.198	7.218	7.190	7.208	2194584	15809172.00
2024/07/05	7.190	7.219	7.186	7.208	2589468	18653774.00
2024/07/08	7.207	7.215	7.150	7.184	2537519	18184860.00
2024/07/09	7.182	7.192	7.105	7.156	3111582	22200340.00
2024/07/10	7.157	7.157	7.120	7.140	2500647	17854092.00
2024/07/11	7.130	7.148	7.120	7.144	1529316	10911837.00
2024/07/12	7.148	7.152	7.127	7.147	2573118	18391500.00
2024/07/15	7.130	7.159	7.130	7.150	2056380	14702651.00
2024/07/16	7.150	7.182	7.143	7.166	1978745	14168901.00
2024/07/17	7.164	7.174	7.145	7.157	1975861	14149741.00
2024/07/18	7.157	7.204	7.146	7.184	2090282	14964847.00
2024/07/19	7.184	7.293	7.174	7.283	3368950	24323166.00
2024/07/22	7.295	7.329	7.190	7.214	2345801	17022958.00
2024/07/23	7.199	7.213	7.133	7.141	2419211	17368984.00
2024/07/24	7.020	7.077	6.981	6.988	1721605	12051053.00
2024/07/25	6.980	7.003	6.922	6.930	2337977	16244401.00
2024/07/26	6.944	6.950	6.883	6.943	2344982	16212878.00
2024/07/29	6.916	7.038	6.916	6.995	1123850	7844331.00
2024/07/30	6.995	7.045	6.931	6.971	2559158	17911264.00
2024/07/31	6.931	7.029	6.926	6.954	2010700	13981267.00
2024/08/01	6.951	6.951	6.892	6.910	1425375	9877597.00
2024/08/02	6.910	6.960	6.887	6.909	1630541	11275383.00
2024/08/05	6.900	7.035	6.900	7.009	1449542	10068784.00
2024/08/06	6.979	7.117	6.974	7.047	2567216	18095260.00
2024/08/07	7.050	7.239	7.035	7.187	2523502	17981004.00
2024/08/08	7.179	7.220	7.089	7.100	2365995	16910092.00
2024/08/09	7.100	7.160	7.031	7.158	1959889	13878063.00
2024/08/12	7.155	7.188	7.092	7.170	1601290	11478667.00
2024/08/13	7.179	7.283	7.145	7.175	2476663	17801392.00
2024/08/14	7.157	7.158	7.112	7.155	2484400	17739636.00
2024/08/15	7.139	7.144	7.104	7.122	2464978	17548052.00
2024/08/16	7.103	7.120	7.100	7.112	1827559	13001807.00
2024/08/19	7.112	7.112	7.059	7.086	2781134	19694964.00
2024/08/20	7.067	7.085	7.024	7.032	1287018	9064062.00
2024/08/21	7.020	7.070	7.020	7.038	1730058	12178895.00
2024/08/22	7.031	7.041	6.953	6.979	1253342	8789616.00
2024/08/23	6.994	7.140	6.918	6.957	1305257	9132533.00
2024/08/26	6.973	6.986	6.942	6.977	2079340	14505000.00
2024/08/27	6.990	7.000	6.938	6.987	2752841	19197440.00
2024/08/28	6.986	7.006	6.956	6.990	1219168	8503293.00
2024/08/29	6.978	6.990	6.952	6.968	730741	5093923.00
2024/08/30	6.957	6.975	6.916	6.971	2442897	16974412.00
2024/09/02	6.971	6.990	6.904	6.920	3057176	21203468.00
2024/09/03	6.923	6.923	6.860	6.867	1721331	11825500.00
2024/09/04	6.861	6.861	6.790	6.800	1430185	9734883.00
2024/09/05	6.800	6.915	6.790	6.900	3934574	26999570.00
2024/09/06	6.904	6.904	6.865	6.883	1687840	11602246.00
2024/09/09	6.874	6.893	6.821	6.871	1924408	13211574.00
2024/09/10	6.888	6.888	6.822	6.844	1166343	7996273.00
2024/09/11	6.844	6.847	6.767	6.827	2580732	17565052.00
2024/09/12	6.827	6.873	6.791	6.870	1935033	13202277.00
2024/09/13	6.855	6.877	6.829	6.850	114676	785004.00
2024/09/18	6.850	6.850	6.783	6.807	1517649	10308449.00
2024/09/19	6.800	6.830	6.780	6.828	1739039	11825093.00
2024/09/20	6.827	6.919	6.804	6.909	2198228	15118056.00
2024/09/23	6.919	6.950	6.860	6.894	3422806	23520980.00
2024/09/24	6.890	6.920	6.860	6.920	1627482	11234812.00
2024/09/25	6.920	6.964	6.868	6.960	1741894	12097312.00
2024/09/26	6.961	7.009	6.920	6.998	1064052	7424029.00
2024/09/27	7.004	7.055	6.974	7.029	881327	6184890.00
2024/09/30	7.020	7.098	7.001	7.085	2111835	14886445.00
2024/10/08	7.080	7.230	6.916	7.115	3802472	26785008.00
2024/10/09	7.112	7.134	7.015	7.125	1986190	14111337.00
2024/10/10	7.124	7.221	7.113	7.189	2996282	21454548.00
2024/10/11	7.189	7.263	7.174	7.234	3419261	24727304.00
2024/10/14	7.223	7.262	7.189	7.200	3401460	24622640.00
2024/10/15	7.200	7.219	7.171	7.192	2566630	18487728.00
2024/10/16	7.155	7.198	7.152	7.195	4329462	31133474.00
2024/10/17	7.195	7.228	7.170	7.178	2559360	18405900.00
2024/10/18	7.150	7.183	7.147	7.183	2519428	18046536.00
2024/10/21	7.184	7.199	7.151	7.171	898890	6448574.00
2024/10/22	7.165	7.169	7.141	7.141	2151481	15388726.00
2024/10/23	7.142	7.146	7.117	7.142	4749511	33905492.00
2024/10/24	7.140	7.140	7.091	7.113	3880966	27605778.00
2024/10/25	7.113	7.145	7.073	7.124	3194932	22724532.00
2024/10/28	7.117	7.124	7.100	7.113	4568684	32501440.00
2024/10/29	7.113	7.122	7.090	7.110	2449118	17412368.00
2024/10/30	7.029	7.029	6.922	6.966	3299257	22908214.00
2024/10/31	6.944	6.955	6.926	6.939	2640092	18333086.00
2024/11/01	6.938	6.946	6.888	6.944	1382271	9548453.00
2024/11/04	6.935	6.935	6.900	6.928	1050072	7270635.00
2024/11/05	6.901	6.933	6.900	6.910	1087965	7513928.00
2024/11/06	6.907	6.910	6.882	6.884	2169895	14954750.00
2024/11/07	6.883	6.909	6.871	6.902	2119739	14619919.00
2024/11/08	6.902	6.902	6.870	6.877	1003806	6908033.00
2024/11/11	6.870	6.898	6.870	6.888	1259611	8676812.00
2024/11/12	6.896	6.966	6.890	6.951	3620580	25124124.00
2024/11/13	6.951	6.980	6.892	6.941	2441270	16989308.00
2024/11/14	6.930	6.937	6.886	6.901	2795547	19301104.00
2024/11/15	6.901	6.936	6.861	6.920	4065976	28139376.00
2024/11/18	6.936	6.936	6.886	6.910	6533038	45141944.00
2024/11/19	6.920	6.920	6.880	6.901	3407583	23519444.00
2024/11/20	6.890	6.914	6.880	6.904	2502437	17265082.00
2024/11/21	6.918	6.918	6.893	6.898	1460388	10079622.00
2024/11/22	6.900	6.907	6.882	6.890	1284093	8857908.00
2024/11/25	6.890	6.912	6.882	6.890	1012107	6974706.00
2024/11/26	6.890	6.910	6.884	6.900	5734730	39526648.00
2024/11/27	6.885	6.902	6.880	6.900	1982896	13676158.00
2024/11/28	6.890	6.900	6.861	6.879	1856036	12776076.00
2024/11/29	6.879	6.889	6.878	6.883	1990944	13702310.00
2024/12/02	6.882	6.882	6.848	6.854	1946557	13351723.00
2024/12/03	6.847	6.858	6.815	6.824	1611934	11027659.00
2024/12/04	6.825	6.831	6.811	6.819	1405414	9583931.00
2024/12/05	6.825	6.825	6.781	6.789	1157251	7863982.00
2024/12/06	6.800	6.800	6.755	6.770	3097772	20967096.00
2024/12/09	6.778	6.778	6.735	6.738	2488445	16799928.00
2024/12/10	6.746	6.770	6.715	6.729	3378826	22739516.00
2024/12/11	6.729	6.790	6.729	6.789	4525831	30493508.00
2024/12/12	6.787	6.843	6.785	6.842	5199363	35429400.00
2024/12/13	6.832	6.832	6.735	6.827	3411906	23144724.00
2024/12/16	6.830	6.930	6.830	6.882	3853884	26509652.00
2024/12/17	6.885	6.955	6.869	6.904	4638399	32036238.00
2024/12/18	6.904	6.904	6.835	6.837	1502233	10299232.00
2024/12/19	6.838	6.849	6.750	6.751	1407506	9540709.00
2024/12/20	6.757	6.791	6.752	6.771	2000307	13546077.00
2024/12/23	6.771	6.819	6.755	6.812	1640520	11130048.00
2024/12/24	6.814	6.847	6.789	6.836	2097340	14311565.00
2024/12/25	6.836	6.846	6.797	6.833	1426259	9741116.00
2024/12/26	6.824	6.875	6.821	6.851	1481183	10147394.00
2024/12/27	6.854	6.865	6.842	6.847	1971592	13513965.00
2024/12/30	6.860	6.926	6.859	6.903	4396806	30362656.00
2024/12/31	6.905	6.979	6.864	6.877	3650098	25281740.00
2025/01/02	6.900	6.945	6.880	6.926	3131038	21686726.00
2025/01/03	6.927	7.052	6.927	7.025	6212821	43576776.00
2025/01/06	7.031	7.084	7.021	7.038	6584801	46416604.00
2025/01/07	7.065	7.066	6.910	6.993	3204125	22297696.00
2025/01/08	6.990	7.064	6.931	7.060	2703659	19064356.00
2025/01/09	7.060	7.127	7.020	7.120	6741988	47812884.00
2025/01/10	7.129	7.163	7.103	7.146	3208512	22908744.00
2025/01/13	7.148	7.174	7.114	7.170	4590113	32872666.00
2025/01/14	7.174	7.174	7.073	7.091	3353411	23840856.00
2025/01/15	7.112	7.200	7.112	7.173	6460713	46325344.00
2025/01/16	7.180	7.185	7.041	7.153	6990682	49896392.00
2025/01/17	7.114	7.180	7.113	7.176	3647523	26151916.00
2025/01/20	7.018	7.031	6.977	7.022	3385464	23709246.00
2025/01/21	7.010	7.074	6.990	7.065	4318698	30423680.00
2025/01/22	7.060	7.265	7.060	7.257	5398674	38608440.00
2025/01/23	7.255	7.334	7.150	7.272	4836123	35270672.00
2025/01/24	7.270	7.290	7.201	7.232	2034087	14744608.00
2025/01/27	7.224	7.307	7.224	7.253	2420241	17637784.00
2025/02/05	7.264	7.337	7.260	7.328	3555014	26018952.00
2025/02/06	7.325	7.430	7.325	7.430	3499753	25911508.00
2025/02/07	7.429	7.448	7.375	7.438	4275011	31768748.00
2025/02/10	7.438	7.570	7.433	7.542	5221794	39190096.00
2025/02/11	7.542	7.670	7.530	7.598	5559098	42165132.00
2025/02/12	7.598	7.602	7.400	7.544	5573992	42297160.00
2025/02/13	7.530	7.530	7.384	7.430	5291821	39439640.00
2025/02/14	7.390	7.490	7.300	7.466	3557403	26340124.00
2025/02/17	7.430	7.533	7.400	7.472	5038784	37590132.00
2025/02/18	7.442	7.500	7.420	7.475	3175303	23690076.00
2025/02/19	7.500	7.510	7.378	7.481	2829325	21033690.00
2025/02/20	7.469	7.573	7.400	7.570	4479703	33815980.00
2025/02/21	7.572	7.727	7.572	7.722	6393082	49070828.00
2025/02/24	7.722	7.781	7.687	7.749	4538276	35206192.00
2025/02/25	7.749	7.749	7.580	7.716	3035211	23311252.00
2025/02/26	7.690	7.697	7.626	7.690	3390290	26051224.00
2025/02/27	7.670	7.670	7.551	7.650	3305000	25240072.00
2025/02/28	7.650	7.650	7.520	7.556	3692112	27833488.00
2025/03/03	7.588	7.588	7.440	7.558	1086354	8203748.00
2025/03/04	7.558	7.648	7.550	7.638	3359655	25499272.00
2025/03/05	7.638	7.644	7.510	7.631	3889198	29683368.00
2025/03/06	7.591	7.630	7.550	7.591	3534629	26820132.00
2025/03/07	7.591	7.591	7.550	7.560	3831135	28963796.00
2025/03/10	7.550	7.590	7.530	7.585	3007599	22805708.00
2025/03/11	7.600	7.600	7.430	7.565	3698796	27938416.00
2025/03/12	7.525	7.570	7.470	7.558	2723180	20567348.00
2025/03/13	7.545	7.576	7.530	7.566	2597787	19674482.00
2025/03/14	7.579	7.580	7.547	7.580	1880655	14207222.00
2025/03/17	7.550	7.590	7.540	7.580	2364159	17921420.00
2025/03/18	7.580	7.596	7.565	7.576	2669875	20246036.00
2025/03/19	7.576	7.580	7.510	7.576	1197767	9073038.00
2025/03/20	7.585	7.658	7.585	7.657	2507118	19076040.00
2025/03/21	7.657	7.679	7.642	7.670	2153609	16473258.00
2025/03/24	7.715	7.715	7.646	7.670	2714291	20800528.00
2025/03/25	7.670	7.717	7.670	7.716	4024215	31001576.00
2025/03/26	7.798	7.798	7.707	7.723	3440895	26663780.00
2025/03/27	7.721	7.788	7.721	7.780	2136836	16554804.00
2025/03/28	7.780	7.798	7.780	7.792	1819540	14179384.00
2025/03/31	7.793	7.799	7.760	7.775	3789671	29471394.00
2025/04/01	7.775	7.797	7.702	7.721	3324882	25823368.00
2025/04/02	7.750	7.799	7.719	7.784	3283597	25459512.00
2025/04/03	7.648	7.710	7.627	7.660	3074814	23527872.00
2025/04/07	7.653	7.653	7.470	7.584	2528356	19160632.00
2025/04/08	7.584	7.600	7.536	7.545	3043646	22962220.00
2025/04/09	7.505	7.600	7.470	7.560	1313414	9875426.00
2025/04/10	7.590	7.608	7.522	7.580	4349477	32942732.00
2025/04/11	7.558	7.615	7.550	7.602	2255587	17116228.00
2025/04/14	7.600	7.640	7.560	7.634	1558491	11853106.00
2025/04/15	7.634	7.660	7.600	7.646	2592597	19783476.00
2025/04/16	7.660	7.687	7.638	7.685	1948722	14960696.00
2025/04/17	7.694	7.724	7.653	7.714	2327121	17914628.00
2025/04/18	7.723	7.759	7.690	7.695	2196399	16926500.00
2025/04/21	7.694	7.694	7.650	7.689	2674332	20503120.00
2025/04/22	7.684	7.776	7.609	7.746	2326241	17771494.00
2025/04/23	7.755	7.763	7.706	7.741	3609804	27870444.00
2025/04/24	7.739	7.777	7.739	7.772	3445607	26731088.00
2025/04/25	7.771	7.771	7.710	7.750	2960096	22931780.00
2025/04/28	7.720	7.746	7.703	7.710	4237652	32686754.00
2025/04/29	7.748	7.795	7.690	7.787	2582243	20009052.00
2025/04/30	7.787	7.810	7.701	7.800	2222645	17314088.00
2025/05/06	7.797	7.800	7.760	7.800	1597167	12451710.00
2025/05/07	7.788	7.846	7.721	7.795	1920989	15008429.00
2025/05/08	7.754	7.794	7.702	7.746	2818810	21878364.00
2025/05/09	7.753	7.753	7.668	7.689	1339368	10300219.00
2025/05/12	7.658	7.738	7.658	7.717	2126625	16426536.00
2025/05/13	7.713	7.720	7.660	7.683	2519633	19402200.00
2025/05/14	7.683	7.739	7.649	7.739	3344035	25713184.00
2025/05/15	7.718	7.758	7.710	7.732	2165819	16787724.00
2025/05/16	7.724	7.805	7.707	7.770	1605192	12462964.00
2025/05/19	7.768	7.770	7.716	7.736	3406990	26379056.00
2025/05/20	7.726	7.800	7.726	7.788	2877640	22321614.00
2025/05/21	7.803	7.966	7.790	7.966	4690704	36971048.00
2025/05/22	7.934	8.069	7.910	8.037	3824001	30567824.00
2025/05/23	8.037	8.099	8.024	8.090	2298002	18485234.00
2025/05/26	8.069	8.130	8.059	8.129	1267820	10260993.00
2025/05/27	8.132	8.142	8.080	8.107	1948253	15775370.00
2025/05/28	8.075	8.079	8.051	8.068	2627011	21196128.00
2025/05/29	8.043	8.066	8.029	8.060	3209039	25834454.00
2025/05/30	8.028	8.126	8.020	8.121	1747580	14146994.00
2025/06/03	8.100	8.220	8.060	8.212	1092319	8935961.00
2025/06/04	8.214	8.380	8.180	8.373	2622206	21729624.00
2025/06/05	8.378	8.526	8.378	8.495	4019108	34153128.00
2025/06/06	8.482	8.720	8.457	8.462	2463015	21006132.00
2025/06/09	8.463	8.500	8.358	8.420	3323490	27942374.00
2025/06/10	8.401	8.443	8.354	8.397	5518398	46325224.00
2025/06/11	8.394	8.408	8.295	8.361	4558437	38155576.00
2025/06/12	8.352	8.367	8.328	8.354	2472894	20643220.00
2025/06/13	8.346	8.480	8.333	8.477	1142288	9598574.00
2025/06/16	8.477	8.530	8.445	8.464	2769503	23442616.00
2025/06/17	8.475	8.550	8.350	8.418	5709727	48105400.00
2025/06/18	8.418	8.452	8.388	8.428	2722161	22904800.00
2025/06/19	8.441	8.441	8.360	8.431	4101003	34456492.00
2025/06/20	8.397	8.453	8.390	8.445	1811407	15229137.00
2025/06/23	8.400	8.433	8.397	8.427	3002546	25225976.00
2025/06/24	8.427	8.427	8.279	8.300	1667059	13909966.00
2025/06/25	8.300	8.300	8.260	8.275	2212274	18293528.00
2025/06/26	8.265	8.307	8.242	8.270	2486161	20597520.00
2025/06/27	8.260	8.275	8.204	8.204	2761772	22832268.00
2025/06/30	8.330	8.330	8.165	8.170	2344710	19238124.00
2025/07/01	8.166	8.268	8.149	8.150	2034391	16596405.00
2025/07/02	8.130	8.315	8.130	8.276	2916701	24144372.00
2025/07/03	8.309	8.400	8.211	8.289	3546135	29534868.00
2025/07/04	8.276	8.389	8.224	8.280	1645772	13626899.00
2025/07/07	8.240	8.408	8.240	8.313	1896569	15768811.00
2025/07/08	8.300	8.358	8.154	8.205	2374063	19639178.00
2025/07/09	8.205	8.298	8.166	8.199	4526941	37197292.00
2025/07/10	8.199	8.272	8.166	8.219	1971338	16254256.00
2025/07/11	8.251	8.299	8.173	8.218	2105814	17363532.00
2025/07/14	8.198	8.317	8.161	8.214	3057829	25114752.00
2025/07/15	8.181	8.218	8.101	8.218	2766192	22698048.00
2025/07/16	8.185	8.218	8.131	8.217	499227	4089608.00
2025/07/17	8.184	8.218	8.140	8.212	1489372	12228148.00
2025/07/18	8.233	8.276	8.155	8.270	3040322	25048492.00
2025/07/21	8.250	8.320	8.198	8.249	3775606	31130304.00
2025/07/22	8.249	8.364	8.188	8.249	1878788	15522488.00
2025/07/23	8.077	8.079	7.960	8.001	1417426	11329514.00
2025/07/24	8.025	8.030	7.955	7.980	2339902	18664168.00
2025/07/25	7.980	8.000	7.943	7.944	2163331	17212480.00
2025/07/28	7.945	8.009	7.921	8.005	2157588	17239916.00
2025/07/29	8.004	8.053	7.950	7.990	2729202	21822808.00
2025/07/30	7.990	8.075	7.960	7.985	1864264	14898994.00
2025/07/31	7.985	8.068	7.971	8.030	1839658	14729336.00
2025/08/01	8.000	8.067	7.940	7.994	2145947	17122882.00
2025/08/04	7.993	8.001	7.923	7.966	3370647	26773010.00
2025/08/05	7.975	7.980	7.902	7.919	1584554	12561832.00
2025/08/06	7.910	7.971	7.900	7.934	1760021	13959400.00
2025/08/07	7.963	7.970	7.901	7.937	2843055	22549692.00
2025/08/08	7.906	7.950	7.825	7.942	2914522	23119160.00
2025/08/11	7.911	7.957	7.879	7.918	1466981	11623458.00
2025/08/12	7.930	7.950	7.886	7.925	1255233	9941610.00
2025/08/13	7.916	7.938	7.890	7.908	914950	7241484.00
2025/08/14	7.899	7.917	7.831	7.848	2428561	19095744.00
2025/08/15	7.830	7.858	7.770	7.781	2186592	17047624.00
2025/08/18	7.783	7.783	7.450	7.671	2866077	21736650.00
2025/08/19	7.621	7.621	7.450	7.451	1928930	14469615.00
2025/08/20	7.485	7.577	7.436	7.574	2447405	18454940.00
2025/08/21	7.572	7.629	7.510	7.574	2907745	21978516.00
2025/08/22	7.574	7.630	7.474	7.628	1300504	9853897.00
2025/08/25	7.601	7.649	7.561	7.630	4964435	37875080.00
2025/08/26	7.630	7.739	7.620	7.700	3883454	29914138.00
2025/08/27	7.700	7.779	7.680	7.731	2561608	19777660.00
2025/08/28	7.730	7.730	7.588	7.682	1930679	14775541.00
2025/08/29	7.678	7.678	7.594	7.609	2293824	17446964.00
2025/09/01	7.590	7.650	7.570	7.596	1670656	12688148.00
2025/09/02	7.571	7.700	7.505	7.699	1638054	12514879.00
2025/09/03	7.698	7.780	7.675	7.710	1823163	14031759.00
2025/09/04	7.700	7.739	7.670	7.714	2813292	21661652.00
2025/09/05	7.712	7.728	7.612	7.640	2619133	20004712.00
2025/09/08	7.619	7.621	7.592	7.599	1669726	12689798.00
2025/09/09	7.597	7.649	7.565	7.575	1054360	8006040.00
2025/09/10	7.575	7.645	7.548	7.599	2619726	19809004.00
2025/09/11	7.600	7.640	7.552	7.593	2596853	19705864.00
2025/09/12	7.600	7.633	7.517	7.599	2086914	15826970.00
2025/09/15	7.560	7.632	7.521	7.619	1940372	14746237.00
2025/09/16	7.620	7.629	7.555	7.589	1569847	11902153.00
2025/09/17	7.590	7.612	7.508	7.612	2707563	20568708.00
2025/09/18	7.612	7.630	7.550	7.573	3120937	23685632.00
2025/09/19	7.591	7.603	7.520	7.587	1617100	12258215.00
2025/09/22	7.599	7.599	7.522	7.575	3849043	29135440.00
2025/09/23	7.575	7.598	7.500	7.552	2330369	17548554.00
2025/09/24	7.512	7.560	7.512	7.534	231439	1744382.00
2025/09/25	7.534	7.547	7.485	7.513	2890680	21746388.00
2025/09/26	7.520	7.529	7.440	7.518	1388188	10426407.00
2025/09/29	7.518	7.570	7.440	7.484	779339	5841257.00
2025/09/30	7.455	7.528	7.445	7.488	2783729	20824476.00
2025/10/09	7.490	7.588	7.458	7.496	2071905	15501251.00
2025/10/10	7.494	7.549	7.462	7.470	1169005	8751510.00
2025/10/13	7.465	7.548	7.450	7.493	1019592	7641627.00
2025/10/14	7.470	7.548	7.448	7.460	1167564	8711128.00
2025/10/15	7.454	7.533	7.414	7.431	447486	3337037.00
2025/10/16	7.432	7.450	7.364	7.380	2598349	19227144.00
2025/10/17	7.380	7.390	7.333	7.390	1970425	14466087.00
2025/10/20	7.372	7.449	7.341	7.342	2894944	21318642.00
2025/10/21	7.342	7.430	7.312	7.321	2346585	17189406.00
2025/10/22	7.310	7.348	7.246	7.273	3759140	27359666.00
2025/10/23	7.270	7.299	7.141	7.193	4440487	31932654.00
2025/10/24	7.189	7.280	7.138	7.230	3219245	23076416.00
2025/10/27	7.225	7.256	7.148	7.170	8370457	59959272.00
2025/10/28	7.170	7.175	7.142	7.155	5933957	42468120.00
2025/10/29	7.150	7.178	7.145	7.174	4276936	30594656.00
2025/10/30	7.170	7.193	7.167	7.190	2083544	14962193.00
2025/10/31	7.042	7.042	7.020	7.039	2424246	17052236.00
2025/11/03	7.039	7.051	6.870	6.890	3480633	24033672.00
2025/11/04	6.889	6.905	6.800	6.826	1872383	12778541.00
2025/11/05	6.826	6.826	6.752	6.791	2791716	18949080.00
2025/11/06	6.791	6.794	6.702	6.744	2910309	19612832.00
2025/11/07	6.747	6.905	6.720	6.892	1881301	12856747.00
2025/11/10	6.888	7.034	6.870	7.016	2441868	17035096.00
2025/11/11	7.020	7.040	6.990	7.030	1460203	10245157.00
2025/11/12	7.030	7.124	7.030	7.120	2929888	20775916.00
2025/11/13	7.127	7.127	7.081	7.110	3384344	24000372.00
2025/11/14	7.115	7.148	7.092	7.137	2462367	17565048.00
2025/11/17	7.137	7.250	7.108	7.225	3431383	24539068.00
2025/11/18	7.200	7.300	7.200	7.290	2071057	15047915.00
2025/11/19	7.290	7.319	7.250	7.269	2445032	17861024.00
2025/11/20	7.269	7.269	7.125	7.159	1380651	9900643.00
2025/11/21	7.119	7.200	7.110	7.126	1822213	12999666.00
2025/11/24	7.125	7.125	6.998	7.096	1811984	12716617.00
2025/11/25	7.088	7.177	7.002	7.169	1011603	7148022.00
2025/11/26	7.129	7.210	7.102	7.200	1175417	8437795.00
2025/11/27	7.215	7.249	7.152	7.223	761561	5473657.00
2025/11/28	7.223	7.235	7.151	7.191	1006742	7241989.00
2025/12/01	7.190	7.190	7.105	7.115	836400	5982398.00
2025/12/02	7.110	7.173	7.082	7.096	4477341	31734860.00
2025/12/03	7.090	7.160	7.090	7.159	2078727	14846330.00
2025/12/04	7.159	7.187	7.113	7.121	1884506	13439542.00
2025/12/05	7.122	7.138	7.054	7.083	1536822	10867066.00
2025/12/08	7.089	7.092	6.998	7.055	1290951	9086057.00
2025/12/09	7.030	7.055	7.002	7.040	347904	2445742.00
2025/12/10	7.045	7.069	7.000	7.053	1833946	12913717.00
2025/12/11	7.032	7.045	7.001	7.030	2144100	15079755.00
2025/12/12	7.030	7.047	6.999	7.000	1453773	10203863.00
2025/12/15	6.991	6.994	6.951	6.956	887530	6185627.00
2025/12/16	6.956	6.998	6.900	6.908	1039343	7220710.00
2025/12/17	6.910	6.977	6.800	6.832	1297343	8904020.00
2025/12/18	6.808	6.850	6.762	6.777	1531184	10395103.00
2025/12/19	6.777	6.817	6.650	6.696	3125380	20897784.00
2025/12/22	6.690	6.749	6.599	6.601	3159393	20968028.00
2025/12/23	6.605	6.627	6.485	6.520	2416363	15794075.00
2025/12/24	6.544	6.710	6.470	6.707	4409430	28989220.00
2025/12/25	6.667	6.845	6.667	6.845	3475372	23671016.00
2025/12/26	6.840	6.900	6.781	6.820	1415168	9653702.00
2025/12/29	6.820	6.860	6.733	6.789	2624212	17752792.00
2025/12/30	6.756	6.789	6.734	6.763	2470028	16677808.00
2025/12/31	6.765	6.788	6.708	6.716	2268835	15263604.00
2026/01/05	6.715	6.797	6.715	6.750	2964201	20025012.00
2026/01/06	6.751	6.799	6.742	6.793	5448107	36810936.00
2026/01/07	6.793	6.838	6.760	6.824	4179771	28409312.00
2026/01/08	6.820	6.835	6.790	6.790	5608457	38159824.00
2026/01/09	6.790	6.818	6.782	6.803	1447163	9842126.00
2026/01/12	6.800	6.823	6.754	6.823	587278	3979812.00
2026/01/13	6.823	6.888	6.755	6.869	1578535	10753992.00
2026/01/14	6.835	6.884	6.803	6.836	1299019	8885955.00
2026/01/15	6.832	6.850	6.800	6.820	3520416	23994748.00
2026/01/16	6.820	6.839	6.802	6.828	2212868	15070556.00
2026/01/19	6.820	6.828	6.785	6.823	5095186	34682108.00
2026/01/20	6.822	6.883	6.790	6.864	1572687	10752718.00
2026/01/21	6.864	6.905	6.825	6.874	1153183	7938628.00
2026/01/22	6.872	7.003	6.801	6.994	1991689	13861995.00
2026/01/23	6.990	7.110	6.956	7.108	3181013	22393868.00
2026/01/26	7.108	7.150	7.065	7.065	1400145	9981316.00
2026/01/27	6.903	6.903	6.800	6.864	4015571	27594440.00
2026/01/28	6.875	6.899	6.823	6.828	3020187	20718926.00
2026/01/29	6.828	6.865	6.802	6.838	4041438	27635488.00
2026/01/30	6.840	6.847	6.775	6.810	2293533	15617183.00
2026/02/02	6.810	6.810	6.679	6.737	2447265	16446365.00
2026/02/03	6.746	6.748	6.691	6.710	3233444	21684196.00
2026/02/04	6.710	6.727	6.635	6.654	3079200	20481128.00
2026/02/05	6.652	6.652	6.630	6.631	1359657	9021191.00
2026/02/06	6.639	6.639	6.591	6.593	2067942	13658850.00
2026/02/09	6.591	6.593	6.545	6.570	2535292	16666742.00
2026/02/10	6.568	6.675	6.550	6.664	1615054	10673324.00
2026/02/11	6.651	6.704	6.630	6.655	1565492	10455161.00
2026/02/12	6.660	6.668	6.614	6.620	1437283	9517806.00
2026/02/13	6.620	6.647	6.590	6.637	1241347	8224735.00
2026/02/24	6.643	6.669	6.630	6.651	332711	2213013.00
2026/02/25	6.651	6.710	6.612	6.696	1903901	12734354.00
2026/02/26	6.696	6.750	6.685	6.710	1503374	10086480.00
2026/02/27	6.710	6.736	6.685	6.693	982116	6575081.00
2026/03/02	6.698	6.698	6.583	6.585	2860954	18879600.00
2026/03/03	6.570	6.619	6.570	6.595	2815287	18564906.00
2026/03/04	6.590	6.590	6.532	6.534	2944444	19292216.00
2026/03/05	6.537	6.555	6.443	6.445	2790697	18043000.00
2026/03/06	6.444	6.480	6.378	6.398	2044810	13106376.00
2026/03/09	6.398	6.412	6.336	6.340	2425906	15414042.00
2026/03/10	6.331	6.410	6.331	6.377	2832260	18113748.00
2026/03/11	6.380	6.412	6.331	6.340	2609186	16567129.00
2026/03/12	6.339	6.389	6.329	6.330	1683355	10665787.00
2026/03/13	6.346	6.395	6.311	6.372	1723193	10993558.00
2026/03/16	6.372	6.387	6.340	6.341	1685900	10714984.00
2026/03/17	6.347	6.374	6.347	6.358	2476261	15750585.00
2026/03/18	6.352	6.420	6.349	6.418	1315174	8397211.00
2026/03/19	6.408	6.440	6.385	6.425	563326	3615942.00
2026/03/20	6.441	6.445	6.403	6.431	476653	3061888.00
2026/03/23	6.445	6.445	6.330	6.334	1972864	12545196.00
2026/03/24	6.334	6.355	6.334	6.346	1878982	11918301.00
2026/04/03	6.171	6.171	6.099	6.100	1971005	12035397.00
#鑒앴윱都:繫댐斤
