508018 ЛЊЯФжаЙњНЛНЈREIT ШеЯп ВЛИДШЈ
      ШеЦк	    ПЊХЬ	    зюИп	    зюЕЭ	    ЪеХЬ	    ГЩНЛСП	    ГЩНЛЖю
2022/04/28	9.898	10.121	9.399	9.606	72112168	698756864.00
2022/04/29	9.600	9.878	9.415	9.790	26586802	256008608.00
2022/05/05	9.794	9.794	9.601	9.699	10417874	100755424.00
2022/05/06	9.628	9.648	9.530	9.596	6315210	60577440.00
2022/05/09	9.596	9.596	9.548	9.552	4796532	45850520.00
2022/05/10	9.542	9.597	9.505	9.566	5572865	53249464.00
2022/05/11	9.566	9.595	9.552	9.563	6798111	65052912.00
2022/05/12	9.563	9.566	9.550	9.561	2778458	26564880.00
2022/05/13	9.561	9.568	9.561	9.561	4141997	39615980.00
2022/05/16	9.564	9.578	9.559	9.577	3477670	33261516.00
2022/05/17	9.578	9.582	9.556	9.564	5050259	48322324.00
2022/05/18	9.561	9.570	9.551	9.561	3095790	29586992.00
2022/05/19	9.557	9.557	9.540	9.544	2515649	24007588.00
2022/05/20	9.543	9.563	9.539	9.562	3038909	29018544.00
2022/05/23	9.561	9.561	9.538	9.539	4137477	39483928.00
2022/05/24	9.539	9.539	9.505	9.506	3232081	30768134.00
2022/05/25	9.502	9.504	9.470	9.479	4206613	39889500.00
2022/05/26	9.479	9.487	9.476	9.482	3367977	31930570.00
2022/05/27	9.480	9.486	9.479	9.481	2929278	27778220.00
2022/05/30	9.481	9.488	9.481	9.482	2359377	22374208.00
2022/05/31	9.482	9.485	9.453	9.457	4542579	42965368.00
2022/06/01	9.457	9.457	9.428	9.429	5323049	50219016.00
2022/06/02	9.429	9.447	9.426	9.427	4145323	39091920.00
2022/06/06	9.427	9.508	9.425	9.504	4434830	41902332.00
2022/06/07	9.499	9.630	9.478	9.610	6026426	57641380.00
2022/06/08	9.609	9.609	9.521	9.548	3698975	35314716.00
2022/06/09	9.543	9.560	9.510	9.549	3121826	29739848.00
2022/06/10	9.545	9.547	9.510	9.535	3111496	29665568.00
2022/06/13	9.518	9.522	9.502	9.522	2822896	26854780.00
2022/06/14	9.520	9.535	9.494	9.515	3217086	30617852.00
2022/06/15	9.513	9.521	9.507	9.512	3817817	36334464.00
2022/06/16	9.512	9.518	9.495	9.501	2958980	28121292.00
2022/06/17	9.499	9.499	9.480	9.483	2945642	27934832.00
2022/06/20	9.480	9.480	9.450	9.468	3946542	37348368.00
2022/06/21	9.468	9.502	9.455	9.500	2784727	26425248.00
2022/06/22	9.499	9.500	9.470	9.480	2234936	21200104.00
2022/06/23	9.480	9.495	9.470	9.473	2781197	26350992.00
2022/06/24	9.473	9.490	9.470	9.484	3225125	30583868.00
2022/06/27	9.484	9.504	9.474	9.499	3672648	34826064.00
2022/06/28	9.489	9.491	9.480	9.482	3748828	35553440.00
2022/06/29	9.482	9.494	9.470	9.492	3370780	31963404.00
2022/06/30	9.489	9.508	9.480	9.489	5884935	55877344.00
2022/07/01	9.490	9.500	9.480	9.488	2008256	19059244.00
2022/07/04	9.488	9.492	9.480	9.485	3263780	30969520.00
2022/07/05	9.485	9.485	9.465	9.467	3328725	31537372.00
2022/07/06	9.467	9.500	9.453	9.455	3316312	31363678.00
2022/07/07	9.454	9.464	9.450	9.452	3254639	30767392.00
2022/07/08	9.452	9.454	9.436	9.438	4095335	38656900.00
2022/07/11	9.438	9.441	9.426	9.440	2121824	20014840.00
2022/07/12	9.441	9.480	9.439	9.479	3329404	31519740.00
2022/07/13	9.480	9.490	9.476	9.477	2052843	19459450.00
2022/07/14	9.477	9.477	9.442	9.455	3052805	28862082.00
2022/07/15	9.455	9.460	9.440	9.456	1620366	15323271.00
2022/07/18	9.456	9.456	9.430	9.446	2026985	19139368.00
2022/07/19	9.445	9.456	9.435	9.454	1801111	17023582.00
2022/07/20	9.454	9.459	9.443	9.455	2585763	24434056.00
2022/07/21	9.450	9.457	9.438	9.456	2033428	19218624.00
2022/07/22	9.457	9.464	9.444	9.462	2312088	21872886.00
2022/07/25	9.461	9.480	9.448	9.470	3086569	29203160.00
2022/07/26	9.470	9.478	9.458	9.475	2666851	25243288.00
2022/07/27	9.474	9.490	9.456	9.478	1998667	18946824.00
2022/07/28	9.478	9.503	9.470	9.501	3682575	34983624.00
2022/07/29	9.501	9.503	9.499	9.501	2889829	27454898.00
2022/08/01	9.501	9.503	9.495	9.501	2529742	24033642.00
2022/08/02	9.500	9.500	9.463	9.471	3816402	36154804.00
2022/08/03	9.471	9.472	9.465	9.470	2086345	19758338.00
2022/08/04	9.470	9.498	9.462	9.485	2200950	20855308.00
2022/08/05	9.485	9.485	9.458	9.481	3026408	28652052.00
2022/08/08	9.480	9.482	9.462	9.478	2095016	19856876.00
2022/08/09	9.478	9.478	9.470	9.470	2345802	22217108.00
2022/08/10	9.470	9.470	9.462	9.467	3301659	31255908.00
2022/08/11	9.467	9.468	9.460	9.464	3326578	31479690.00
2022/08/12	9.464	9.525	9.460	9.500	4682810	44474744.00
2022/08/15	9.500	9.517	9.488	9.503	3501470	33274874.00
2022/08/16	9.502	9.502	9.490	9.494	3781358	35895932.00
2022/08/17	9.493	9.499	9.487	9.493	2478504	23529170.00
2022/08/18	9.493	9.514	9.488	9.502	3604636	34251140.00
2022/08/19	9.502	9.584	9.502	9.545	6398477	61144936.00
2022/08/22	9.542	9.570	9.538	9.549	3791828	36264988.00
2022/08/23	9.547	9.565	9.530	9.535	3211596	30646356.00
2022/08/24	9.531	9.534	9.505	9.522	2237944	21304748.00
2022/08/25	9.522	9.539	9.510	9.537	2598110	24744384.00
2022/08/26	9.537	9.550	9.525	9.534	3966842	37848624.00
2022/08/29	9.533	9.536	9.524	9.524	3029446	28874476.00
2022/08/30	9.520	9.544	9.510	9.541	4120375	39268260.00
2022/08/31	9.540	9.562	9.521	9.556	3547104	33888572.00
2022/09/01	9.557	9.557	9.522	9.528	3471677	33092114.00
2022/09/02	9.528	9.536	9.518	9.536	2539029	24199824.00
2022/09/05	9.550	9.560	9.526	9.541	2894091	27607292.00
2022/09/06	9.542	9.548	9.527	9.543	3329774	31766460.00
2022/09/07	9.543	9.552	9.529	9.549	2224327	21233306.00
2022/09/08	9.549	9.565	9.537	9.563	4254983	40664840.00
2022/09/09	9.564	9.579	9.551	9.579	3740536	35788908.00
2022/09/13	9.578	9.578	9.555	9.570	2674591	25601708.00
2022/09/14	9.570	9.570	9.549	9.554	4024118	38446148.00
2022/09/15	9.554	9.560	9.545	9.545	3616442	34540800.00
2022/09/16	9.544	9.548	9.515	9.530	4153480	39597988.00
2022/09/19	9.530	9.530	9.505	9.523	4177506	39750544.00
2022/09/20	9.523	9.530	9.510	9.518	4255198	40504432.00
2022/09/21	9.517	9.546	9.513	9.538	3475697	33135344.00
2022/09/22	9.538	9.541	9.515	9.529	3511636	33484644.00
2022/09/23	9.527	9.527	9.500	9.502	4794065	45554776.00
2022/09/26	9.501	9.505	9.454	9.457	5081411	48126608.00
2022/09/27	9.459	9.500	9.458	9.475	5485116	51975292.00
2022/09/28	9.477	9.488	9.467	9.472	5082967	48186412.00
2022/09/29	9.474	9.478	9.413	9.430	4843157	45740876.00
2022/09/30	9.430	9.465	9.430	9.452	3815432	36060040.00
2022/10/10	9.452	9.474	9.423	9.425	3424677	32369436.00
2022/10/11	9.425	9.430	9.420	9.427	3627347	34191592.00
2022/10/12	9.410	9.410	9.342	9.349	4203355	39322172.00
2022/10/13	9.349	9.377	9.340	9.360	3926935	36760480.00
2022/10/14	9.360	9.381	9.360	9.363	3064260	28692712.00
2022/10/17	9.364	9.371	9.333	9.364	3724019	34838056.00
2022/10/18	9.364	9.392	9.355	9.366	3231854	30265480.00
2022/10/19	9.366	9.386	9.356	9.378	4928941	46172444.00
2022/10/20	9.384	9.384	9.360	9.367	4660520	43658152.00
2022/10/21	9.363	9.364	9.330	9.352	4615294	43149924.00
2022/10/24	9.344	9.344	9.277	9.278	3754930	35008724.00
2022/10/25	9.278	9.300	9.183	9.203	4696207	43220064.00
2022/10/26	9.200	9.205	9.150	9.184	6489695	59564152.00
2022/10/27	9.183	9.223	9.136	9.139	4951187	45417096.00
2022/10/28	9.138	9.144	8.994	9.139	4363106	39482280.00
2022/10/31	9.127	9.127	8.905	8.920	5484841	49260032.00
2022/11/01	8.925	8.938	8.796	8.856	6237765	55399656.00
2022/11/02	8.865	8.935	8.806	8.928	8043939	71035488.00
2022/11/03	8.882	8.925	8.840	8.918	6897636	61485040.00
2022/11/04	8.918	9.014	8.918	8.940	8190771	73467736.00
2022/11/07	8.940	8.950	8.843	8.847	4583258	40704272.00
2022/11/08	8.848	8.866	8.745	8.786	6170189	54394356.00
2022/11/09	8.786	8.787	8.696	8.706	5493008	47952152.00
2022/11/10	8.708	8.721	8.600	8.624	5718845	49408416.00
2022/11/11	8.640	8.643	8.505	8.512	7702378	65735864.00
2022/11/14	8.509	8.509	8.375	8.393	8687000	73053160.00
2022/11/15	8.369	8.369	8.287	8.318	7867834	65375924.00
2022/11/16	8.319	8.440	8.200	8.312	9588526	80118816.00
2022/11/17	8.288	8.342	8.146	8.203	6033708	49565792.00
2022/11/18	8.204	8.276	8.128	8.260	6949290	56820288.00
2022/11/21	8.250	8.419	8.210	8.403	3984586	33245336.00
2022/11/22	8.435	8.435	8.373	8.401	2556143	21464312.00
2022/11/23	8.401	8.407	8.373	8.399	3098254	25977814.00
2022/11/24	8.396	8.408	8.390	8.399	4000128	33606844.00
2022/11/25	8.401	8.401	8.360	8.396	5613443	47041720.00
2022/11/28	8.402	8.402	8.348	8.353	4435859	37091980.00
2022/11/29	8.357	8.387	8.350	8.384	5815645	48671480.00
2022/11/30	8.384	8.411	8.346	8.366	5562428	46582344.00
2022/12/01	8.360	8.385	8.360	8.377	5949712	49791612.00
2022/12/02	8.354	8.354	8.210	8.286	5772727	47853684.00
2022/12/05	8.287	8.564	8.287	8.521	9944625	84472640.00
2022/12/06	8.531	8.764	8.531	8.685	10500855	91254512.00
2022/12/07	8.688	8.735	8.653	8.687	7662805	66619500.00
2022/12/08	8.690	8.734	8.688	8.706	7749908	67483800.00
2022/12/09	8.706	8.726	8.706	8.719	4298841	37471424.00
2022/12/12	8.718	8.719	8.670	8.682	4415535	38329936.00
2022/12/13	8.680	8.680	8.606	8.616	4474023	38658172.00
2022/12/14	8.613	8.613	8.470	8.488	5210960	44350664.00
2022/12/15	8.488	8.526	8.466	8.490	4762961	40464436.00
2022/12/16	8.520	8.520	8.465	8.483	5108685	43303920.00
2022/12/19	8.519	8.519	8.420	8.438	4324348	36588784.00
2022/12/20	8.450	8.450	8.290	8.308	3303682	27514218.00
2022/12/21	8.316	8.349	8.291	8.299	2491372	20698056.00
2022/12/22	8.317	8.345	8.299	8.343	2954113	24629158.00
2022/12/23	8.355	8.418	8.343	8.415	3971691	33312328.00
2022/12/26	8.415	8.415	8.392	8.403	3434127	28854668.00
2022/12/27	8.403	8.403	8.369	8.378	3139814	26328604.00
2022/12/28	8.378	8.378	8.338	8.340	1899574	15847310.00
2022/12/29	8.340	8.344	8.300	8.340	1751463	14589812.00
2022/12/30	8.338	8.386	8.305	8.380	2451355	20449932.00
2023/01/03	8.376	8.376	8.348	8.357	2652838	22152572.00
2023/01/04	8.357	8.357	8.328	8.340	2737839	22833432.00
2023/01/05	8.340	8.340	8.321	8.327	3656207	30444054.00
2023/01/06	8.327	8.372	8.320	8.368	3172186	26448730.00
2023/01/09	8.368	8.408	8.363	8.405	6841548	57442636.00
2023/01/10	8.406	8.468	8.406	8.462	6899848	58223376.00
2023/01/11	8.456	8.459	8.438	8.445	6318852	53383420.00
2023/01/12	8.446	8.451	8.425	8.438	5797386	48896100.00
2023/01/13	8.436	8.456	8.436	8.452	4861182	41075700.00
2023/01/16	8.453	8.476	8.444	8.474	4072122	34453944.00
2023/01/17	8.475	8.498	8.475	8.486	5145212	43672820.00
2023/01/18	8.486	8.491	8.446	8.485	4494136	38147652.00
2023/01/19	8.485	8.491	8.480	8.485	2947782	25012894.00
2023/01/20	8.489	8.530	8.489	8.527	3179534	27067952.00
2023/01/30	8.530	8.604	8.530	8.602	5767378	49468776.00
2023/01/31	8.606	8.673	8.602	8.665	6374173	55126400.00
2023/02/01	8.665	8.689	8.635	8.642	4260705	36894976.00
2023/02/02	8.637	8.640	8.563	8.579	6309124	54150456.00
2023/02/03	8.577	8.615	8.567	8.610	5125993	44068612.00
2023/02/06	8.609	8.660	8.539	8.629	4884002	42165060.00
2023/02/07	8.626	8.629	8.585	8.593	3991700	34332064.00
2023/02/08	8.593	8.608	8.585	8.601	3929737	33800000.00
2023/02/09	8.599	8.599	8.576	8.586	4679767	40167800.00
2023/02/10	8.585	8.628	8.571	8.600	5558448	47830888.00
2023/02/13	8.600	8.604	8.564	8.576	3703386	31785422.00
2023/02/14	8.576	8.602	8.556	8.570	5772389	49546964.00
2023/02/15	8.570	8.604	8.570	8.575	3610675	31008320.00
2023/02/16	8.565	8.602	8.565	8.576	4249635	36487632.00
2023/02/17	8.574	8.602	8.574	8.594	6275916	53932280.00
2023/02/20	8.593	8.599	8.578	8.595	7134993	61322020.00
2023/02/21	8.594	8.645	8.594	8.616	7602398	65577308.00
2023/02/22	8.615	8.645	8.601	8.605	5203387	44857456.00
2023/02/23	8.605	8.627	8.571	8.578	4308843	37062316.00
2023/02/24	8.578	8.580	8.493	8.518	4444093	37872072.00
2023/02/27	8.513	8.517	8.478	8.496	4896351	41576024.00
2023/02/28	8.494	8.509	8.484	8.490	7120326	60532852.00
2023/03/01	8.490	8.507	8.490	8.499	6267147	53277568.00
2023/03/02	8.499	8.511	8.490	8.503	7197152	61203360.00
2023/03/03	8.503	8.516	8.496	8.500	9430928	80180936.00
2023/03/06	8.499	8.505	8.492	8.501	6944998	59033476.00
2023/03/07	8.499	8.502	8.479	8.484	6077676	51617152.00
2023/03/08	8.480	8.480	8.459	8.465	6262043	53016056.00
2023/03/09	8.433	8.464	8.433	8.437	3477885	29398720.00
2023/03/10	8.437	8.451	8.410	8.414	5136099	43308076.00
2023/03/13	8.415	8.425	8.363	8.393	3611863	30375850.00
2023/03/14	8.361	8.386	8.361	8.383	8835515	74038064.00
2023/03/15	8.383	8.405	8.383	8.391	8463565	71073824.00
2023/03/16	8.393	8.404	8.360	8.361	3297623	27627794.00
2023/03/17	8.360	8.360	8.329	8.334	6109989	50944748.00
2023/03/20	8.334	8.340	8.230	8.243	5777841	47706728.00
2023/03/21	8.243	8.250	8.209	8.215	5828102	47913360.00
2023/03/22	8.215	8.215	8.190	8.197	5971643	48934236.00
2023/03/23	8.190	8.205	8.190	8.202	4224063	34644180.00
2023/03/24	8.202	8.217	8.202	8.213	3834898	31490958.00
2023/03/27	8.214	8.230	8.198	8.199	5560840	45667216.00
2023/03/28	8.199	8.202	8.164	8.166	3406216	27867304.00
2023/03/29	8.165	8.165	8.103	8.123	3058791	24880874.00
2023/03/30	8.123	8.129	8.097	8.117	3839414	31140908.00
2023/03/31	8.116	8.185	8.116	8.165	5978222	48774396.00
2023/04/03	8.163	8.225	8.150	8.157	8083960	66084184.00
2023/04/04	8.157	8.158	8.125	8.150	6250987	50863804.00
2023/04/06	8.151	8.156	8.100	8.120	6434624	52247400.00
2023/04/07	8.121	8.143	8.109	8.141	6974451	56697388.00
2023/04/10	8.141	8.155	8.136	8.144	5855081	47685816.00
2023/04/11	8.144	8.157	8.142	8.150	6548387	53370880.00
2023/04/12	8.150	8.155	8.143	8.153	4961643	40431884.00
2023/04/13	8.151	8.154	8.135	8.140	5623645	45792260.00
2023/04/14	8.139	8.147	8.100	8.103	4979376	40406560.00
2023/04/17	8.103	8.106	8.070	8.077	5639759	45605028.00
2023/04/18	8.076	8.076	8.010	8.020	5770933	46384692.00
2023/04/19	8.020	8.023	7.955	8.018	7810789	62347288.00
2023/04/20	8.022	8.022	7.855	7.997	10712067	85006440.00
2023/04/21	7.990	7.992	7.871	7.888	3451452	27282990.00
2023/04/24	7.878	7.878	7.728	7.731	4166273	32459172.00
2023/04/25	7.730	7.731	7.491	7.492	4969756	37667644.00
2023/04/26	7.492	7.492	6.778	7.163	7391572	52977228.00
2023/04/27	7.100	7.100	6.900	7.015	3234072	22719036.00
2023/04/28	7.014	7.210	7.000	7.110	9346092	66235288.00
2023/05/04	7.100	7.111	7.063	7.074	3628854	25697498.00
2023/05/05	7.077	7.102	7.063	7.071	3987700	28226192.00
2023/05/08	7.075	7.085	6.990	7.024	4437897	31229410.00
2023/05/09	7.029	7.052	6.985	7.051	4966000	34883896.00
2023/05/10	7.054	7.199	7.030	7.187	5506655	39153792.00
2023/05/11	7.124	7.186	7.085	7.184	6198053	44318024.00
2023/05/12	7.189	7.189	7.136	7.150	3733206	26706776.00
2023/05/15	7.150	7.150	7.064	7.087	4219417	29894772.00
2023/05/16	7.100	7.145	7.065	7.143	3854326	27425744.00
2023/05/17	7.143	7.143	7.108	7.112	2526033	17978404.00
2023/05/18	7.112	7.125	7.091	7.099	1694318	12034123.00
2023/05/19	7.100	7.105	7.062	7.072	1944084	13754667.00
2023/05/22	7.072	7.102	7.072	7.093	2605575	18468832.00
2023/05/23	7.093	7.103	7.080	7.094	3237675	22964232.00
2023/05/24	7.099	7.099	7.068	7.080	2779700	19680592.00
2023/05/25	7.080	7.125	7.071	7.109	2889812	20537516.00
2023/05/26	7.110	7.110	7.046	7.052	4413775	31217794.00
2023/05/29	7.052	7.052	6.942	6.946	3997179	27936944.00
2023/05/30	6.944	6.945	6.708	6.733	4054157	27412704.00
2023/05/31	6.722	6.722	6.656	6.677	4624106	30920396.00
2023/06/01	6.675	6.675	6.588	6.589	3055128	20192444.00
2023/06/02	6.589	6.590	6.452	6.479	4097292	26561072.00
2023/06/05	6.475	6.475	6.194	6.205	7367111	46074416.00
2023/06/06	6.194	6.204	6.000	6.184	6468693	39096088.00
2023/06/07	6.186	6.235	6.167	6.229	3687348	22867084.00
2023/06/08	6.232	6.369	6.230	6.353	5946468	37644176.00
2023/06/09	6.356	6.382	6.330	6.368	4287301	27282142.00
2023/06/12	6.363	6.363	6.300	6.345	2934156	18553634.00
2023/06/13	6.337	6.349	6.320	6.347	1413258	8966337.00
2023/06/14	6.348	6.355	6.322	6.335	2353875	14927072.00
2023/06/15	6.242	6.249	6.149	6.158	2177647	13467856.00
2023/06/16	6.158	6.158	6.110	6.148	2026496	12419630.00
2023/06/19	6.146	6.146	6.100	6.106	1725178	10538217.00
2023/06/20	6.106	6.115	6.070	6.079	2410731	14683026.00
2023/06/21	6.078	6.078	5.988	5.989	2698215	16200052.00
2023/06/26	5.991	5.995	5.911	5.932	2823894	16777456.00
2023/06/27	5.932	5.940	5.900	5.909	2244409	13278369.00
2023/06/28	5.908	5.914	5.844	5.883	3586901	21075572.00
2023/06/29	5.883	5.907	5.813	5.863	3237045	18983382.00
2023/06/30	5.864	5.899	5.829	5.891	5815860	34119700.00
2023/07/03	5.888	5.905	5.868	5.883	3487889	20520210.00
2023/07/04	5.882	5.900	5.871	5.881	3307723	19460724.00
2023/07/05	5.881	5.881	5.820	5.838	3024044	17665840.00
2023/07/06	5.834	5.894	5.813	5.849	5170499	30305632.00
2023/07/07	5.862	5.940	5.845	5.908	5684081	33556900.00
2023/07/10	5.905	5.932	5.905	5.929	4190533	24790038.00
2023/07/11	5.930	5.939	5.902	5.918	4502601	26626596.00
2023/07/12	5.918	5.920	5.908	5.910	2917153	17239640.00
2023/07/13	5.911	5.919	5.902	5.913	3655392	21598912.00
2023/07/14	5.913	6.029	5.906	6.008	4107692	24566014.00
2023/07/17	6.012	6.256	6.008	6.249	5103558	31438206.00
2023/07/18	6.250	6.483	6.236	6.459	6865873	43909768.00
2023/07/19	6.455	6.590	6.258	6.542	9704544	62838004.00
2023/07/20	6.497	6.497	6.330	6.396	5571699	35678832.00
2023/07/21	6.393	6.393	6.281	6.336	3529605	22359084.00
2023/07/24	6.320	6.320	6.212	6.220	2579255	16140199.00
2023/07/25	6.217	6.250	6.208	6.221	4638406	28901628.00
2023/07/26	6.239	6.264	6.213	6.223	2200475	13711657.00
2023/07/27	6.223	6.242	6.183	6.193	1870568	11624123.00
2023/07/28	6.194	6.194	6.116	6.175	2855648	17536704.00
2023/07/31	6.175	6.246	6.165	6.168	3239252	20043970.00
2023/08/01	6.170	6.244	6.141	6.160	3570950	22104016.00
2023/08/02	6.148	6.199	6.148	6.173	2136465	13183650.00
2023/08/03	6.173	6.198	6.170	6.197	2909941	17976422.00
2023/08/04	6.195	6.228	6.195	6.219	2202157	13689340.00
2023/08/07	6.218	6.227	6.195	6.223	1597475	9916342.00
2023/08/08	6.222	6.233	6.190	6.207	2075501	12888089.00
2023/08/09	6.208	6.217	6.180	6.196	1701339	10541025.00
2023/08/10	6.196	6.198	6.180	6.187	2305995	14268429.00
2023/08/11	6.186	6.190	6.145	6.150	1950387	12035359.00
2023/08/14	6.148	6.148	6.051	6.092	2302526	14030162.00
2023/08/15	6.091	6.128	6.080	6.119	2238103	13654317.00
2023/08/16	6.129	6.132	6.100	6.124	1816064	11120020.00
2023/08/17	6.123	6.125	6.112	6.122	1716426	10506004.00
2023/08/18	6.118	6.139	6.118	6.123	1966948	12049756.00
2023/08/21	6.120	6.120	6.095	6.101	1225242	7484025.00
2023/08/22	6.098	6.101	5.988	6.053	3451478	20842476.00
2023/08/23	6.043	6.043	5.995	6.015	3333769	20022398.00
2023/08/24	6.015	6.018	5.994	6.016	2921277	17532580.00
2023/08/25	6.010	6.026	6.000	6.004	4102758	24677944.00
2023/08/28	6.031	6.068	5.988	5.999	3205967	19283500.00
2023/08/29	5.965	5.965	5.916	5.918	2969821	17597214.00
2023/08/30	5.918	5.930	5.905	5.918	3155425	18678320.00
2023/08/31	5.918	5.930	5.885	5.893	2441892	14397340.00
2023/09/01	5.894	5.920	5.862	5.883	2723349	16040143.00
2023/09/04	5.883	5.892	5.871	5.877	3441526	20228988.00
2023/09/05	5.877	5.897	5.873	5.891	2038891	11995760.00
2023/09/06	5.895	5.903	5.865	5.878	1968783	11586400.00
2023/09/07	5.878	5.885	5.841	5.845	2480214	14537294.00
2023/09/08	5.845	5.868	5.821	5.828	3583530	20915836.00
2023/09/11	5.828	5.845	5.820	5.842	2777498	16181209.00
2023/09/12	5.841	5.855	5.827	5.837	2620308	15296060.00
2023/09/13	5.838	5.854	5.803	5.836	4541767	26494994.00
2023/09/14	5.833	5.855	5.803	5.846	4172592	24347508.00
2023/09/15	5.844	5.852	5.831	5.846	4007738	23430320.00
2023/09/18	5.844	5.850	5.834	5.834	2324029	13584587.00
2023/09/19	5.833	5.842	5.791	5.819	3439285	20000902.00
2023/09/20	5.804	5.816	5.798	5.799	2669582	15500077.00
2023/09/21	5.799	5.805	5.778	5.798	3044193	17636860.00
2023/09/22	5.797	5.797	5.767	5.793	3116449	18014188.00
2023/09/25	5.789	5.789	5.745	5.759	3152157	18155020.00
2023/09/26	5.759	5.762	5.745	5.762	2030359	11681176.00
2023/09/27	5.762	5.900	5.751	5.888	6200916	35974084.00
2023/09/28	5.888	5.993	5.888	5.971	10742496	63893888.00
2023/10/09	5.964	5.965	5.915	5.938	4202525	24959432.00
2023/10/10	5.938	5.940	5.888	5.901	3139931	18570704.00
2023/10/11	5.905	5.905	5.862	5.883	2791475	16411239.00
2023/10/12	5.880	5.898	5.873	5.889	3268524	19221904.00
2023/10/13	5.908	5.908	5.880	5.896	2575766	15176511.00
2023/10/16	5.897	5.897	5.845	5.846	3116732	18329300.00
2023/10/17	5.846	5.865	5.805	5.823	3284367	19174012.00
2023/10/18	5.820	5.826	5.788	5.812	2908913	16888788.00
2023/10/19	5.813	5.816	5.750	5.781	1924554	11107789.00
2023/10/20	5.780	5.780	5.691	5.695	3302947	18946190.00
2023/10/23	5.695	5.699	5.643	5.680	3400731	19272468.00
2023/10/24	5.679	5.750	5.648	5.749	3344607	18982932.00
2023/10/25	5.748	5.801	5.710	5.726	3111283	17934874.00
2023/10/26	5.726	5.744	5.705	5.715	2983504	17052664.00
2023/10/27	5.709	5.720	5.693	5.715	3870365	22100022.00
2023/10/30	5.709	5.715	5.680	5.709	3368669	19196140.00
2023/10/31	5.701	5.708	5.681	5.699	3020397	17198740.00
2023/11/01	5.697	5.700	5.684	5.695	3051159	17357852.00
2023/11/02	5.694	5.695	5.672	5.693	2259600	12857972.00
2023/11/03	5.687	5.709	5.686	5.689	3269316	18619776.00
2023/11/06	5.688	5.698	5.661	5.666	4071377	23110662.00
2023/11/07	5.663	5.663	5.649	5.649	1619630	9158574.00
2023/11/08	5.648	5.663	5.625	5.627	3597180	20287140.00
2023/11/09	5.627	5.637	5.587	5.602	5488072	30780928.00
2023/11/10	5.603	5.605	5.583	5.601	3063142	17130264.00
2023/11/13	5.600	5.600	5.546	5.558	4342729	24205608.00
2023/11/14	5.555	5.556	5.533	5.543	2207807	12241691.00
2023/11/15	5.541	5.541	5.490	5.506	3124752	17237104.00
2023/11/16	5.487	5.600	5.426	5.483	3025742	16538792.00
2023/11/17	5.468	5.481	5.445	5.473	3466424	18903828.00
2023/11/20	5.458	5.498	5.427	5.483	2367152	12897425.00
2023/11/21	5.480	5.543	5.462	5.540	3993360	21962592.00
2023/11/22	5.539	5.539	5.489	5.512	3229572	17766456.00
2023/11/23	5.505	5.505	5.437	5.438	5350544	29171806.00
2023/11/24	5.439	5.453	5.400	5.407	3369886	18271474.00
2023/11/27	5.345	5.345	5.290	5.291	2871676	15217193.00
2023/11/28	5.290	5.304	5.262	5.288	2952677	15631472.00
2023/11/29	5.285	5.288	5.209	5.241	4211729	22030844.00
2023/11/30	5.245	5.261	5.223	5.248	3962182	20722204.00
2023/12/01	5.241	5.249	5.203	5.241	3476380	18164228.00
2023/12/04	5.232	5.239	5.181	5.226	3523079	18331344.00
2023/12/05	5.217	5.235	5.201	5.229	3061427	15968674.00
2023/12/06	5.226	5.237	5.213	5.228	2766712	14450854.00
2023/12/07	5.227	5.227	5.186	5.204	2643440	13741803.00
2023/12/08	5.201	5.201	5.138	5.155	3173064	16371010.00
2023/12/11	5.155	5.157	5.061	5.096	4877115	24844366.00
2023/12/12	5.095	5.095	5.025	5.057	3796405	19140618.00
2023/12/13	5.048	5.049	4.999	5.018	3450583	17319404.00
2023/12/14	5.000	5.025	4.999	5.009	2294064	11486908.00
2023/12/15	5.007	5.027	4.995	5.023	2121409	10640499.00
2023/12/18	5.023	5.048	5.001	5.039	1423614	7140324.00
2023/12/19	5.039	5.098	5.031	5.095	2202015	11142011.00
2023/12/20	5.094	5.115	5.069	5.108	4867703	24815804.00
2023/12/21	5.107	5.182	5.071	5.166	7226548	37157988.00
2023/12/22	5.165	5.288	5.109	5.151	7894992	41122440.00
2023/12/25	5.134	5.140	5.054	5.126	4196498	21426396.00
2023/12/26	5.117	5.125	5.082	5.119	2674084	13646188.00
2023/12/27	5.113	5.117	5.089	5.104	2419042	12353618.00
2023/12/28	5.101	5.118	5.084	5.107	2259474	11524613.00
2023/12/29	5.111	5.178	5.082	5.150	3552501	18281864.00
2024/01/02	5.122	5.158	5.122	5.132	3608262	18530626.00
2024/01/03	5.124	5.150	5.107	5.123	4697754	24077048.00
2024/01/04	5.122	5.123	5.093	5.109	2213304	11294862.00
2024/01/05	5.105	5.119	5.074	5.076	2918106	14876800.00
2024/01/08	5.073	5.076	5.011	5.036	2474825	12511917.00
2024/01/09	5.022	5.070	5.013	5.013	1849424	9296826.00
2024/01/10	5.013	5.014	4.988	4.991	2051819	10255780.00
2024/01/11	4.991	5.014	4.991	5.000	3121414	15612958.00
2024/01/12	5.000	5.000	4.976	4.983	2774695	13828633.00
2024/01/15	4.986	5.013	4.980	4.998	3285700	16396143.00
2024/01/16	4.998	5.016	4.989	5.002	3492203	17471822.00
2024/01/17	5.000	5.035	4.996	5.012	4746848	23787288.00
2024/01/18	5.009	5.009	4.900	4.949	3610517	17822772.00
2024/01/19	4.959	4.962	4.932	4.949	2995907	14836426.00
2024/01/22	4.949	4.949	4.851	4.874	3863335	18892592.00
2024/01/23	4.879	4.884	4.783	4.820	4643250	22328338.00
2024/01/24	4.819	4.819	4.697	4.723	6951930	32917632.00
2024/01/25	4.715	4.767	4.590	4.765	8534866	39679584.00
2024/01/26	4.719	4.770	4.685	4.762	4192721	19861648.00
2024/01/29	4.739	4.749	4.731	4.738	4191018	19879144.00
2024/01/30	4.738	4.755	4.711	4.730	4427354	20965748.00
2024/01/31	4.730	4.762	4.722	4.729	6071865	28729308.00
2024/02/01	4.724	4.747	4.720	4.730	9390461	44432952.00
2024/02/02	4.729	4.745	4.720	4.731	7175349	33961088.00
2024/02/05	4.731	4.745	4.726	4.739	5920251	28010040.00
2024/02/06	4.736	4.738	4.727	4.737	8622677	40818872.00
2024/02/07	4.738	4.763	4.733	4.750	6231152	29597372.00
2024/02/08	4.751	4.832	4.733	4.831	8738863	41645596.00
2024/02/19	4.833	5.115	4.833	5.102	8499842	42064512.00
2024/02/20	5.098	5.267	5.062	5.222	8543182	44499448.00
2024/02/21	5.200	5.260	5.182	5.250	5261402	27524398.00
2024/02/22	5.260	5.260	5.212	5.259	5935070	31057728.00
2024/02/23	5.259	5.361	5.235	5.354	8787188	46574512.00
2024/02/26	5.322	5.597	5.319	5.588	8779180	48430340.00
2024/02/27	5.589	5.650	5.521	5.568	7012087	39127116.00
2024/02/28	5.551	5.551	5.446	5.461	6679652	36651156.00
2024/02/29	5.430	5.477	5.395	5.467	9207398	50270036.00
2024/03/01	5.464	5.595	5.464	5.579	8932649	49451828.00
2024/03/04	5.578	5.650	5.543	5.628	8997876	50705744.00
2024/03/05	5.628	5.674	5.591	5.625	9782453	55361472.00
2024/03/06	5.625	5.669	5.574	5.598	8989398	50363740.00
2024/03/07	5.579	5.618	5.491	5.537	8248749	46008636.00
2024/03/08	5.534	5.534	5.401	5.461	11146839	60844584.00
2024/03/11	5.456	5.470	5.421	5.428	6305882	34360376.00
2024/03/12	5.428	5.438	5.352	5.380	6505184	35084908.00
2024/03/13	5.385	5.417	5.359	5.365	4832360	25967052.00
2024/03/14	5.363	5.387	5.288	5.292	6049011	32230568.00
2024/03/15	5.291	5.296	5.271	5.286	4806792	25428110.00
2024/03/18	5.287	5.323	5.270	5.273	5293169	27943452.00
2024/03/19	5.273	5.292	5.250	5.258	3682911	19366098.00
2024/03/20	5.257	5.257	5.155	5.214	6311062	32825868.00
2024/03/21	5.204	5.205	5.170	5.194	5176213	26848926.00
2024/03/22	5.172	5.194	5.134	5.148	5206249	26829312.00
2024/03/25	5.148	5.148	5.110	5.122	4476382	22943892.00
2024/03/26	5.122	5.228	5.122	5.219	6983291	36211968.00
2024/03/27	5.226	5.335	5.211	5.320	6031615	31789736.00
2024/03/28	5.320	5.330	5.238	5.277	5655833	29838352.00
2024/03/29	5.276	5.276	5.210	5.241	4604311	24133784.00
2024/04/01	5.239	5.279	5.211	5.241	5355803	28076824.00
2024/04/02	5.234	5.240	5.180	5.185	4682778	24369096.00
2024/04/03	5.181	5.214	5.181	5.205	4688642	24375480.00
2024/04/08	5.205	5.239	5.202	5.231	6349755	33147648.00
2024/04/09	5.229	5.249	5.217	5.243	5510390	28833434.00
2024/04/10	5.241	5.253	5.237	5.250	4484610	23520872.00
2024/04/11	5.251	5.257	5.230	5.238	4737161	24817096.00
2024/04/12	5.239	5.265	5.150	5.206	7438089	38744936.00
2024/04/15	5.197	5.206	5.154	5.173	6941054	35921452.00
2024/04/16	5.172	5.178	5.120	5.127	5196437	26730672.00
2024/04/17	5.134	5.143	5.121	5.135	4403711	22594208.00
2024/04/18	5.120	5.137	5.116	5.135	4355772	22327654.00
2024/04/19	5.131	5.134	5.100	5.110	3649528	18652072.00
2024/04/22	5.110	5.220	5.100	5.220	4840627	24965780.00
2024/04/23	5.218	5.320	5.201	5.308	4660217	24545874.00
2024/04/24	5.322	5.331	5.301	5.312	5701426	30315176.00
2024/04/25	5.312	5.359	5.312	5.358	5562462	29662360.00
2024/04/26	5.358	5.416	5.337	5.394	4632955	24944080.00
2024/04/29	5.315	5.333	5.280	5.300	5619355	29775224.00
2024/04/30	5.304	5.327	5.286	5.298	3799880	20109698.00
2024/05/06	5.297	5.311	5.290	5.304	4404373	23339000.00
2024/05/07	5.304	5.340	5.299	5.322	3780600	20106084.00
2024/05/08	5.322	5.339	5.309	5.320	3860895	20532540.00
2024/05/09	5.308	5.327	5.307	5.323	3795487	20189222.00
2024/05/10	5.320	5.350	5.260	5.333	8962718	47548780.00
2024/05/13	5.327	5.327	5.230	5.280	8103027	42699144.00
2024/05/14	5.271	5.295	5.257	5.287	4930898	26037428.00
2024/05/15	5.284	5.299	5.264	5.276	3913216	20676516.00
2024/05/16	5.270	5.293	5.270	5.288	3884408	20520916.00
2024/05/17	5.288	5.293	5.281	5.288	2524798	13353033.00
2024/05/20	5.289	5.292	5.244	5.250	5958745	31310140.00
2024/05/21	5.251	5.255	5.220	5.250	6161160	32299302.00
2024/05/22	5.248	5.250	5.184	5.224	7384994	38600236.00
2024/05/23	5.217	5.232	5.206	5.221	4353717	22692134.00
2024/05/24	5.224	5.272	5.211	5.256	3905876	20526708.00
2024/05/27	5.261	5.268	5.249	5.255	3325509	17485696.00
2024/05/28	5.283	5.283	5.247	5.254	3693666	19471796.00
2024/05/29	5.254	5.280	5.230	5.246	4777496	25068188.00
2024/05/30	5.244	5.259	5.234	5.252	5163066	27069214.00
2024/05/31	5.249	5.259	5.229	5.237	5725954	30015218.00
2024/06/03	5.238	5.255	5.238	5.250	4114491	21595240.00
2024/06/04	5.200	5.200	5.159	5.177	3399587	17574456.00
2024/06/05	5.188	5.188	5.161	5.176	6061191	31343428.00
2024/06/06	5.176	5.183	5.170	5.176	3297659	17074466.00
2024/06/07	5.178	5.178	5.062	5.117	7950512	40497472.00
2024/06/11	5.105	5.120	5.080	5.109	3977796	20262048.00
2024/06/12	5.109	5.129	5.061	5.107	3389573	17310472.00
2024/06/13	5.106	5.114	5.083	5.107	3550976	18120932.00
2024/06/14	5.107	5.162	5.103	5.159	3296175	16854364.00
2024/06/17	5.157	5.157	5.112	5.131	3699005	18998468.00
2024/06/18	5.124	5.139	5.113	5.119	3322888	17007216.00
2024/06/19	5.119	5.183	5.119	5.159	4770227	24628716.00
2024/06/20	5.157	5.158	5.069	5.075	5556119	28346804.00
2024/06/21	5.073	5.100	5.060	5.094	3301099	16728799.00
2024/06/24	5.088	5.131	5.078	5.100	3229921	16428787.00
2024/06/25	5.080	5.119	5.076	5.097	3791894	19290620.00
2024/06/26	5.091	5.120	5.061	5.101	2316780	11784811.00
2024/06/27	5.101	5.129	5.086	5.121	2362730	12048003.00
2024/06/28	5.119	5.125	5.080	5.098	2689771	13740458.00
2024/07/01	5.087	5.100	5.072	5.087	3421054	17385512.00
2024/07/02	5.076	5.092	5.074	5.075	2840735	14439772.00
2024/07/03	5.077	5.089	5.068	5.074	4097135	20789492.00
2024/07/04	5.075	5.088	5.070	5.075	2094072	10627969.00
2024/07/05	5.075	5.089	5.074	5.085	3656963	18576620.00
2024/07/08	5.079	5.083	5.060	5.082	3945098	20000254.00
2024/07/09	5.076	5.085	5.062	5.067	2110426	10700914.00
2024/07/10	5.066	5.077	5.046	5.056	3039252	15389496.00
2024/07/11	5.056	5.065	5.025	5.040	4482865	22627280.00
2024/07/12	5.037	5.060	5.014	5.055	2127662	10704283.00
2024/07/15	5.037	5.061	5.037	5.052	1211972	6119766.00
2024/07/16	5.051	5.053	5.041	5.049	1591494	8036784.00
2024/07/17	5.049	5.056	5.041	5.045	1727484	8717708.00
2024/07/18	5.045	5.060	5.021	5.027	1625577	8174991.00
2024/07/19	5.024	5.029	5.009	5.026	2704446	13560812.00
2024/07/22	5.020	5.020	5.012	5.018	1807460	9067412.00
2024/07/23	5.017	5.018	5.007	5.016	2224973	11156779.00
2024/07/24	5.015	5.016	4.995	4.997	2927305	14656340.00
2024/07/25	4.996	5.009	4.984	5.000	2344117	11693491.00
2024/07/26	4.996	5.008	4.990	4.997	2097513	10484102.00
2024/07/29	4.997	4.997	4.983	4.985	2471262	12334912.00
2024/07/30	4.989	4.989	4.979	4.980	2647257	13194287.00
2024/07/31	4.980	5.000	4.980	4.988	3894285	19427832.00
2024/08/01	4.988	4.990	4.973	4.979	3443430	17144134.00
2024/08/02	4.975	5.026	4.971	5.012	4228849	21109688.00
2024/08/05	5.010	5.039	4.992	5.036	4540205	22747448.00
2024/08/06	5.035	5.090	5.018	5.081	4867239	24501728.00
2024/08/07	5.081	5.104	5.074	5.090	3942495	20065774.00
2024/08/08	5.092	5.092	5.055	5.062	3671494	18611732.00
2024/08/09	5.052	5.073	5.044	5.059	3076941	15575708.00
2024/08/12	5.058	5.068	5.055	5.061	3784843	19150696.00
2024/08/13	5.052	5.073	5.052	5.062	3418140	17328030.00
2024/08/14	5.058	5.093	5.057	5.081	4048282	20537868.00
2024/08/15	5.083	5.105	5.083	5.089	4859082	24760216.00
2024/08/16	5.089	5.095	5.074	5.085	3287842	16704927.00
2024/08/19	5.085	5.088	5.063	5.064	3190189	16171740.00
2024/08/20	5.030	5.030	4.992	5.006	3496811	17488718.00
2024/08/21	5.001	5.011	4.993	4.998	4853491	24282926.00
2024/08/22	4.998	5.010	4.996	5.000	5146691	25737544.00
2024/08/23	5.000	5.006	4.999	5.000	2944480	14725297.00
2024/08/26	5.000	5.006	4.995	5.000	3508816	17543116.00
2024/08/27	5.000	5.000	4.976	4.997	3355096	16732626.00
2024/08/28	4.995	5.004	4.979	4.986	3221002	16086551.00
2024/08/29	4.986	4.996	4.972	4.972	2971579	14804925.00
2024/08/30	4.973	4.979	4.966	4.972	3586037	17834976.00
2024/09/02	4.972	4.982	4.967	4.976	3169953	15767216.00
2024/09/03	4.966	4.984	4.963	4.965	2927271	14536881.00
2024/09/04	4.965	4.965	4.944	4.949	3098132	15359752.00
2024/09/05	4.949	4.967	4.931	4.946	3172258	15688847.00
2024/09/06	4.946	4.953	4.930	4.931	2790708	13783326.00
2024/09/09	4.923	4.949	4.897	4.898	3651985	17934760.00
2024/09/10	4.898	4.900	4.878	4.890	3548094	17357784.00
2024/09/11	4.888	4.888	4.863	4.868	3525703	17154706.00
2024/09/12	4.866	4.866	4.835	4.848	2677637	12994356.00
2024/09/13	4.847	4.860	4.841	4.845	2558952	12413023.00
2024/09/18	4.844	4.844	4.826	4.840	2437400	11793223.00
2024/09/19	4.840	4.852	4.826	4.847	2234200	10814233.00
2024/09/20	4.847	4.868	4.834	4.847	2748196	13337167.00
2024/09/23	4.844	4.849	4.837	4.843	1673866	8108218.00
2024/09/24	4.841	4.853	4.836	4.842	4132872	20010838.00
2024/09/25	4.845	4.918	4.843	4.854	5448232	26545524.00
2024/09/26	4.849	4.870	4.842	4.866	4082740	19835404.00
2024/09/27	4.866	4.899	4.866	4.888	1147546	5599813.00
2024/09/30	4.902	5.004	4.902	5.000	6494461	32247342.00
2024/10/08	5.050	5.281	5.031	5.082	9882132	50537440.00
2024/10/09	5.082	5.082	4.900	4.994	8536008	42574316.00
2024/10/10	4.990	4.990	4.921	4.970	5508546	27342588.00
2024/10/11	4.954	4.981	4.936	4.958	5659600	28060972.00
2024/10/14	4.959	4.961	4.945	4.950	5434520	26895716.00
2024/10/15	4.950	4.951	4.931	4.937	4612815	22814696.00
2024/10/16	4.937	4.938	4.912	4.922	4446184	21929716.00
2024/10/17	4.909	4.925	4.884	4.894	6179706	30308412.00
2024/10/18	4.893	4.919	4.863	4.913	6411167	31282096.00
2024/10/21	4.918	4.927	4.891	4.901	5275576	25892234.00
2024/10/22	4.895	4.905	4.893	4.901	4717050	23118300.00
2024/10/23	4.901	4.902	4.868	4.898	5748501	28160740.00
2024/10/24	4.898	4.899	4.882	4.892	4613142	22560604.00
2024/10/25	4.888	4.897	4.880	4.890	4076974	19949258.00
2024/10/28	4.891	4.904	4.881	4.900	5512387	26971114.00
2024/10/29	4.900	4.910	4.885	4.888	7842167	38368032.00
2024/10/30	4.886	4.924	4.880	4.890	6896518	33730280.00
2024/10/31	4.891	4.896	4.882	4.890	7603454	37156688.00
2024/11/01	4.890	4.913	4.880	4.895	5572604	27249288.00
2024/11/04	4.895	4.910	4.883	4.904	3910636	19141080.00
2024/11/05	4.904	4.915	4.895	4.908	5467649	26827564.00
2024/11/06	4.907	4.929	4.898	4.923	5235846	25707780.00
2024/11/07	4.921	4.956	4.915	4.955	6565914	32406532.00
2024/11/08	4.951	5.000	4.940	4.996	5150086	25576466.00
2024/11/11	4.995	4.996	4.970	4.990	4992578	24858512.00
2024/11/12	4.990	5.046	4.981	5.019	7219337	36123948.00
2024/11/13	5.007	5.050	5.007	5.019	9225185	46382376.00
2024/11/14	5.017	5.032	5.009	5.030	42285214	212617360.00
2024/11/15	5.028	5.050	5.012	5.028	5476496	27514988.00
2024/11/18	5.030	5.033	4.996	4.999	6581769	33018880.00
2024/11/19	4.990	5.002	4.980	4.999	4704985	23512100.00
2024/11/20	4.998	5.021	4.985	4.994	9576322	47843140.00
2024/11/21	4.994	4.999	4.990	4.990	3456757	17262876.00
2024/11/22	4.995	4.996	4.973	4.973	5160897	25743388.00
2024/11/25	4.973	4.977	4.939	4.955	5695675	28234624.00
2024/11/26	4.956	4.974	4.950	4.961	5517734	27416544.00
2024/11/27	4.961	4.969	4.944	4.952	4967897	24628712.00
2024/11/28	4.952	4.971	4.952	4.964	4607574	22882736.00
2024/11/29	4.906	4.913	4.870	4.913	5011741	24547976.00
2024/12/02	4.911	4.912	4.898	4.899	4508090	22121444.00
2024/12/03	4.899	4.906	4.894	4.901	4974304	24391480.00
2024/12/04	4.902	4.905	4.895	4.896	5520867	27059216.00
2024/12/05	4.895	4.896	4.877	4.880	3794530	18537984.00
2024/12/06	4.880	4.884	4.859	4.861	6463865	31476340.00
2024/12/09	4.854	4.862	4.851	4.858	4346924	21122552.00
2024/12/10	4.865	4.882	4.864	4.876	6011572	29299728.00
2024/12/11	4.874	4.929	4.865	4.920	7109906	34766344.00
2024/12/12	4.913	4.938	4.900	4.934	6553357	32305144.00
2024/12/13	4.937	4.937	4.898	4.907	4856252	23841704.00
2024/12/16	4.906	4.910	4.884	4.887	4490433	21977496.00
2024/12/17	4.888	4.895	4.859	4.859	4797699	23382102.00
2024/12/18	4.862	4.865	4.829	4.835	4688642	22717360.00
2024/12/19	4.834	4.834	4.807	4.813	2907313	13997401.00
2024/12/20	4.812	4.849	4.810	4.847	5165722	24974500.00
2024/12/23	4.846	4.870	4.840	4.865	4778695	23217556.00
2024/12/24	4.874	4.878	4.844	4.848	2920052	14186666.00
2024/12/25	4.847	4.847	4.808	4.811	6265789	30194814.00
2024/12/26	4.807	4.814	4.800	4.806	5892068	28311288.00
2024/12/27	4.805	4.821	4.800	4.820	6584474	31633962.00
2024/12/30	4.819	4.836	4.805	4.810	5611792	27073676.00
2024/12/31	4.810	4.820	4.800	4.813	5542461	26662476.00
2025/01/02	4.801	4.808	4.780	4.793	6160325	29554212.00
2025/01/03	4.793	4.869	4.790	4.838	9569378	46182544.00
2025/01/06	4.850	4.873	4.846	4.861	6665554	32370150.00
2025/01/07	4.863	4.867	4.806	4.814	5436323	26179448.00
2025/01/08	4.812	4.875	4.807	4.864	6809750	32967050.00
2025/01/09	4.872	4.898	4.850	4.890	6156531	30045758.00
2025/01/10	4.889	4.906	4.856	4.900	3938092	19261664.00
2025/01/13	4.900	4.922	4.875	4.909	7089221	34762184.00
2025/01/14	4.906	4.906	4.863	4.871	3885899	18927830.00
2025/01/15	4.864	4.896	4.864	4.892	6549583	32031042.00
2025/01/16	4.894	4.895	4.854	4.885	6060050	29551376.00
2025/01/17	4.870	4.874	4.853	4.857	4616072	22467068.00
2025/01/20	4.856	4.873	4.856	4.860	6181350	30062064.00
2025/01/21	4.860	4.866	4.848	4.865	5244689	25487196.00
2025/01/22	4.871	4.920	4.860	4.917	6966695	34030540.00
2025/01/23	4.917	4.959	4.895	4.949	5784966	28546570.00
2025/01/24	4.946	4.950	4.928	4.930	3629816	17938848.00
2025/01/27	4.929	4.948	4.920	4.945	2067675	10216553.00
2025/02/05	4.944	4.964	4.925	4.940	5080543	25106056.00
2025/02/06	4.934	4.948	4.915	4.940	5944210	29266148.00
2025/02/07	4.938	4.942	4.931	4.934	5715764	28205144.00
2025/02/10	4.933	4.988	4.930	4.986	7146550	35331868.00
2025/02/11	4.986	5.100	4.981	5.096	10342646	52262556.00
2025/02/12	5.095	5.126	5.064	5.076	9125298	46576664.00
2025/02/13	5.073	5.080	5.035	5.038	6439737	32521256.00
2025/02/14	5.025	5.106	5.022	5.096	7595246	38574172.00
2025/02/17	5.104	5.159	5.089	5.154	10820315	55423704.00
2025/02/18	5.149	5.173	5.129	5.148	8608674	44414256.00
2025/02/19	5.145	5.218	5.143	5.213	10739476	55601888.00
2025/02/20	5.213	5.327	5.201	5.312	11277225	59431224.00
2025/02/21	5.311	5.416	5.294	5.413	10262448	55096404.00
2025/02/24	5.405	5.415	5.370	5.375	7565253	40794376.00
2025/02/25	5.360	5.360	5.231	5.302	8399184	44577444.00
2025/02/26	5.294	5.305	5.263	5.297	7093172	37544684.00
2025/02/27	5.294	5.296	5.259	5.292	6539737	34537860.00
2025/02/28	5.280	5.309	5.186	5.256	9624287	50561156.00
2025/03/03	5.253	5.267	5.231	5.240	5889532	30908820.00
2025/03/04	5.249	5.357	5.231	5.348	11032406	58607388.00
2025/03/05	5.352	5.357	5.274	5.349	6032464	32204600.00
2025/03/06	5.339	5.340	5.320	5.334	6725640	35814764.00
2025/03/07	5.330	5.360	5.310	5.347	5630536	29972284.00
2025/03/10	5.342	5.358	5.321	5.342	4886917	26102516.00
2025/03/11	5.333	5.350	5.315	5.335	4697633	25006936.00
2025/03/12	5.334	5.340	5.319	5.332	4406464	23503508.00
2025/03/13	5.331	5.338	5.321	5.334	3312013	17660204.00
2025/03/14	5.321	5.340	5.310	5.332	3996694	21283932.00
2025/03/17	5.332	5.345	5.315	5.337	5473357	29187190.00
2025/03/18	5.334	5.342	5.322	5.339	3777894	20167248.00
2025/03/19	5.339	5.353	5.320	5.330	4443565	23706124.00
2025/03/20	5.330	5.353	5.321	5.350	5963897	31872820.00
2025/03/21	5.348	5.389	5.331	5.386	5690353	30523856.00
2025/03/24	5.386	5.411	5.370	5.396	5487105	29622898.00
2025/03/25	5.399	5.421	5.396	5.418	6256783	33856292.00
2025/03/26	5.419	5.424	5.402	5.411	3592774	19431228.00
2025/03/27	5.394	5.455	5.394	5.450	4355591	23675160.00
2025/03/28	5.450	5.457	5.397	5.409	3887820	21105436.00
2025/03/31	5.408	5.419	5.369	5.405	8359037	45162464.00
2025/04/01	5.405	5.418	5.351	5.405	5281676	28449308.00
2025/04/02	5.401	5.420	5.392	5.417	3518053	19046752.00
2025/04/03	5.409	5.470	5.401	5.469	5953772	32493248.00
2025/04/07	5.443	5.443	5.343	5.411	8498417	45923140.00
2025/04/08	5.407	5.425	5.372	5.423	9729109	52499376.00
2025/04/09	5.419	5.423	5.385	5.418	3173845	17166526.00
2025/04/10	5.415	5.439	5.388	5.396	9243522	49892952.00
2025/04/11	5.389	5.440	5.386	5.412	6471058	34935216.00
2025/04/14	5.411	5.457	5.392	5.444	5156803	27947824.00
2025/04/15	5.444	5.478	5.416	5.464	5155191	28017632.00
2025/04/16	5.464	5.480	5.422	5.470	4744203	25880356.00
2025/04/17	5.470	5.470	5.441	5.449	3290545	17961584.00
2025/04/18	5.435	5.459	5.405	5.411	2584372	14031554.00
2025/04/21	5.410	5.424	5.395	5.420	3551425	19206708.00
2025/04/22	5.411	5.431	5.391	5.405	5091633	27499376.00
2025/04/23	5.405	5.423	5.392	5.415	3746966	20263160.00
2025/04/24	5.415	5.432	5.402	5.409	4970650	26929926.00
2025/04/25	5.408	5.426	5.404	5.426	2896269	15682032.00
2025/04/28	5.420	5.440	5.409	5.428	2781552	15071161.00
2025/04/29	5.443	5.443	5.422	5.430	2577774	13988077.00
2025/04/30	5.435	5.455	5.434	5.455	3271938	17806596.00
2025/05/06	5.460	5.482	5.440	5.481	1073890	5875043.00
2025/05/07	5.472	5.490	5.460	5.489	4916435	26895572.00
2025/05/08	5.433	5.433	5.400	5.413	2956304	16005786.00
2025/05/09	5.404	5.426	5.388	5.408	563451	3045002.00
2025/05/12	5.408	5.437	5.400	5.431	798297	4326430.00
2025/05/13	5.430	5.430	5.420	5.424	2357517	12788284.00
2025/05/14	5.423	5.472	5.403	5.470	2947482	16077512.00
2025/05/15	5.471	5.477	5.463	5.470	1724957	9439200.00
2025/05/16	5.468	5.468	5.438	5.450	1634540	8899933.00
2025/05/19	5.449	5.495	5.432	5.480	2565496	14054296.00
2025/05/20	5.475	5.531	5.450	5.451	4495902	24741440.00
2025/05/21	5.459	5.525	5.459	5.521	2779792	15320174.00
2025/05/22	5.520	5.614	5.500	5.592	4833387	26904122.00
2025/05/23	5.591	5.627	5.580	5.621	5487870	30777608.00
2025/05/26	5.620	5.643	5.605	5.640	2585542	14525492.00
2025/05/27	5.640	5.727	5.622	5.646	6398898	36437176.00
2025/05/28	5.568	5.616	5.552	5.606	5163267	28886924.00
2025/05/29	5.604	5.677	5.587	5.660	4527274	25589638.00
2025/05/30	5.660	5.707	5.645	5.702	3595202	20444796.00
2025/06/03	5.703	5.743	5.683	5.724	5879267	33533480.00
2025/06/04	5.723	5.805	5.706	5.803	4554754	26356714.00
2025/06/05	5.804	5.908	5.803	5.897	8743737	51451856.00
2025/06/06	5.905	5.928	5.796	5.864	5811958	34092516.00
2025/06/09	5.863	5.863	5.731	5.738	9348897	53747836.00
2025/06/10	5.728	5.791	5.713	5.777	2619661	15115643.00
2025/06/11	5.776	5.806	5.755	5.801	5471281	31693604.00
2025/06/12	5.800	5.888	5.796	5.810	6718513	39193004.00
2025/06/13	5.800	5.859	5.800	5.841	6235063	36434240.00
2025/06/16	5.842	5.903	5.842	5.892	3545092	20853604.00
2025/06/17	5.892	5.918	5.821	5.830	5544313	32591122.00
2025/06/18	5.821	5.826	5.746	5.810	5781441	33547276.00
2025/06/19	5.808	5.808	5.771	5.785	6712030	38792656.00
2025/06/20	5.784	5.800	5.772	5.785	2064508	11943516.00
2025/06/23	5.782	5.797	5.758	5.786	5312826	30741672.00
2025/06/24	5.786	5.786	5.630	5.666	6337314	36022116.00
2025/06/25	5.665	5.676	5.632	5.663	4300043	24302972.00
2025/06/26	5.662	5.662	5.647	5.647	5076419	28707052.00
2025/06/27	5.642	5.666	5.642	5.650	3056380	17272732.00
2025/06/30	5.650	5.650	5.610	5.635	5125322	28914112.00
2025/07/01	5.632	5.634	5.600	5.605	4858626	27282836.00
2025/07/02	5.605	5.696	5.605	5.695	6388517	36260052.00
2025/07/03	5.694	5.755	5.667	5.753	3221867	18454616.00
2025/07/04	5.752	5.786	5.698	5.726	2083843	11961657.00
2025/07/07	5.731	5.731	5.684	5.710	908365	5179595.00
2025/07/08	5.704	5.704	5.660	5.662	3460528	19596042.00
2025/07/09	5.659	5.665	5.624	5.625	4455386	25183952.00
2025/07/10	5.630	5.659	5.628	5.658	4418892	24993050.00
2025/07/11	5.658	5.658	5.630	5.638	1852381	10438558.00
2025/07/14	5.632	5.646	5.620	5.641	1765223	9944033.00
2025/07/15	5.644	5.679	5.618	5.622	1850144	10399174.00
2025/07/16	5.621	5.647	5.618	5.645	943209	5313158.00
2025/07/17	5.655	5.658	5.640	5.643	610645	3447921.00
2025/07/18	5.643	5.643	5.616	5.629	2011469	11324288.00
2025/07/21	5.629	5.634	5.612	5.628	3444182	19367928.00
2025/07/22	5.628	5.628	5.574	5.598	2109100	11816299.00
2025/07/23	5.586	5.597	5.558	5.570	2953173	16458635.00
2025/07/24	5.570	5.598	5.561	5.592	4418897	24694712.00
2025/07/25	5.598	5.619	5.581	5.609	2875988	16086477.00
2025/07/28	5.600	5.610	5.569	5.604	2399657	13403976.00
2025/07/29	5.608	5.608	5.583	5.601	2969449	16618909.00
2025/07/30	5.602	5.608	5.585	5.598	3558931	19942732.00
2025/07/31	5.596	5.606	5.580	5.590	1891647	10578655.00
2025/08/01	5.590	5.599	5.562	5.563	4671020	26004764.00
2025/08/04	5.563	5.579	5.533	5.536	5764521	31993750.00
2025/08/05	5.536	5.536	5.487	5.495	2848915	15669430.00
2025/08/06	5.500	5.523	5.498	5.517	4505830	24835606.00
2025/08/07	5.516	5.626	5.491	5.595	6347345	35336696.00
2025/08/08	5.590	5.640	5.582	5.630	4512384	25373056.00
2025/08/11	5.630	5.639	5.562	5.591	4188408	23472756.00
2025/08/12	5.590	5.600	5.578	5.596	3786148	21175784.00
2025/08/13	5.595	5.595	5.551	5.577	2131020	11877092.00
2025/08/14	5.576	5.576	5.548	5.561	2538145	14104087.00
2025/08/15	5.561	5.585	5.501	5.513	4503972	24913776.00
2025/08/18	5.512	5.534	5.458	5.475	3708456	20335208.00
2025/08/19	5.474	5.474	5.422	5.422	3780291	20615200.00
2025/08/20	5.417	5.417	5.365	5.375	3856569	20752326.00
2025/08/21	5.373	5.397	5.373	5.373	4016245	21609612.00
2025/08/22	5.372	5.384	5.340	5.357	3216210	17233596.00
2025/08/25	5.341	5.360	5.318	5.357	5420383	28912844.00
2025/08/26	5.364	5.469	5.351	5.461	6910689	37411256.00
2025/08/27	5.457	5.457	5.421	5.452	2304841	12545522.00
2025/08/28	5.452	5.459	5.430	5.431	1114029	6060050.00
2025/08/29	5.431	5.445	5.365	5.393	2379773	12847561.00
2025/09/01	5.386	5.386	5.361	5.377	3240840	17404900.00
2025/09/02	5.375	5.428	5.362	5.425	3639721	19677628.00
2025/09/03	5.417	5.423	5.388	5.406	3107930	16799812.00
2025/09/04	5.392	5.434	5.386	5.418	2688244	14566361.00
2025/09/05	5.418	5.434	5.392	5.393	3383642	18285196.00
2025/09/08	5.393	5.393	5.362	5.365	1986223	10664589.00
2025/09/09	5.364	5.409	5.361	5.397	1768858	9526486.00
2025/09/10	5.400	5.401	5.370	5.378	646076	3480092.00
2025/09/11	5.366	5.384	5.335	5.355	3458858	18531600.00
2025/09/12	5.357	5.357	5.340	5.351	3217853	17215650.00
2025/09/15	5.341	5.399	5.333	5.391	832053	4473784.00
2025/09/16	5.387	5.388	5.364	5.382	2470117	13273016.00
2025/09/17	5.380	5.389	5.368	5.380	875694	4710436.00
2025/09/18	5.374	5.394	5.374	5.389	2067703	11136431.00
2025/09/19	5.385	5.393	5.377	5.388	2409253	12971259.00
2025/09/22	5.388	5.389	5.364	5.365	1923956	10327971.00
2025/09/23	5.365	5.371	5.346	5.351	1518631	8125544.00
2025/09/24	5.350	5.359	5.349	5.353	582965	3119807.00
2025/09/25	5.351	5.353	5.341	5.347	1464380	7831400.00
2025/09/26	5.349	5.369	5.342	5.367	2803208	15016640.00
2025/09/29	5.365	5.365	5.342	5.350	242507	1297222.00
2025/09/30	5.346	5.358	5.342	5.346	1707492	9131194.00
2025/10/09	5.345	5.366	5.341	5.346	1225484	6553115.00
2025/10/10	5.345	5.363	5.329	5.335	714414	3819164.00
2025/10/13	5.318	5.318	5.301	5.308	467953	2484661.00
2025/10/14	5.308	5.333	5.285	5.286	3347464	17809036.00
2025/10/15	5.286	5.309	5.267	5.269	2904042	15314408.00
2025/10/16	5.271	5.280	5.260	5.265	1564400	8236497.00
2025/10/17	5.291	5.291	5.249	5.258	3403124	17885084.00
2025/10/20	5.261	5.267	5.243	5.255	3540499	18604928.00
2025/10/21	5.255	5.268	5.241	5.249	885425	4648481.00
2025/10/22	5.250	5.255	5.229	5.235	1375227	7198708.00
2025/10/23	5.235	5.255	5.233	5.255	3040403	15925961.00
2025/10/24	5.251	5.296	5.250	5.291	2906009	15276845.00
2025/10/27	5.291	5.291	5.240	5.248	2973223	15629275.00
2025/10/28	5.250	5.297	5.249	5.291	4069941	21498584.00
2025/10/29	5.290	5.304	5.280	5.303	872991	4619413.00
2025/10/30	5.304	5.342	5.289	5.341	850876	4528718.00
2025/10/31	5.330	5.349	5.325	5.335	1595080	8508690.00
2025/11/03	5.333	5.333	5.300	5.311	3342910	17774580.00
2025/11/04	5.300	5.310	5.294	5.295	3609591	19132120.00
2025/11/05	5.295	5.339	5.295	5.327	1997947	10638346.00
2025/11/06	5.327	5.368	5.320	5.343	6620916	35406568.00
2025/11/07	5.334	5.410	5.328	5.403	4053273	21865120.00
2025/11/10	5.400	5.420	5.393	5.405	2894519	15648605.00
2025/11/11	5.405	5.424	5.361	5.393	2034937	10984422.00
2025/11/12	5.393	5.423	5.380	5.417	2905237	15718030.00
2025/11/13	5.417	5.440	5.411	5.438	4041261	21964924.00
2025/11/14	5.438	5.466	5.425	5.465	2643264	14420948.00
2025/11/17	5.463	5.540	5.435	5.530	3627124	19935356.00
2025/11/18	5.528	5.564	5.500	5.563	2739412	15176268.00
2025/11/19	5.560	5.566	5.492	5.520	3029256	16741567.00
2025/11/20	5.520	5.520	5.472	5.480	2169664	11904092.00
2025/11/21	5.452	5.478	5.403	5.462	3017830	16395754.00
2025/11/24	5.462	5.462	5.428	5.449	2856843	15555102.00
2025/11/25	5.449	5.496	5.430	5.481	2880313	15692387.00
2025/11/26	5.480	5.560	5.458	5.548	2749345	15214458.00
2025/11/27	5.547	5.595	5.531	5.551	3363513	18704968.00
2025/11/28	5.535	5.599	5.535	5.582	10672112	59600752.00
2025/12/01	5.551	5.594	5.551	5.591	3438597	19206162.00
2025/12/02	5.531	5.531	5.473	5.479	2917636	16015917.00
2025/12/03	5.476	5.476	5.428	5.435	4618061	25163104.00
2025/12/04	5.437	5.473	5.397	5.416	2672063	14542048.00
2025/12/05	5.440	5.440	5.374	5.393	2632051	14205815.00
2025/12/08	5.400	5.407	5.386	5.398	1868557	10087485.00
2025/12/09	5.391	5.399	5.372	5.378	1799316	9681356.00
2025/12/10	5.383	5.431	5.371	5.429	4765297	25660636.00
2025/12/11	5.429	5.450	5.407	5.435	6807447	36914628.00
2025/12/12	5.420	5.459	5.420	5.430	4039390	21968230.00
2025/12/15	5.420	5.420	5.345	5.381	2797326	15034498.00
2025/12/16	5.393	5.393	5.310	5.345	4510086	24097972.00
2025/12/17	5.377	5.377	5.250	5.274	4051649	21378474.00
2025/12/18	5.270	5.270	5.195	5.219	3984282	20814836.00
2025/12/19	5.218	5.219	5.171	5.184	4456571	23085172.00
2025/12/22	5.180	5.222	5.078	5.082	6290597	32290788.00
2025/12/23	5.080	5.155	4.999	5.020	5467754	27511788.00
2025/12/24	5.017	5.134	5.002	5.132	3311959	16837850.00
2025/12/25	5.120	5.259	5.101	5.256	4627269	24158044.00
2025/12/26	5.259	5.295	5.211	5.276	1596010	8399302.00
2025/12/29	5.276	5.284	5.256	5.272	3455906	18216912.00
2025/12/30	5.268	5.286	5.253	5.273	1885669	9939594.00
2025/12/31	5.272	5.294	5.255	5.269	2580508	13602673.00
2026/01/05	5.266	5.377	5.256	5.366	4376939	23265304.00
2026/01/06	5.364	5.485	5.326	5.466	4279691	23277860.00
2026/01/07	5.466	5.550	5.441	5.528	6572558	36188276.00
2026/01/08	5.537	5.537	5.434	5.493	5451403	29756386.00
2026/01/09	5.479	5.529	5.456	5.517	2954399	16217447.00
2026/01/12	5.516	5.552	5.466	5.551	2021148	11140926.00
2026/01/13	5.550	5.551	5.510	5.549	2737129	15132285.00
2026/01/14	5.549	5.557	5.521	5.549	3879279	21495802.00
2026/01/15	5.541	5.557	5.529	5.537	4966163	27522106.00
2026/01/16	5.531	5.534	5.485	5.486	3012830	16583531.00
2026/01/19	5.480	5.519	5.450	5.493	4378813	23981780.00
2026/01/20	5.492	5.549	5.461	5.545	3096618	17096530.00
2026/01/21	5.542	5.588	5.514	5.580	3783639	21063438.00
2026/01/22	5.578	5.620	5.531	5.600	2479723	13881811.00
2026/01/23	5.600	5.628	5.574	5.596	3490496	19581604.00
2026/01/26	5.595	5.602	5.560	5.600	1117167	6236729.00
2026/01/27	5.599	5.640	5.570	5.632	3196945	17934760.00
2026/01/28	5.625	5.639	5.580	5.601	1771963	9962199.00
2026/01/29	5.600	5.647	5.589	5.636	5096263	28585158.00
2026/01/30	5.610	5.635	5.600	5.600	2592799	14563070.00
2026/02/02	5.598	5.598	5.547	5.590	2943582	16347422.00
2026/02/03	5.587	5.589	5.552	5.557	4415358	24552912.00
2026/02/04	5.553	5.628	5.542	5.627	2692638	15079206.00
2026/02/05	5.624	5.626	5.592	5.606	1532714	8579557.00
2026/02/06	5.583	5.620	5.569	5.584	1005011	5607908.00
2026/02/09	5.584	5.589	5.542	5.553	1720005	9550946.00
2026/02/10	5.552	5.570	5.530	5.565	2623267	14566386.00
2026/02/11	5.545	5.572	5.545	5.560	1637395	9102275.00
2026/02/12	5.560	5.571	5.548	5.567	1389959	7730621.00
2026/02/13	5.566	5.566	5.543	5.548	986463	5473495.00
2026/02/24	5.550	5.565	5.526	5.542	1037680	5745199.00
2026/02/25	5.540	5.557	5.537	5.544	1027670	5696258.00
2026/02/26	5.544	5.550	5.527	5.531	1570576	8692850.00
2026/02/27	5.530	5.530	5.491	5.494	2648885	14605721.00
2026/03/02	5.494	5.520	5.471	5.510	2874115	15820230.00
2026/03/03	5.510	5.535	5.478	5.532	2203638	12175544.00
2026/03/04	5.521	5.534	5.511	5.530	1967131	10869854.00
2026/03/05	5.530	5.593	5.501	5.590	1728181	9609748.00
2026/03/06	5.585	5.597	5.561	5.566	950880	5295167.00
2026/03/09	5.566	5.566	5.518	5.530	1784797	9876935.00
2026/03/10	5.530	5.565	5.522	5.559	1958770	10862262.00
2026/03/11	5.561	5.577	5.539	5.562	1787803	9936000.00
2026/03/12	5.562	5.563	5.533	5.560	1736887	9645679.00
2026/03/13	5.550	5.578	5.535	5.577	1245685	6928302.00
2026/03/16	5.575	5.596	5.553	5.573	4091590	22861682.00
2026/03/17	5.560	5.590	5.560	5.562	3271052	18220824.00
2026/03/18	5.558	5.566	5.540	5.564	1957521	10866118.00
2026/03/19	5.560	5.560	5.505	5.531	953186	5285860.00
2026/03/20	5.528	5.542	5.500	5.530	842820	4655115.00
2026/03/23	5.500	5.521	5.492	5.492	1818748	10011059.00
2026/03/24	5.492	5.539	5.492	5.511	5444633	30044206.00
2026/04/03	5.520	5.538	5.496	5.535	2069101	11410775.00
#Ъ§ОнРДдД:ЭЈДяаХ
