508026 МЮЪЕжаЙњЕчНЈЧхНр ШеЯп ВЛИДШЈ
      ШеЦк	    ПЊХЬ	    зюИп	    зюЕЭ	    ЪеХЬ	    ГЩНЛСП	    ГЩНЛЖю
2024/03/28	2.740	2.810	2.740	2.769	22487090	62260636.00
2024/03/29	2.769	2.866	2.769	2.848	5027133	14214956.00
2024/04/01	2.848	2.880	2.848	2.861	3032157	8678167.00
2024/04/02	2.861	2.871	2.837	2.860	3373310	9647253.00
2024/04/03	2.861	2.872	2.861	2.870	2441413	6997713.00
2024/04/08	2.870	2.921	2.841	2.907	2661613	7704693.00
2024/04/09	2.911	2.940	2.885	2.920	1425819	4158930.00
2024/04/10	2.920	2.945	2.901	2.930	989569	2905019.00
2024/04/11	2.933	2.980	2.933	2.976	952896	2808644.00
2024/04/12	2.977	3.006	2.977	2.995	1189566	3559970.00
2024/04/15	2.998	3.049	2.925	2.951	4635458	13699538.00
2024/04/16	2.949	2.981	2.891	2.979	943393	2760535.00
2024/04/17	2.984	2.999	2.979	2.993	908591	2718705.00
2024/04/18	3.000	3.002	2.989	3.001	693318	2076840.00
2024/04/19	2.981	3.016	2.981	2.994	1152397	3453996.00
2024/04/22	2.981	2.998	2.931	2.991	794965	2377418.00
2024/04/23	2.991	3.057	2.984	3.032	698203	2104793.00
2024/04/24	3.023	3.041	3.014	3.033	895799	2715347.00
2024/04/25	3.002	3.101	3.002	3.095	538021	1634656.00
2024/04/26	3.096	3.172	3.096	3.166	689882	2179595.00
2024/04/29	3.168	3.250	3.165	3.177	773328	2468796.00
2024/04/30	3.177	3.248	3.122	3.208	562153	1796739.00
2024/05/06	3.214	3.214	3.196	3.205	529640	1698124.00
2024/05/07	3.250	3.250	3.165	3.195	975836	3120151.00
2024/05/08	3.200	3.200	3.177	3.178	1041200	3314635.00
2024/05/09	3.177	3.178	3.174	3.174	300735	954989.00
2024/05/10	3.174	3.192	3.174	3.179	283815	903228.00
2024/05/13	3.205	3.205	3.178	3.187	385126	1226077.00
2024/05/14	3.189	3.203	3.178	3.200	340031	1086851.00
2024/05/15	3.200	3.254	3.200	3.249	1741566	5656484.00
2024/05/16	3.227	3.299	3.227	3.262	375764	1224235.00
2024/05/17	3.267	3.287	3.267	3.276	1330263	4360833.00
2024/05/20	3.268	3.299	3.240	3.244	442656	1448115.00
2024/05/21	3.243	3.244	3.190	3.190	908653	2908849.00
2024/05/22	3.190	3.196	3.116	3.117	1136123	3556296.00
2024/05/23	3.100	3.115	3.060	3.096	2104218	6469961.00
2024/05/24	3.091	3.130	3.060	3.119	928577	2893442.00
2024/05/27	3.119	3.140	3.093	3.116	672646	2096635.00
2024/05/28	3.116	3.149	3.116	3.140	3292066	10302572.00
2024/05/29	3.140	3.144	3.125	3.139	1548769	4864199.00
2024/05/30	3.139	3.157	3.132	3.139	724088	2273461.00
2024/05/31	3.139	3.168	3.139	3.164	2965836	9369580.00
2024/06/03	3.161	3.185	3.161	3.170	1008237	3198916.00
2024/06/04	3.162	3.200	3.160	3.165	1076979	3416604.00
2024/06/05	3.165	3.204	3.146	3.203	1729049	5504832.00
2024/06/06	3.203	3.230	3.193	3.210	2064598	6641695.00
2024/06/07	3.211	3.211	3.192	3.198	583447	1865879.00
2024/06/11	3.198	3.205	3.161	3.175	659562	2101079.00
2024/06/12	3.189	3.189	3.082	3.160	244979	772873.00
2024/06/13	3.151	3.174	3.131	3.161	683874	2163719.00
2024/06/14	3.152	3.193	3.144	3.163	299626	947206.00
2024/06/17	3.160	3.187	3.160	3.184	751487	2383040.00
2024/06/18	3.184	3.201	3.168	3.184	2650769	8426808.00
2024/06/19	3.164	3.182	3.164	3.177	797509	2534866.00
2024/06/20	3.156	3.182	3.156	3.176	95049	302061.00
2024/06/21	3.161	3.189	3.161	3.179	534023	1696807.00
2024/06/24	3.148	3.247	3.148	3.236	1269567	4066596.00
2024/06/25	3.236	3.279	3.236	3.264	1147504	3742024.00
2024/06/26	3.251	3.274	3.251	3.270	696320	2275884.00
2024/06/27	3.299	3.380	3.220	3.373	2483910	8270567.00
2024/06/28	3.340	3.413	3.333	3.407	1480628	5035290.00
2024/07/01	3.402	3.409	3.395	3.399	661172	2252097.00
2024/07/02	3.398	3.450	3.365	3.397	2135529	7310733.00
2024/07/03	3.392	3.420	3.370	3.400	1077174	3653689.00
2024/07/04	3.410	3.410	3.336	3.340	3228438	10869759.00
2024/07/05	3.330	3.340	3.280	3.300	3419837	11282239.00
2024/07/08	3.280	3.352	3.280	3.326	721884	2386414.00
2024/07/09	3.336	3.336	3.300	3.324	1173621	3899192.00
2024/07/10	3.324	3.329	3.310	3.324	1396726	4636553.00
2024/07/11	3.325	3.345	3.301	3.311	1270935	4234697.00
2024/07/12	3.303	3.341	3.278	3.325	1540717	5090380.00
2024/07/15	3.329	3.440	3.329	3.405	4820559	16332965.00
2024/07/16	3.440	3.440	3.390	3.409	1212736	4130022.00
2024/07/17	3.409	3.445	3.390	3.404	1180958	4025631.00
2024/07/18	3.403	3.463	3.403	3.453	1807285	6215307.00
2024/07/19	3.464	3.465	3.410	3.453	2368750	8160550.00
2024/07/22	3.454	3.469	3.419	3.455	3240448	11205618.00
2024/07/23	3.455	3.470	3.422	3.441	2120007	7286275.00
2024/07/24	3.441	3.441	3.420	3.429	1820030	6236860.00
2024/07/25	3.429	3.429	3.413	3.429	1105156	3779556.00
2024/07/26	3.433	3.444	3.433	3.440	2009114	6911010.00
2024/07/29	3.440	3.440	3.421	3.426	1070267	3670026.00
2024/07/30	3.426	3.429	3.300	3.422	1391084	4762178.00
2024/07/31	3.425	3.435	3.422	3.422	1476859	5064745.00
2024/08/01	3.421	3.426	3.416	3.422	2928465	10022372.00
2024/08/02	3.421	3.440	3.421	3.434	837434	2876173.00
2024/08/05	3.434	3.540	3.434	3.540	1662089	5797747.00
2024/08/06	3.540	3.550	3.506	3.545	1444627	5115407.00
2024/08/07	3.545	3.603	3.525	3.554	3671811	13126036.00
2024/08/08	3.554	3.600	3.530	3.540	2729377	9719926.00
2024/08/09	3.537	3.537	3.505	3.511	1661150	5832767.00
2024/08/12	3.510	3.517	3.475	3.483	1165843	4080901.00
2024/08/13	3.470	3.470	3.437	3.462	1910440	6593920.00
2024/08/14	3.458	3.524	3.430	3.513	2934323	10287213.00
2024/08/15	3.514	3.544	3.514	3.526	2200415	7786277.00
2024/08/16	3.528	3.549	3.505	3.518	1339607	4714971.00
2024/08/19	3.532	3.544	3.496	3.520	1853978	6517808.00
2024/08/20	3.520	3.590	3.520	3.579	1439271	5102172.00
2024/08/21	3.560	3.574	3.542	3.542	2411877	8591907.00
2024/08/22	3.521	3.550	3.500	3.537	2612600	9231741.00
2024/08/23	3.539	3.549	3.521	3.539	1228468	4341095.00
2024/08/26	3.539	3.559	3.539	3.540	1629462	5779680.00
2024/08/27	3.515	3.535	3.515	3.526	1231159	4340233.00
2024/08/28	3.525	3.536	3.524	3.536	1063477	3753297.00
2024/08/29	3.536	3.546	3.525	3.532	1213571	4288639.00
2024/08/30	3.526	3.533	3.525	3.526	2895715	10212546.00
2024/09/02	3.526	3.526	3.503	3.514	1784881	6269879.00
2024/09/03	3.508	3.508	3.491	3.493	1603357	5608085.00
2024/09/04	3.490	3.494	3.434	3.494	1644135	5697315.00
2024/09/05	3.489	3.511	3.486	3.494	1210385	4228424.00
2024/09/06	3.494	3.500	3.460	3.466	1957126	6809417.00
2024/09/09	3.466	3.506	3.304	3.493	1814770	6340014.00
2024/09/10	3.488	3.495	3.444	3.482	1460715	5051503.00
2024/09/11	3.494	3.494	3.448	3.453	1780046	6160684.00
2024/09/12	3.418	3.454	3.418	3.425	1696445	5821458.00
2024/09/13	3.425	3.490	3.425	3.484	728669	2513486.00
2024/09/18	3.561	3.561	3.485	3.500	2549497	8914280.00
2024/09/19	3.500	3.500	3.470	3.498	1746553	6108852.00
2024/09/20	3.471	3.531	3.471	3.509	2553225	8892681.00
2024/09/23	3.509	3.509	3.473	3.479	1966924	6875218.00
2024/09/24	3.479	3.490	3.476	3.483	1922123	6689420.00
2024/09/25	3.483	3.500	3.456	3.483	4289689	14917574.00
2024/09/26	3.470	3.490	3.465	3.473	3172710	11036541.00
2024/09/27	3.456	3.457	3.440	3.452	167568	578346.00
2024/09/30	3.450	3.450	3.302	3.417	1761486	5977936.00
2024/10/08	3.414	3.414	3.311	3.401	2322713	7796926.00
2024/10/09	3.367	3.385	3.367	3.381	2504881	8460296.00
2024/10/10	3.365	3.389	3.362	3.383	2662419	9000888.00
2024/10/11	3.397	3.423	3.386	3.400	3515791	11942254.00
2024/10/14	3.400	3.411	3.397	3.399	2073121	7047908.00
2024/10/15	3.405	3.407	3.372	3.380	2936037	9993915.00
2024/10/16	3.381	3.396	3.373	3.376	1970414	6665402.00
2024/10/17	3.405	3.405	3.368	3.373	1981626	6684549.00
2024/10/18	3.368	3.386	3.348	3.376	1863124	6296802.00
2024/10/21	3.383	3.383	3.365	3.380	1544747	5208059.00
2024/10/22	3.381	3.393	3.373	3.379	1439427	4872275.00
2024/10/23	3.373	3.376	3.359	3.360	2538514	8563966.00
2024/10/24	3.352	3.358	3.332	3.332	300645	1006781.00
2024/10/25	3.340	3.358	3.330	3.333	1140330	3815599.00
2024/10/28	3.333	3.350	3.316	3.330	1005999	3351042.00
2024/10/29	3.318	3.370	3.318	3.356	3149743	10554242.00
2024/10/30	3.356	3.456	3.355	3.417	1570934	5318946.00
2024/10/31	3.417	3.446	3.412	3.439	1087701	3722374.00
2024/11/01	3.433	3.443	3.433	3.441	1530073	5264835.00
2024/11/04	3.441	3.457	3.441	3.442	310843	1071469.00
2024/11/05	3.457	3.457	3.419	3.433	2546444	8740842.00
2024/11/06	3.406	3.458	3.406	3.455	2326613	8008549.00
2024/11/07	3.444	3.458	3.440	3.457	1481552	5115722.00
2024/11/08	3.440	3.469	3.421	3.460	986749	3402857.00
2024/11/11	3.457	3.500	3.457	3.485	601528	2086673.00
2024/11/12	3.491	3.558	3.491	3.555	1398136	4915998.00
2024/11/13	3.558	3.595	3.552	3.595	1722958	6128220.00
2024/11/14	3.595	3.615	3.432	3.532	730926	2590458.00
2024/11/15	3.502	3.504	3.460	3.497	1058207	3687903.00
2024/11/18	3.459	3.498	3.459	3.487	1475964	5129601.00
2024/11/19	3.465	3.486	3.465	3.471	787815	2739231.00
2024/11/20	3.465	3.528	3.462	3.523	1016544	3530461.00
2024/11/21	3.484	3.556	3.484	3.554	1365928	4810200.00
2024/11/22	3.514	3.586	3.503	3.525	1365000	4827331.00
2024/11/25	3.525	3.525	3.496	3.513	891896	3132019.00
2024/11/26	3.508	3.512	3.502	3.506	1591052	5577267.00
2024/11/27	3.496	3.503	3.490	3.502	1200300	4200819.00
2024/11/28	3.502	3.560	3.502	3.541	1063345	3757422.00
2024/11/29	3.551	3.568	3.546	3.561	580391	2067278.00
2024/12/02	3.561	3.629	3.522	3.583	990163	3541486.00
2024/12/03	3.584	3.616	3.582	3.596	1203114	4330376.00
2024/12/04	3.596	3.596	3.556	3.584	211100	754727.00
2024/12/05	3.584	3.592	3.551	3.590	2028314	7247443.00
2024/12/06	3.530	3.590	3.530	3.576	1476400	5285029.00
2024/12/09	3.559	3.583	3.559	3.577	303721	1085787.00
2024/12/10	3.570	3.630	3.538	3.627	171934	616653.00
2024/12/11	3.644	3.700	3.588	3.697	515480	1894136.00
2024/12/12	3.658	3.729	3.658	3.711	475228	1764274.00
2024/12/13	3.709	3.790	3.672	3.790	489398	1836420.00
2024/12/16	3.800	3.960	3.800	3.960	894235	3490472.00
2024/12/17	3.960	4.028	3.960	4.000	1753770	7021661.00
2024/12/18	3.994	4.047	3.960	3.979	625338	2510445.00
2024/12/19	3.969	4.026	3.900	3.907	783884	3068147.00
2024/12/20	3.895	3.919	3.892	3.911	643413	2513200.00
2024/12/23	3.911	4.025	3.911	3.928	1154300	4532723.00
2024/12/24	3.928	3.928	3.921	3.928	1331200	5223789.00
2024/12/25	3.911	3.989	3.911	3.923	1070700	4195269.00
2024/12/26	4.014	4.014	3.910	3.926	964087	3782872.00
2024/12/27	3.926	4.025	3.926	4.025	831342	3321027.00
2024/12/30	4.020	4.025	4.003	4.010	754110	3023533.00
2024/12/31	4.025	4.025	3.923	3.988	646643	2574832.00
2025/01/02	3.989	4.065	3.949	4.044	1744388	6967754.00
2025/01/03	4.043	4.200	4.040	4.157	1066239	4416055.00
2025/01/06	4.158	4.573	4.158	4.269	2098584	8969148.00
2025/01/07	4.269	4.350	4.210	4.210	921775	3922633.00
2025/01/08	4.171	4.259	4.150	4.179	2423412	10173743.00
2025/01/09	4.212	4.229	4.154	4.173	2218494	9265511.00
2025/01/10	4.215	4.215	4.096	4.135	1477185	6108873.00
2025/01/13	4.095	4.145	4.022	4.035	1624211	6648804.00
2025/01/14	4.042	4.084	3.971	3.989	992689	3952694.00
2025/01/15	3.989	4.039	3.989	4.039	2126362	8504455.00
2025/01/16	4.089	4.089	3.962	3.969	7761220	31025444.00
2025/01/17	4.011	4.011	3.929	3.950	3831737	15181573.00
2025/01/20	3.950	3.997	3.930	3.939	2119821	8357028.00
2025/01/21	3.940	3.978	3.917	3.943	2337728	9215520.00
2025/01/22	3.973	3.973	3.930	3.971	3792114	14956301.00
2025/01/23	3.952	4.030	3.952	3.997	1595700	6374476.00
2025/01/24	3.997	4.188	3.997	4.163	1676609	6873681.00
2025/01/27	4.167	4.288	4.032	4.084	3540098	14672970.00
2025/02/05	4.080	4.118	4.015	4.050	3121494	12650250.00
2025/02/06	4.021	4.111	4.021	4.082	942084	3839021.00
2025/02/07	4.082	4.118	4.080	4.087	1803333	7385744.00
2025/02/10	4.093	4.200	4.047	4.167	1168407	4826930.00
2025/02/11	4.187	4.251	4.130	4.186	1844410	7704545.00
2025/02/12	4.180	4.190	4.109	4.143	2558557	10681373.00
2025/02/13	4.145	4.145	4.060	4.074	2847844	11628861.00
2025/02/14	4.048	4.086	3.991	4.078	1495531	6078963.00
2025/02/17	4.079	4.108	4.039	4.069	1834828	7483113.00
2025/02/18	4.069	4.099	4.010	4.038	2027239	8220088.00
2025/02/19	4.063	4.078	4.031	4.075	2123126	8593778.00
2025/02/20	4.100	4.101	4.040	4.090	1922414	7841111.00
2025/02/21	4.051	4.155	4.050	4.150	2538304	10438912.00
2025/02/24	4.110	4.199	4.110	4.180	1406572	5867979.00
2025/02/25	4.180	4.240	4.169	4.238	2997017	12548416.00
2025/02/26	4.240	4.261	4.165	4.173	1864543	7904416.00
2025/02/27	4.172	4.205	4.095	4.177	2735500	11280965.00
2025/02/28	4.166	4.168	4.140	4.162	2798772	11622849.00
2025/03/03	4.122	4.264	4.100	4.264	2092900	8807551.00
2025/03/04	4.270	4.399	4.265	4.399	3881753	16772172.00
2025/03/05	4.389	4.400	4.302	4.328	2427025	10591999.00
2025/03/06	4.329	4.350	4.299	4.323	2286707	9894528.00
2025/03/07	4.205	4.224	4.143	4.155	438607	1834386.00
2025/03/10	4.143	4.174	4.120	4.159	2063960	8548571.00
2025/03/11	4.159	4.200	4.127	4.171	1528900	6330804.00
2025/03/12	4.171	4.183	4.128	4.162	1415846	5906673.00
2025/03/13	4.163	4.163	4.127	4.129	2321900	9596397.00
2025/03/14	4.126	4.180	4.090	4.174	1424428	5885006.00
2025/03/17	4.151	4.184	4.151	4.177	2359400	9855093.00
2025/03/18	4.155	4.180	4.155	4.170	1751807	7306520.00
2025/03/19	4.160	4.199	4.139	4.180	1754469	7329788.00
2025/03/20	4.200	4.366	4.190	4.245	1738294	7340481.00
2025/03/21	4.245	4.265	4.218	4.265	1951836	8268692.00
2025/03/24	4.265	4.347	4.250	4.263	1686372	7179484.00
2025/03/25	4.252	4.252	4.214	4.220	1352200	5709604.00
2025/03/26	4.220	4.220	4.146	4.198	2283980	9513566.00
2025/03/27	4.177	4.230	4.176	4.219	1529700	6402322.00
2025/03/28	4.230	4.240	4.218	4.223	3146115	13285755.00
2025/03/31	4.240	4.280	4.220	4.275	1748243	7401756.00
2025/04/01	4.288	4.306	4.263	4.300	1614814	6928255.00
2025/04/02	4.299	4.300	4.291	4.296	1333800	5731717.00
2025/04/03	4.295	4.362	4.283	4.320	2912207	12531419.00
2025/04/07	4.316	4.316	4.112	4.240	682328	2877031.00
2025/04/08	4.240	4.320	4.159	4.305	1913019	8161489.00
2025/04/09	4.299	4.320	4.258	4.302	542814	2325559.00
2025/04/10	4.262	4.329	4.262	4.301	668946	2872200.00
2025/04/11	4.279	4.336	4.261	4.310	1877840	8079932.00
2025/04/14	4.287	4.352	4.285	4.311	1093543	4711854.00
2025/04/15	4.311	4.365	4.275	4.345	1074314	4637414.00
2025/04/16	4.338	4.417	4.328	4.405	688362	3023031.00
2025/04/17	4.405	4.468	4.405	4.468	1081162	4792909.00
2025/04/18	4.450	4.495	4.450	4.472	640293	2865676.00
2025/04/21	4.561	4.561	4.436	4.442	1016121	4515527.00
2025/04/22	4.460	4.478	4.442	4.450	622300	2770403.00
2025/04/23	4.441	4.466	4.432	4.450	1377475	6125232.00
2025/04/24	4.451	4.506	4.440	4.467	1100321	4895157.00
2025/04/25	4.469	4.488	4.469	4.476	913309	4086413.00
2025/04/28	4.476	4.494	4.447	4.494	1125407	5025550.00
2025/04/29	4.480	4.480	4.402	4.455	1911019	8517785.00
2025/04/30	4.454	4.489	4.454	4.482	2256987	10091078.00
2025/05/06	4.464	4.499	4.419	4.428	705321	3135730.00
2025/05/07	4.415	4.485	4.400	4.462	786157	3505021.00
2025/05/08	4.419	4.419	4.381	4.388	1599400	7013009.00
2025/05/09	4.370	4.399	4.356	4.381	222663	976777.00
2025/05/12	4.363	4.389	4.361	4.386	722407	3158478.00
2025/05/13	4.386	4.458	4.367	4.405	529489	2328238.00
2025/05/14	4.405	4.405	4.370	4.387	1068800	4682872.00
2025/05/15	4.385	4.402	4.352	4.385	1230520	5401680.00
2025/05/16	4.377	4.405	4.365	4.380	625600	2743948.00
2025/05/19	4.379	4.383	4.377	4.378	791607	3467098.00
2025/05/20	4.379	4.425	4.367	4.425	1230557	5392784.00
2025/05/21	4.425	4.486	4.407	4.465	1319983	5893286.00
2025/05/22	4.466	4.501	4.430	4.465	2294800	10281316.00
2025/05/23	4.447	4.494	4.443	4.488	795074	3554199.00
2025/05/26	4.494	4.515	4.471	4.509	831600	3740828.00
2025/05/27	4.527	4.540	4.440	4.478	1027100	4604160.00
2025/05/28	4.476	4.512	4.441	4.481	1100179	4913308.00
2025/05/29	4.483	4.487	4.455	4.464	1333397	5964849.00
2025/05/30	4.450	4.482	4.450	4.463	848528	3786219.00
2025/06/03	4.464	4.465	4.435	4.443	807200	3587642.00
2025/06/04	4.435	4.459	4.430	4.438	855107	3794521.00
2025/06/05	4.455	4.455	4.435	4.441	1048800	4656421.00
2025/06/06	4.459	4.468	4.431	4.444	867900	3856368.00
2025/06/09	4.462	4.462	4.420	4.445	1412300	6272260.00
2025/06/10	4.463	4.463	4.446	4.454	978145	4353257.00
2025/06/11	4.471	4.471	4.453	4.459	821707	3665205.00
2025/06/12	4.459	4.463	4.438	4.442	1439500	6395138.00
2025/06/13	4.430	4.440	4.428	4.440	1761900	7805960.00
2025/06/16	4.451	4.467	4.419	4.465	1126000	5009037.00
2025/06/17	4.463	4.468	4.450	4.460	1501600	6703096.00
2025/06/18	4.476	4.476	4.447	4.455	808672	3599546.00
2025/06/19	4.467	4.467	4.446	4.447	662200	2948001.00
2025/06/20	4.447	4.467	4.437	4.448	1155724	5144781.00
2025/06/23	4.449	4.452	4.443	4.450	1176383	5233565.00
2025/06/24	4.450	4.468	4.418	4.444	1096369	4873788.00
2025/06/25	4.431	4.461	4.431	4.454	240572	1068627.00
2025/06/26	4.454	4.480	4.419	4.440	1591787	7073763.00
2025/06/27	4.422	4.438	4.389	4.419	1227814	5429331.00
2025/06/30	4.400	4.421	4.383	4.401	1959007	8640280.00
2025/07/01	4.381	4.398	4.346	4.397	1073009	4685641.00
2025/07/02	4.379	4.419	4.366	4.415	787352	3467163.00
2025/07/03	4.415	4.439	4.415	4.425	1280025	5667477.00
2025/07/04	4.426	4.450	4.425	4.449	968000	4298559.00
2025/07/07	4.444	4.460	4.425	4.444	982200	4365464.00
2025/07/08	4.487	4.487	4.425	4.425	1034972	4612653.00
2025/07/09	4.425	4.439	4.410	4.421	1062128	4694091.00
2025/07/10	4.410	4.445	4.394	4.394	1362610	6019698.00
2025/07/11	4.395	4.412	4.366	4.368	1751400	7704441.00
2025/07/14	4.370	4.390	4.248	4.300	2332607	10092304.00
2025/07/15	4.280	4.326	4.263	4.320	1180314	5092449.00
2025/07/16	4.305	4.327	4.305	4.320	801700	3460284.00
2025/07/17	4.303	4.326	4.303	4.315	1595700	6891749.00
2025/07/18	4.298	4.327	4.296	4.308	1032464	4446275.00
2025/07/21	4.339	4.738	4.339	4.360	2326236	10303425.00
2025/07/22	4.361	4.445	4.291	4.293	1028709	4456289.00
2025/07/23	4.293	4.293	4.192	4.260	2237849	9459297.00
2025/07/24	4.243	4.269	4.192	4.250	2776821	11823236.00
2025/07/25	4.250	4.250	4.210	4.226	1488134	6283300.00
2025/07/28	4.226	4.243	4.180	4.240	2542847	10753372.00
2025/07/29	4.240	4.249	4.176	4.228	1243314	5254796.00
2025/07/30	4.230	4.264	4.220	4.253	3164219	13460789.00
2025/07/31	4.264	4.292	4.239	4.289	1370407	5871083.00
2025/08/01	4.272	4.377	4.272	4.349	2626179	11306415.00
2025/08/04	4.396	4.396	4.349	4.370	1269400	5546573.00
2025/08/05	4.400	4.400	4.351	4.379	669600	2920888.00
2025/08/06	4.379	4.395	4.344	4.347	1001549	4368341.00
2025/08/07	4.363	4.363	4.313	4.341	420219	1824914.00
2025/08/08	4.354	4.355	4.322	4.328	1861800	8077330.00
2025/08/11	4.340	4.340	4.310	4.331	1261900	5464300.00
2025/08/12	4.343	4.343	4.326	4.329	610600	2645593.00
2025/08/13	4.329	4.341	4.322	4.330	711700	3082621.00
2025/08/14	4.330	4.341	4.271	4.282	932748	4022790.00
2025/08/15	4.279	4.288	4.262	4.279	1345118	5750804.00
2025/08/18	4.296	4.296	4.129	4.223	2171579	9077241.00
2025/08/19	4.214	4.214	4.136	4.164	1304713	5431720.00
2025/08/20	4.181	4.230	4.139	4.180	1680977	7070390.00
2025/08/21	4.193	4.205	4.163	4.173	2393498	9995456.00
2025/08/22	4.174	4.200	4.150	4.162	1082157	4523490.00
2025/08/25	4.160	4.177	4.093	4.166	1205990	5016698.00
2025/08/26	4.166	4.200	4.141	4.193	1385722	5811167.00
2025/08/27	4.207	4.288	4.169	4.261	2455007	10403210.00
2025/08/28	4.261	4.332	4.239	4.266	1216007	5232422.00
2025/08/29	4.266	4.300	4.250	4.253	1891128	8048892.00
2025/09/01	4.271	4.271	4.215	4.217	1883800	7972724.00
2025/09/02	4.206	4.302	4.206	4.294	2573607	11004163.00
2025/09/03	4.294	4.310	4.267	4.300	2093543	8965498.00
2025/09/04	4.300	4.337	4.261	4.308	1908052	8199930.00
2025/09/05	4.318	4.318	4.214	4.246	2108306	9040189.00
2025/09/08	4.221	4.270	4.197	4.198	2035114	8641392.00
2025/09/09	4.198	4.215	4.173	4.209	2963350	12420267.00
2025/09/10	4.240	4.290	4.194	4.254	1832628	7713871.00
2025/09/11	4.233	4.310	4.233	4.275	1466321	6245689.00
2025/09/12	4.301	4.301	4.259	4.260	1431907	6115912.00
2025/09/15	4.234	4.280	4.211	4.259	875607	3728288.00
2025/09/16	4.250	4.250	4.215	4.232	1025607	4344128.00
2025/09/17	4.226	4.498	4.166	4.419	1973207	8300809.00
2025/09/18	4.338	4.338	4.255	4.321	790026	3378963.00
2025/09/19	4.313	4.337	4.251	4.264	1058133	4518812.00
2025/09/22	4.257	4.257	4.213	4.240	1651600	6982949.00
2025/09/23	4.215	4.281	4.201	4.268	833407	3518727.00
2025/09/24	4.246	4.320	4.229	4.273	2103272	8950455.00
2025/09/25	4.251	4.260	4.237	4.237	979400	4162065.00
2025/09/26	4.240	4.273	4.226	4.252	932600	3970239.00
2025/09/29	4.230	4.283	4.230	4.257	505943	2153041.00
2025/09/30	4.256	4.275	4.200	4.223	930500	3934115.00
2025/10/09	4.223	4.244	4.196	4.220	1077500	4543625.00
2025/10/10	4.199	4.202	4.103	4.111	1666900	6931431.00
2025/10/13	4.134	4.200	4.119	4.192	1641986	6825869.00
2025/10/14	4.193	4.225	4.153	4.200	1696614	7129120.00
2025/10/15	4.201	4.268	4.180	4.201	1634521	6857447.00
2025/10/16	4.200	4.212	4.142	4.160	472500	1970603.00
2025/10/17	4.160	4.200	4.108	4.140	1693200	6995526.00
2025/10/20	4.159	4.179	4.103	4.126	1360824	5625331.00
2025/10/21	4.126	4.126	4.076	4.118	1466798	6004085.00
2025/10/22	4.118	4.196	4.118	4.194	1344600	5573953.00
2025/10/23	4.169	4.240	4.155	4.230	1284057	5428534.00
2025/10/24	4.230	4.255	4.191	4.240	807208	3416116.00
2025/10/27	4.265	4.280	4.200	4.280	1189686	5029559.00
2025/10/28	4.280	4.290	4.241	4.265	2089292	8923546.00
2025/10/29	4.265	4.280	4.234	4.260	897407	3822599.00
2025/10/30	4.249	4.296	4.207	4.280	1178000	5042575.00
2025/10/31	4.280	4.297	4.211	4.270	982200	4175474.00
2025/11/03	4.270	4.270	4.203	4.235	1923528	8152662.00
2025/11/04	4.235	4.235	4.190	4.231	1345000	5653041.00
2025/11/05	4.230	4.256	4.161	4.224	2221109	9316764.00
2025/11/06	4.199	4.240	4.162	4.217	810800	3412699.00
2025/11/07	4.218	4.345	4.193	4.267	2175790	9320815.00
2025/11/10	4.241	4.280	4.228	4.241	1374898	5836225.00
2025/11/11	4.230	4.299	4.175	4.260	922800	3914148.00
2025/11/12	4.234	4.339	4.210	4.300	1089336	4675983.00
2025/11/13	4.310	4.310	4.252	4.287	1280136	5488476.00
2025/11/14	4.295	4.297	4.250	4.281	941098	4010184.00
2025/11/17	4.260	4.298	4.254	4.290	1533408	6576270.00
2025/11/18	4.283	4.314	4.266	4.288	1651107	7074638.00
2025/11/19	4.289	4.308	4.276	4.300	1896400	8159406.00
2025/11/20	4.287	4.300	4.267	4.285	985607	4230805.00
2025/11/21	4.270	4.271	4.221	4.249	984943	4164988.00
2025/11/24	4.247	4.247	4.202	4.234	2188661	9205662.00
2025/11/25	4.233	4.317	4.209	4.299	1323103	5660149.00
2025/11/26	4.296	4.333	4.296	4.326	1104500	4769380.00
2025/11/27	4.309	4.329	4.261	4.289	440900	1899419.00
2025/11/28	4.296	4.297	4.263	4.280	796958	3410516.00
2025/12/01	4.280	4.320	4.218	4.255	948200	4035933.00
2025/12/02	4.244	4.305	4.244	4.280	715814	3058305.00
2025/12/03	4.282	4.284	4.249	4.275	97010	414056.00
2025/12/04	4.260	4.327	4.260	4.277	900257	3863056.00
2025/12/05	4.296	4.327	4.280	4.287	1031607	4426103.00
2025/12/08	4.287	4.339	4.278	4.282	936100	4009365.00
2025/12/09	4.296	4.321	4.250	4.288	495100	2117439.00
2025/12/10	4.296	4.318	4.288	4.312	1113700	4791076.00
2025/12/11	4.296	4.319	4.296	4.319	1175000	5068449.00
2025/12/12	4.322	4.366	4.297	4.350	1185507	5138058.00
2025/12/15	4.350	4.354	4.328	4.349	716100	3114371.00
2025/12/16	4.354	4.400	4.328	4.333	221408	960714.00
2025/12/17	4.323	4.348	4.323	4.337	384600	1668461.00
2025/12/18	4.348	4.348	4.216	4.262	1122921	4809491.00
2025/12/19	4.222	4.283	4.113	4.165	2273800	9497253.00
2025/12/22	4.158	4.204	4.066	4.084	1242000	5082191.00
2025/12/23	4.078	4.091	3.790	3.935	4041114	15749705.00
2025/12/24	3.888	4.049	3.750	3.973	4424052	17443014.00
2025/12/25	3.960	4.048	3.948	4.004	3415800	13707314.00
2025/12/26	3.984	4.019	3.984	4.004	1559707	6247843.00
2025/12/29	3.996	4.032	3.996	4.002	2144227	8583283.00
2025/12/30	3.996	4.008	3.963	3.983	1857917	7381609.00
2025/12/31	4.008	4.020	3.981	4.012	1132662	4527294.00
2026/01/05	3.986	4.032	3.972	4.030	1122307	4500572.00
2026/01/06	4.030	4.075	4.013	4.035	2225826	9004370.00
2026/01/07	4.035	4.140	4.021	4.092	1656775	6761241.00
2026/01/08	4.092	4.160	4.065	4.153	1426271	5865393.00
2026/01/09	4.140	4.219	4.102	4.200	2258853	9494317.00
2026/01/12	4.200	4.238	4.160	4.207	489826	2065058.00
2026/01/13	4.207	4.236	4.116	4.181	914379	3810934.00
2026/01/14	4.181	4.187	4.134	4.154	488800	2034119.00
2026/01/15	4.142	4.219	4.119	4.165	1701108	7023787.00
2026/01/16	4.165	4.189	4.138	4.152	740100	3085574.00
2026/01/19	4.134	4.135	4.061	4.069	2483814	10151369.00
2026/01/20	4.069	4.069	4.023	4.039	1897221	7659435.00
2026/01/21	4.032	4.096	4.032	4.085	956472	3892296.00
2026/01/22	4.096	4.140	4.068	4.098	660407	2714534.00
2026/01/23	4.098	4.116	4.080	4.088	2162079	8860893.00
2026/01/26	4.090	4.109	4.027	4.069	90407	366932.00
2026/01/27	4.068	4.102	4.048	4.066	1169407	4760152.00
2026/01/28	4.056	4.089	4.056	4.065	1478830	6024173.00
2026/01/29	4.068	4.145	4.068	4.106	1253386	5152129.00
2026/01/30	4.106	4.125	4.104	4.122	2085040	8581799.00
2026/02/02	4.122	4.122	4.070	4.075	1740800	7117015.00
2026/02/03	4.074	4.090	4.069	4.078	2131100	8680830.00
2026/02/04	4.092	4.108	4.080	4.080	2164600	8867812.00
2026/02/05	4.080	4.098	4.068	4.082	1133238	4618690.00
2026/02/06	4.082	4.093	4.074	4.081	588807	2405372.00
2026/02/09	4.081	4.102	4.079	4.094	1354607	5537193.00
2026/02/10	4.080	4.111	4.080	4.110	1346828	5526497.00
2026/02/11	4.116	4.176	4.060	4.107	2510638	10329143.00
2026/02/12	4.107	4.125	4.063	4.111	1582000	6492444.00
2026/02/13	4.100	4.120	4.096	4.110	780800	3206891.00
2026/02/24	4.103	4.122	4.101	4.112	131300	538957.00
2026/02/25	4.103	4.127	4.100	4.126	203414	837100.00
2026/02/26	4.127	4.145	4.072	4.101	1570607	6443199.00
2026/02/27	4.099	4.123	4.077	4.079	1548600	6355510.00
2026/03/02	4.079	4.110	4.042	4.075	2985261	12217425.00
2026/03/03	4.079	4.139	4.079	4.113	3023214	12421872.00
2026/03/04	4.114	4.150	4.105	4.111	3575536	14769194.00
2026/03/05	4.127	4.137	4.054	4.110	2428500	9989078.00
2026/03/06	4.110	4.141	4.080	4.081	1169551	4791775.00
2026/03/09	4.098	4.099	4.030	4.096	1927507	7882508.00
2026/03/10	4.096	4.115	4.096	4.107	1213933	4984260.00
2026/03/11	4.104	4.131	4.054	4.131	1493912	6133187.00
2026/03/12	4.131	4.139	4.080	4.083	1763300	7250443.00
2026/03/13	4.083	4.102	4.079	4.100	1456500	5952006.00
2026/03/16	4.079	4.115	4.079	4.113	1205300	4955531.00
2026/03/17	4.114	4.155	4.114	4.128	1964200	8119992.00
2026/03/18	4.115	4.132	4.115	4.128	1342500	5542785.00
2026/03/19	4.139	4.149	4.130	4.130	423107	1748420.00
2026/03/20	4.151	4.151	4.111	4.111	727872	3013156.00
2026/03/23	4.111	4.123	4.088	4.103	1052805	4328003.00
2026/03/24	4.115	4.151	4.115	4.130	1192418	4915749.00
2026/04/03	4.127	4.203	4.127	4.140	1604400	6663109.00
#Ъ§ОнРДдД:ЭЈДяаХ
