508036 ЦНАВФўВЈНЛЭЖREIT ШеЯп ВЛИДШЈ
      ШеЦк	    ПЊХЬ	    зюИп	    зюЕЭ	    ЪеХЬ	    ГЩНЛСП	    ГЩНЛЖю
2024/12/26	8.780	8.783	8.600	8.605	13431461	116252736.00
2024/12/27	8.654	8.880	8.607	8.869	2560780	22218230.00
2024/12/30	8.869	9.040	8.780	8.801	4939378	43679392.00
2024/12/31	8.819	8.840	8.701	8.774	2897712	25469924.00
2025/01/02	8.799	8.849	8.773	8.821	6412758	56446996.00
2025/01/03	8.811	9.150	8.811	9.099	2040396	18351868.00
2025/01/06	9.160	9.450	9.110	9.237	2430809	22608064.00
2025/01/07	9.237	9.299	8.999	9.191	2147138	19670634.00
2025/01/08	9.191	9.199	9.101	9.185	3191433	29260702.00
2025/01/09	9.171	9.288	9.171	9.211	1482870	13647671.00
2025/01/10	9.211	9.211	9.116	9.208	1000974	9183730.00
2025/01/13	9.208	9.285	9.150	9.153	385539	3537308.00
2025/01/14	9.151	9.165	9.091	9.099	833092	7600828.00
2025/01/15	9.099	9.190	9.028	9.099	611100	5562905.00
2025/01/16	9.111	9.150	9.035	9.120	812710	7381463.00
2025/01/17	9.127	9.200	9.096	9.168	526223	4812480.00
2025/01/20	9.174	9.250	9.100	9.246	418171	3844626.00
2025/01/21	9.223	9.292	9.190	9.241	515978	4772917.00
2025/01/22	9.249	9.300	9.231	9.288	829667	7681759.00
2025/01/23	9.287	9.330	9.243	9.306	615685	5712873.00
2025/01/24	9.313	9.600	9.313	9.537	1270063	11958578.00
2025/01/27	9.538	9.721	9.537	9.721	821364	7935941.00
2025/02/05	9.850	9.850	9.578	9.648	1101900	10626858.00
2025/02/06	9.648	9.745	9.578	9.647	522972	5035998.00
2025/02/07	9.639	9.700	9.358	9.603	476706	4576714.00
2025/02/10	9.585	9.662	9.530	9.637	966418	9288601.00
2025/02/11	9.656	9.827	9.564	9.785	1001753	9770309.00
2025/02/12	9.778	9.880	9.684	9.744	1953742	19102540.00
2025/02/13	9.603	9.800	9.603	9.680	643400	6239164.00
2025/02/14	9.680	9.777	9.662	9.673	733314	7124051.00
2025/02/17	9.525	9.747	9.525	9.609	838266	8077054.00
2025/02/18	9.580	9.663	9.572	9.585	564800	5428650.00
2025/02/19	9.513	9.582	9.511	9.568	1616713	15447424.00
2025/02/20	9.560	9.717	9.531	9.715	2534022	24489800.00
2025/02/21	9.715	9.777	9.696	9.706	2655628	25871460.00
2025/02/24	9.610	9.797	9.610	9.620	887020	8558506.00
2025/02/25	9.619	9.660	9.610	9.643	1002061	9637381.00
2025/02/26	9.658	9.658	9.622	9.649	1164200	11223951.00
2025/02/27	9.625	9.660	9.481	9.600	1537000	14650460.00
2025/02/28	9.598	9.598	9.500	9.555	953601	9113317.00
2025/03/03	9.628	9.640	9.501	9.620	1858001	17848592.00
2025/03/04	9.503	9.715	9.503	9.686	571900	5540918.00
2025/03/05	9.688	9.709	9.659	9.700	510842	4953261.00
2025/03/06	9.666	9.770	9.666	9.722	1125345	10916370.00
2025/03/07	9.611	9.775	9.611	9.666	1644658	15918544.00
2025/03/10	9.612	9.666	9.585	9.628	1279300	12302046.00
2025/03/11	9.696	9.696	9.571	9.611	506700	4865453.00
2025/03/12	9.600	9.637	9.573	9.606	1031400	9906094.00
2025/03/13	9.566	9.649	9.566	9.606	1125600	10806668.00
2025/03/14	9.565	9.650	9.504	9.582	1366558	13095456.00
2025/03/17	9.582	9.608	9.545	9.605	374531	3592835.00
2025/03/18	9.615	9.615	9.586	9.610	770083	7390948.00
2025/03/19	9.610	9.650	9.580	9.650	726308	6977100.00
2025/03/20	9.680	9.697	9.603	9.672	625266	6041731.00
2025/03/21	9.680	9.747	9.611	9.646	1401513	13528769.00
2025/03/24	9.610	9.660	9.605	9.658	659583	6349795.00
2025/03/25	9.658	9.834	9.658	9.767	1047196	10240109.00
2025/03/26	9.757	9.884	9.757	9.849	802400	7898457.00
2025/03/27	9.851	9.979	9.851	9.964	710781	7028554.00
2025/03/28	9.979	10.000	9.912	9.970	1035700	10311217.00
2025/03/31	9.898	9.990	9.898	9.990	422972	4204475.00
2025/04/01	9.990	10.100	9.795	9.950	682036	6800080.00
2025/04/02	9.946	10.005	9.946	10.005	677500	6760373.00
2025/04/03	10.005	10.060	9.926	9.999	1218600	12170794.00
2025/04/07	9.929	10.009	9.899	9.983	688781	6870113.00
2025/04/08	9.984	10.029	9.955	10.000	734400	7337471.00
2025/04/09	10.000	10.003	9.910	10.000	250000	2497093.00
2025/04/10	9.890	10.013	9.890	10.012	554600	5547825.00
2025/04/11	10.048	10.048	10.012	10.040	397131	3982737.00
2025/04/14	9.962	10.080	9.962	10.066	373600	3752692.00
2025/04/15	10.057	10.116	10.057	10.116	501856	5062010.00
2025/04/16	10.117	10.260	10.117	10.224	1228558	12546152.00
2025/04/17	10.224	10.300	10.194	10.200	1452500	14877194.00
2025/04/18	10.239	10.254	10.169	10.209	826173	8433639.00
2025/04/21	9.948	9.950	9.850	9.918	604756	5999908.00
2025/04/22	9.945	9.948	9.848	9.937	574333	5693344.00
2025/04/23	9.897	9.969	9.897	9.965	427543	4253226.00
2025/04/24	9.930	10.014	9.930	10.010	488800	4884119.00
2025/04/25	10.049	10.050	9.989	10.000	465354	4651575.00
2025/04/28	10.040	10.040	9.972	9.998	1308643	13075018.00
2025/04/29	10.002	10.002	9.998	10.000	354526	3545137.00
2025/04/30	9.996	10.066	9.965	9.966	1088006	10898069.00
2025/05/06	10.000	10.000	9.946	9.962	862489	8606686.00
2025/05/07	9.962	10.016	9.960	10.005	718573	7184208.00
2025/05/08	9.971	10.023	9.971	10.018	437800	4379476.00
2025/05/09	10.019	10.021	10.000	10.018	621200	6222693.00
2025/05/12	10.028	10.028	9.979	10.018	739800	7408994.00
2025/05/13	10.017	10.027	10.001	10.021	482100	4829598.00
2025/05/14	10.028	10.109	10.002	10.075	992166	9997045.00
2025/05/15	10.113	10.140	10.066	10.098	282300	2848585.00
2025/05/16	10.058	10.129	10.058	10.090	653700	6595168.00
2025/05/19	10.106	10.212	10.092	10.210	665287	6743348.00
2025/05/20	10.210	10.500	10.210	10.375	861300	8867444.00
2025/05/21	10.334	10.577	10.334	10.552	677800	7136200.00
2025/05/22	10.510	10.589	10.510	10.567	530200	5605074.00
2025/05/23	10.565	10.679	10.564	10.668	601097	6405346.00
2025/05/26	10.654	10.711	10.617	10.627	557697	5933703.00
2025/05/27	10.584	10.666	10.525	10.529	606524	6398385.00
2025/05/28	10.487	10.613	10.480	10.531	708300	7463173.00
2025/05/29	10.562	10.590	10.506	10.550	539066	5680520.00
2025/05/30	10.591	10.703	10.590	10.685	523500	5557552.00
2025/06/03	10.719	10.899	10.686	10.752	647200	6960361.00
2025/06/04	10.752	11.067	10.709	11.067	552900	6031229.00
2025/06/05	11.066	11.298	10.896	11.180	462601	5166531.00
2025/06/06	11.182	11.411	11.130	11.309	975669	10971472.00
2025/06/09	11.354	11.428	11.083	11.147	1183600	13222364.00
2025/06/10	11.142	11.142	10.936	11.000	1189691	13107265.00
2025/06/11	10.945	11.068	10.916	11.026	500900	5523638.00
2025/06/12	11.020	11.049	10.953	10.998	291797	3206863.00
2025/06/13	10.999	11.198	10.998	11.198	471100	5218422.00
2025/06/16	11.260	11.398	11.178	11.217	730000	8181424.00
2025/06/17	11.215	11.268	11.166	11.168	821000	9196949.00
2025/06/18	11.190	11.212	11.100	11.120	766166	8530845.00
2025/06/19	11.164	11.164	11.039	11.045	807770	8931926.00
2025/06/20	11.030	11.087	10.954	10.974	530200	5836347.00
2025/06/23	11.018	11.062	10.760	10.788	844500	9164808.00
2025/06/24	10.787	10.787	10.500	10.544	3837200	40598616.00
2025/06/25	10.586	10.649	10.485	10.584	724665	7649891.00
2025/06/26	10.613	10.613	10.348	10.417	1656059	17328380.00
2025/06/27	10.417	10.458	10.280	10.350	1079570	11123204.00
2025/06/30	10.350	10.350	10.250	10.301	1792200	18464158.00
2025/07/01	10.220	10.400	10.220	10.394	981700	10159621.00
2025/07/02	10.409	10.627	10.360	10.621	1969000	20700404.00
2025/07/03	10.621	10.658	10.538	10.623	1463300	15527321.00
2025/07/04	10.586	10.631	10.460	10.529	1186900	12489426.00
2025/07/07	10.530	10.530	10.400	10.468	951900	9977629.00
2025/07/08	10.509	10.513	10.438	10.468	1481939	15536032.00
2025/07/09	10.426	10.472	10.326	10.380	1324600	13742352.00
2025/07/10	10.435	10.500	10.400	10.493	2271400	23740740.00
2025/07/11	10.520	10.595	10.520	10.570	1940294	20519408.00
2025/07/14	10.560	10.579	10.482	10.507	1847837	19438672.00
2025/07/15	10.147	10.147	10.000	10.056	960256	9657733.00
2025/07/16	10.050	10.116	10.016	10.067	842400	8478490.00
2025/07/17	10.067	10.089	10.003	10.042	745000	7478854.00
2025/07/18	10.031	10.057	9.995	10.001	756400	7571011.00
2025/07/21	9.995	10.005	9.910	9.993	679800	6769226.00
2025/07/22	9.993	9.993	9.890	9.946	580400	5773712.00
2025/07/23	9.945	9.945	9.750	9.754	1026326	10040535.00
2025/07/24	9.779	9.788	9.650	9.700	1401238	13569302.00
2025/07/25	9.669	9.719	9.633	9.695	663000	6424832.00
2025/07/28	9.695	9.919	9.686	9.895	976869	9597523.00
2025/07/29	9.830	9.939	9.830	9.893	655400	6499929.00
2025/07/30	9.918	9.979	9.900	9.913	820700	8158986.00
2025/07/31	9.913	9.983	9.913	9.979	832083	8289545.00
2025/08/01	10.000	10.015	9.960	9.985	668700	6680090.00
2025/08/04	10.010	10.028	9.990	9.990	741100	7411625.00
2025/08/05	9.991	10.000	9.902	9.967	604700	5999980.00
2025/08/06	9.980	10.104	9.960	10.103	680865	6832563.00
2025/08/07	10.063	10.150	10.060	10.146	606000	6130410.00
2025/08/08	10.138	10.148	10.070	10.145	481500	4859399.00
2025/08/11	10.155	10.155	10.072	10.129	390300	3951009.00
2025/08/12	10.140	10.140	10.096	10.100	423800	4282720.00
2025/08/13	10.129	10.129	9.990	10.034	1030491	10334758.00
2025/08/14	9.994	10.030	9.930	9.940	685100	6821565.00
2025/08/15	9.900	10.000	9.900	9.953	1112043	11060574.00
2025/08/18	9.965	9.965	9.766	9.773	953790	9354220.00
2025/08/19	9.751	9.760	9.680	9.700	878239	8511669.00
2025/08/20	9.700	9.839	9.700	9.754	1113213	10863476.00
2025/08/21	9.708	9.808	9.672	9.738	1414800	13763641.00
2025/08/22	9.749	9.830	9.738	9.815	1058400	10362215.00
2025/08/25	9.820	9.913	9.751	9.899	471328	4635262.00
2025/08/26	9.913	10.055	9.883	10.040	766904	7682098.00
2025/08/27	10.055	10.109	10.000	10.041	733258	7385481.00
2025/08/28	10.041	10.089	9.950	9.970	683164	6850265.00
2025/08/29	10.000	10.000	9.932	9.950	680000	6766917.00
2025/09/01	9.912	10.020	9.912	9.976	427769	4254154.00
2025/09/02	9.859	10.070	9.859	10.059	943769	9486111.00
2025/09/03	10.020	10.095	10.019	10.063	425400	4279208.00
2025/09/04	10.048	10.112	10.045	10.106	498640	5024458.00
2025/09/05	10.100	10.180	10.050	10.051	693308	6995947.00
2025/09/08	10.013	10.075	10.013	10.031	370500	3720329.00
2025/09/09	10.060	10.080	10.000	10.002	389100	3905692.00
2025/09/10	10.012	10.067	9.993	10.024	527891	5287950.00
2025/09/11	10.024	10.030	10.000	10.001	291828	2919690.00
2025/09/12	10.001	10.058	10.000	10.028	329800	3306642.00
2025/09/15	10.019	10.049	10.003	10.044	287300	2883517.00
2025/09/16	10.044	10.044	10.010	10.018	332900	3335272.00
2025/09/17	10.101	10.120	10.061	10.118	750400	7569553.00
2025/09/18	10.130	10.156	10.103	10.153	657100	6650117.00
2025/09/19	10.158	10.169	10.133	10.168	395000	4010451.00
2025/09/22	9.880	9.880	9.743	9.828	479400	4690845.00
2025/09/23	9.828	9.835	9.740	9.787	488100	4771400.00
2025/09/24	9.750	9.767	9.750	9.763	370100	3612030.00
2025/09/25	9.785	9.812	9.750	9.754	421000	4111242.00
2025/09/26	9.746	9.770	9.746	9.759	312600	3049590.00
2025/09/29	9.782	9.782	9.706	9.725	473800	4610877.00
2025/09/30	9.730	9.737	9.661	9.679	332400	3216250.00
2025/10/09	9.679	9.690	9.650	9.663	308600	2983553.00
2025/10/10	9.685	9.685	9.650	9.663	241713	2336079.00
2025/10/13	9.680	9.680	9.621	9.659	432600	4179694.00
2025/10/14	9.622	9.679	9.622	9.630	310624	2994288.00
2025/10/15	9.630	9.653	9.611	9.630	161100	1550549.00
2025/10/16	9.648	9.652	9.590	9.590	150470	1445385.00
2025/10/17	9.595	9.597	9.501	9.574	611726	5834334.00
2025/10/20	9.534	9.596	9.534	9.580	530000	5077733.00
2025/10/21	9.589	9.600	9.540	9.579	326939	3128545.00
2025/10/22	9.600	9.615	9.505	9.525	594233	5674160.00
2025/10/23	9.549	9.600	9.545	9.561	534226	5109566.00
2025/10/24	9.580	9.680	9.530	9.679	670000	6427800.00
2025/10/27	9.698	9.717	9.580	9.585	523041	5059937.00
2025/10/28	9.585	9.699	9.585	9.691	771613	7475500.00
2025/10/29	9.710	9.750	9.651	9.691	450500	4375355.00
2025/10/30	9.655	9.729	9.655	9.724	401600	3899791.00
2025/10/31	9.684	9.747	9.622	9.687	561900	5443946.00
2025/11/03	9.687	9.687	9.599	9.599	855745	8246137.00
2025/11/04	9.600	9.600	9.510	9.513	575297	5481237.00
2025/11/05	9.513	9.568	9.499	9.545	428100	4085412.00
2025/11/06	9.560	9.578	9.511	9.548	454139	4334103.00
2025/11/07	9.560	9.599	9.512	9.595	221485	2122196.00
2025/11/10	9.595	9.640	9.537	9.617	541332	5198206.00
2025/11/11	9.624	9.711	9.617	9.697	508500	4907291.00
2025/11/12	9.700	9.727	9.651	9.703	693500	6723419.00
2025/11/13	9.663	9.704	9.529	9.579	681600	6570755.00
2025/11/14	9.569	9.634	9.569	9.600	460397	4414994.00
2025/11/17	9.601	9.650	9.572	9.640	282700	2711966.00
2025/11/18	9.644	9.715	9.644	9.712	344500	3336304.00
2025/11/19	9.672	9.717	9.672	9.678	634900	6165052.00
2025/11/20	9.700	9.700	9.683	9.687	439300	4255345.00
2025/11/21	9.701	9.720	9.665	9.688	339185	3282817.00
2025/11/24	9.648	9.648	9.560	9.591	331513	3174938.00
2025/11/25	9.591	9.640	9.551	9.590	491100	4705493.00
2025/11/26	9.590	9.607	9.550	9.604	363026	3478533.00
2025/11/27	9.619	9.619	9.510	9.532	419400	4003394.00
2025/11/28	9.579	9.579	9.508	9.535	361500	3440413.00
2025/12/01	9.508	9.562	9.501	9.527	135100	1285061.00
2025/12/02	9.524	9.546	9.495	9.514	314000	2983104.00
2025/12/03	9.514	9.525	9.467	9.495	328469	3115040.00
2025/12/04	9.495	9.530	9.482	9.492	326369	3098117.00
2025/12/05	9.492	9.517	9.465	9.466	343900	3258452.00
2025/12/08	9.496	9.520	9.432	9.440	385600	3650767.00
2025/12/09	9.479	9.500	9.320	9.445	366285	3440270.00
2025/12/10	9.445	9.477	9.386	9.449	413396	3900062.00
2025/12/11	9.450	9.516	9.450	9.504	432591	4110888.00
2025/12/12	9.525	9.544	9.500	9.507	430200	4095990.00
2025/12/15	9.507	9.530	9.469	9.495	283900	2694757.00
2025/12/16	9.315	9.315	9.170	9.245	480420	4429388.00
2025/12/17	9.324	9.324	8.966	9.113	878300	7968810.00
2025/12/18	9.113	9.113	8.993	8.999	1152613	10380345.00
2025/12/19	8.999	8.999	8.673	8.762	1516541	13296316.00
2025/12/22	8.738	8.758	8.581	8.633	1582309	13640309.00
2025/12/23	8.624	8.828	8.421	8.491	1528466	13002507.00
2025/12/24	8.495	8.762	8.249	8.761	1566543	13310953.00
2025/12/25	8.761	8.921	8.674	8.790	1047800	9256876.00
2025/12/26	8.790	8.817	8.750	8.816	185090	1624789.00
2025/12/29	8.816	8.816	8.604	8.660	517700	4499774.00
2025/12/30	8.682	8.717	8.621	8.630	291200	2515454.00
2025/12/31	8.605	8.682	8.591	8.659	404400	3498838.00
2026/01/05	8.690	8.699	8.616	8.659	1083300	9383022.00
2026/01/06	8.659	8.729	8.611	8.716	1039700	8976909.00
2026/01/07	8.716	8.789	8.676	8.773	615005	5388503.00
2026/01/08	8.773	8.830	8.748	8.770	625168	5491579.00
2026/01/09	8.768	8.826	8.682	8.730	645165	5633265.00
2026/01/12	8.730	8.730	8.643	8.665	370300	3206900.00
2026/01/13	8.651	8.709	8.651	8.669	380900	3304595.00
2026/01/14	8.645	8.700	8.590	8.699	263100	2283212.00
2026/01/15	8.699	8.699	8.650	8.689	266900	2313373.00
2026/01/16	8.689	8.703	8.661	8.682	289000	2506439.00
2026/01/19	8.682	8.682	8.670	8.680	272600	2364821.00
2026/01/20	8.688	8.698	8.650	8.698	198043	1719712.00
2026/01/21	8.698	8.752	8.674	8.740	561300	4902979.00
2026/01/22	8.748	8.824	8.726	8.797	851800	7497124.00
2026/01/23	8.798	8.843	8.770	8.774	518400	4555241.00
2026/01/26	8.746	8.774	8.726	8.732	172400	1506841.00
2026/01/27	8.725	8.770	8.700	8.733	295100	2575921.00
2026/01/28	8.730	8.730	8.694	8.712	288200	2508294.00
2026/01/29	8.698	8.800	8.698	8.792	454331	3981023.00
2026/01/30	8.800	8.809	8.760	8.776	325862	2866659.00
2026/02/02	8.776	8.822	8.736	8.805	114165	1004105.00
2026/02/03	8.825	8.865	8.825	8.865	356100	3152645.00
2026/02/04	8.876	8.890	8.861	8.865	540295	4791808.00
2026/02/05	8.865	8.865	8.800	8.850	271566	2401027.00
2026/02/06	8.850	8.927	8.850	8.927	386400	3435245.00
2026/02/09	8.927	8.950	8.889	8.935	318400	2843898.00
2026/02/10	8.976	9.038	8.935	8.951	373100	3344574.00
2026/02/11	9.003	9.030	8.943	8.985	627259	5644031.00
2026/02/12	8.990	8.990	8.961	8.987	245300	2204551.00
2026/02/13	8.987	9.020	8.962	9.006	253178	2280464.00
2026/02/24	9.005	9.005	8.931	8.962	306200	2744335.00
2026/02/25	9.005	9.079	8.951	8.996	379100	3407422.00
2026/02/26	9.022	9.079	8.970	9.047	336227	3026205.00
2026/02/27	9.035	9.050	8.979	8.983	302900	2727776.00
2026/03/02	8.983	8.983	8.945	8.971	268400	2407788.00
2026/03/03	8.966	8.971	8.922	8.922	321931	2874049.00
2026/03/04	8.917	8.938	8.910	8.930	329800	2944568.00
2026/03/05	8.930	8.930	8.905	8.908	362800	3234531.00
2026/03/06	8.908	8.908	8.855	8.862	378400	3358451.00
2026/03/09	8.855	8.855	8.782	8.800	526811	4642066.00
2026/03/10	8.800	8.826	8.751	8.801	405200	3568068.00
2026/03/11	8.801	8.862	8.801	8.861	801291	7064542.00
2026/03/12	8.861	8.906	8.801	8.811	951400	8430116.00
2026/03/13	8.811	8.861	8.804	8.859	282300	2490110.00
2026/03/16	8.859	8.887	8.819	8.835	249800	2207555.00
2026/03/17	8.877	8.877	8.841	8.866	239800	2123513.00
2026/03/18	8.870	8.899	8.852	8.889	330900	2934925.00
2026/03/19	8.854	8.948	8.854	8.919	555500	4951005.00
2026/03/20	8.940	8.940	8.863	8.865	464500	4122926.00
2026/03/23	8.860	8.860	8.726	8.748	361682	3172764.00
2026/03/24	8.792	8.898	8.741	8.750	305730	2673845.00
2026/04/03	8.603	8.695	8.603	8.671	313600	2710924.00
#Ъ§ОнРДдД:ЭЈДяаХ
