508002 빽갛겟젬句롤REIT 휑窟 꼇릿홈
      휑퍅	    역턍	    離멕	    離됴	    澗턍	    냥슥좆	    냥슥띨
2024/08/16	2.360	2.421	2.352	2.410	31679630	75077568.00
2024/08/19	2.413	2.413	2.365	2.390	1839090	4403472.00
2024/08/20	2.383	2.413	2.360	2.377	5405144	12931713.00
2024/08/21	2.361	2.369	2.324	2.339	4529593	10596881.00
2024/08/22	2.330	2.347	2.323	2.344	1161831	2712756.00
2024/08/23	2.342	2.346	2.330	2.345	1025732	2399947.00
2024/08/26	2.346	2.346	2.339	2.345	985965	2310174.00
2024/08/27	2.365	2.365	2.332	2.338	231673	541713.00
2024/08/28	2.336	2.347	2.336	2.346	610153	1426735.00
2024/08/29	2.347	2.348	2.333	2.334	537950	1257418.00
2024/08/30	2.332	2.337	2.323	2.334	1075680	2504203.00
2024/09/02	2.331	2.331	2.322	2.323	457788	1063986.00
2024/09/03	2.323	2.335	2.318	2.332	573424	1333812.00
2024/09/04	2.330	2.334	2.318	2.333	306531	712846.00
2024/09/05	2.339	2.341	2.329	2.338	353552	826468.00
2024/09/06	2.339	2.343	2.330	2.343	537395	1257575.00
2024/09/09	2.324	2.354	2.324	2.329	276745	646644.00
2024/09/10	2.331	2.346	2.330	2.334	217982	509317.00
2024/09/11	2.334	2.341	2.327	2.335	327100	764058.00
2024/09/12	2.340	2.340	2.331	2.334	153329	357913.00
2024/09/13	2.334	2.334	2.329	2.332	30588	71344.00
2024/09/18	2.333	2.346	2.329	2.332	244101	570326.00
2024/09/19	2.339	2.339	2.329	2.331	251882	588203.00
2024/09/20	2.339	2.339	2.305	2.307	418900	969819.00
2024/09/23	2.302	2.312	2.287	2.303	240800	554758.00
2024/09/24	2.308	2.318	2.288	2.311	154532	356702.00
2024/09/25	2.307	2.307	2.280	2.301	353029	810684.00
2024/09/26	2.310	2.311	2.290	2.304	420462	965818.00
2024/09/27	2.292	2.300	2.285	2.290	282740	648080.00
2024/09/30	2.287	2.287	2.232	2.277	854398	1932997.00
2024/10/08	2.276	2.316	2.219	2.264	2195935	4988877.00
2024/10/09	2.261	2.265	2.248	2.250	777536	1755821.00
2024/10/10	2.328	2.328	2.230	2.238	395052	888008.00
2024/10/11	2.245	2.269	2.229	2.247	489074	1095552.00
2024/10/14	2.231	2.255	2.231	2.255	230382	518449.00
2024/10/15	2.254	2.255	2.232	2.254	494176	1106695.00
2024/10/16	2.253	2.253	2.246	2.248	128990	290038.00
2024/10/17	2.236	2.251	2.231	2.237	394546	882676.00
2024/10/18	2.238	2.247	2.238	2.240	360894	808972.00
2024/10/21	2.236	2.243	2.230	2.240	308866	689931.00
2024/10/22	2.233	2.250	2.229	2.250	337366	754667.00
2024/10/23	2.255	2.255	2.243	2.249	156714	352736.00
2024/10/24	2.249	2.249	2.240	2.240	142400	319368.00
2024/10/25	2.238	2.253	2.231	2.250	213226	477313.00
2024/10/28	2.232	2.251	2.230	2.246	4067295	9122214.00
2024/10/29	2.244	2.250	2.238	2.243	1683600	3772453.00
2024/10/30	2.240	2.244	2.235	2.240	425770	953743.00
2024/10/31	2.240	2.243	2.227	2.228	676017	1509623.00
2024/11/01	2.228	2.235	2.226	2.232	101500	226321.00
2024/11/04	2.223	2.239	2.223	2.235	744779	1662946.00
2024/11/05	2.232	2.237	2.222	2.234	411001	916326.00
2024/11/06	2.224	2.246	2.224	2.238	729883	1629479.00
2024/11/07	2.235	2.239	2.234	2.236	343076	767821.00
2024/11/08	2.236	2.239	2.228	2.236	141542	315995.00
2024/11/11	2.239	2.239	2.229	2.238	237837	531762.00
2024/11/12	2.239	2.240	2.230	2.239	279594	625875.00
2024/11/13	2.230	2.239	2.230	2.234	295984	661687.00
2024/11/14	2.235	2.238	2.230	2.230	567400	1265972.00
2024/11/15	2.236	2.237	2.226	2.233	497372	1108998.00
2024/11/18	2.236	2.239	2.228	2.229	532400	1188275.00
2024/11/19	2.228	2.229	2.225	2.227	270971	603323.00
2024/11/20	2.229	2.233	2.225	2.226	1788343	3981914.00
2024/11/21	2.229	2.230	2.224	2.225	346500	772036.00
2024/11/22	2.228	2.230	2.215	2.223	949130	2108415.00
2024/11/25	2.223	2.228	2.183	2.212	463094	1023476.00
2024/11/26	2.212	2.227	2.212	2.215	425213	942681.00
2024/11/27	2.207	2.213	2.206	2.208	596391	1316690.00
2024/11/28	2.208	2.212	2.192	2.208	437516	963828.00
2024/11/29	2.208	2.208	2.199	2.204	307600	677490.00
2024/12/02	2.204	2.210	2.195	2.204	291961	643532.00
2024/12/03	2.198	2.203	2.188	2.192	449658	986383.00
2024/12/04	2.189	2.190	2.181	2.189	260818	570160.00
2024/12/05	2.189	2.208	2.172	2.208	528200	1157840.00
2024/12/06	2.210	2.210	2.192	2.204	463400	1019006.00
2024/12/09	2.208	2.222	2.191	2.214	315501	696527.00
2024/12/10	2.227	2.241	2.211	2.219	1168300	2601851.00
2024/12/11	2.215	2.233	2.215	2.231	2956500	6579815.00
2024/12/12	2.231	2.240	2.226	2.236	2160559	4825456.00
2024/12/13	2.236	2.236	2.225	2.230	1284100	2862377.00
2024/12/16	2.234	2.244	2.220	2.236	3715001	8311887.00
2024/12/17	2.244	2.284	2.244	2.283	2014102	4572338.00
2024/12/18	2.288	2.312	2.286	2.309	2323972	5354018.00
2024/12/19	2.310	2.316	2.279	2.284	1150829	2630961.00
2024/12/20	2.223	2.260	2.223	2.243	1093894	2454201.00
2024/12/23	2.242	2.283	2.222	2.282	1250466	2828077.00
2024/12/24	2.281	2.315	2.245	2.282	1042364	2377576.00
2024/12/25	2.282	2.300	2.261	2.297	2042579	4671220.00
2024/12/26	2.281	2.310	2.281	2.299	665442	1530981.00
2024/12/27	2.299	2.352	2.285	2.350	1132961	2619201.00
2024/12/30	2.350	2.372	2.310	2.371	1668370	3926674.00
2024/12/31	2.371	2.388	2.348	2.378	2675386	6358267.00
2025/01/02	2.355	2.403	2.343	2.383	2797043	6666396.00
2025/01/03	2.381	2.422	2.381	2.421	7339265	17588628.00
2025/01/06	2.398	2.465	2.398	2.451	1038671	2533928.00
2025/01/07	2.451	2.459	2.396	2.418	1367723	3302233.00
2025/01/08	2.419	2.458	2.419	2.430	3019094	7332418.00
2025/01/09	2.430	2.458	2.400	2.438	3318076	8092613.00
2025/01/10	2.465	2.465	2.408	2.451	3528292	8624584.00
2025/01/13	2.430	2.467	2.422	2.462	2670916	6565903.00
2025/01/14	2.462	2.463	2.442	2.453	946588	2322866.00
2025/01/15	2.430	2.470	2.401	2.449	577719	1416607.00
2025/01/16	2.449	2.459	2.449	2.451	216394	531226.00
2025/01/17	2.441	2.483	2.439	2.478	1180415	2906004.00
2025/01/20	2.455	2.488	2.455	2.481	785488	1945190.00
2025/01/21	2.480	2.520	2.475	2.491	1368270	3406738.00
2025/01/22	2.491	2.520	2.489	2.519	3555582	8910444.00
2025/01/23	2.526	2.569	2.500	2.560	5316600	13542281.00
2025/01/24	2.558	2.625	2.545	2.613	5520963	14376530.00
2025/01/27	2.604	2.678	2.588	2.678	4607891	12140966.00
2025/02/05	2.678	2.684	2.663	2.668	1047866	2806150.00
2025/02/06	2.666	2.684	2.590	2.627	1628165	4275872.00
2025/02/07	2.616	2.650	2.590	2.630	2106075	5505852.00
2025/02/10	2.626	2.678	2.601	2.675	1335880	3546778.00
2025/02/11	2.675	2.808	2.650	2.788	4610914	12750194.00
2025/02/12	2.875	2.910	2.800	2.875	7469206	21427414.00
2025/02/13	2.875	2.875	2.759	2.796	4512148	12665902.00
2025/02/14	2.783	2.850	2.768	2.806	2458404	6916755.00
2025/02/17	2.795	2.891	2.795	2.890	2987665	8496533.00
2025/02/18	2.901	3.031	2.870	2.931	2440288	7182771.00
2025/02/19	2.931	2.979	2.900	2.942	1676815	4917755.00
2025/02/20	2.945	2.963	2.921	2.942	2046713	6024293.00
2025/02/21	2.909	2.953	2.909	2.937	2526500	7420938.00
2025/02/24	2.923	2.943	2.923	2.936	661389	1942991.00
2025/02/25	2.948	2.996	2.909	2.936	4333176	12780447.00
2025/02/26	2.964	2.999	2.900	2.905	2724194	8013495.00
2025/02/27	2.892	2.929	2.839	2.870	6408130	18428324.00
2025/02/28	2.866	2.866	2.774	2.832	2458331	6979695.00
2025/03/03	2.830	2.860	2.811	2.832	1052225	2984040.00
2025/03/04	2.792	2.868	2.792	2.867	1357431	3838187.00
2025/03/05	2.872	2.910	2.831	2.909	1567880	4494217.00
2025/03/06	2.900	2.930	2.873	2.910	2218937	6460322.00
2025/03/07	2.905	2.927	2.870	2.887	1844529	5346416.00
2025/03/10	2.847	2.893	2.821	2.877	1911270	5488169.00
2025/03/11	2.837	2.884	2.805	2.810	2783500	7932314.00
2025/03/12	2.802	2.868	2.762	2.799	4254762	12010931.00
2025/03/13	2.789	2.830	2.734	2.827	3442213	9554591.00
2025/03/14	2.814	2.969	2.791	2.919	3987188	11352680.00
2025/03/17	2.963	2.965	2.900	2.945	2683671	7903145.00
2025/03/18	2.932	2.979	2.916	2.940	2991200	8800378.00
2025/03/19	2.952	2.980	2.902	2.950	3812100	11185817.00
2025/03/20	2.935	2.969	2.924	2.943	3254700	9580721.00
2025/03/21	2.939	2.951	2.907	2.927	4484794	13126701.00
2025/03/24	2.927	2.940	2.901	2.928	2311400	6746705.00
2025/03/25	2.928	2.940	2.907	2.925	2849544	8319967.00
2025/03/26	2.925	2.959	2.907	2.930	4099000	12023695.00
2025/03/27	2.919	2.936	2.897	2.930	5213200	15217994.00
2025/03/28	2.930	2.945	2.910	2.928	5033437	14744569.00
2025/03/31	2.940	2.942	2.879	2.887	4068520	11869539.00
2025/04/01	2.887	2.901	2.840	2.846	2299620	6614339.00
2025/04/02	2.857	2.886	2.841	2.879	3171600	9074760.00
2025/04/03	2.839	2.879	2.806	2.877	1887441	5377671.00
2025/04/07	2.878	2.917	2.840	2.864	2982886	8583411.00
2025/04/08	2.864	2.921	2.831	2.852	1521894	4353887.00
2025/04/09	2.821	2.870	2.820	2.851	625274	1780158.00
2025/04/10	2.828	2.907	2.828	2.891	2546794	7258556.00
2025/04/11	2.904	2.907	2.871	2.906	2872000	8300937.00
2025/04/14	2.890	2.932	2.884	2.929	3106100	9035586.00
2025/04/15	2.915	3.007	2.915	2.984	2197200	6492979.00
2025/04/16	2.996	3.038	2.972	3.022	3713210	11180159.00
2025/04/17	3.018	3.132	3.018	3.110	3345600	10342640.00
2025/04/18	3.119	3.167	3.034	3.099	3876459	12033460.00
2025/04/21	3.104	3.104	3.010	3.060	2060610	6283786.00
2025/04/22	3.048	3.150	3.024	3.142	1513500	4698607.00
2025/04/23	3.129	3.180	3.127	3.170	2041500	6458318.00
2025/04/24	3.157	3.182	3.138	3.177	1365610	4324957.00
2025/04/25	3.167	3.209	3.153	3.162	417700	1325945.00
2025/04/28	3.175	3.175	3.132	3.161	1264388	3996857.00
2025/04/29	3.157	3.178	3.122	3.171	412737	1298171.00
2025/04/30	3.176	3.287	3.175	3.224	755994	2440935.00
2025/05/06	3.224	3.253	3.206	3.243	935400	3018630.00
2025/05/07	3.233	3.334	3.232	3.277	1382500	4534029.00
2025/05/08	3.277	3.339	3.277	3.330	2275888	7550760.00
2025/05/09	3.330	3.397	3.319	3.372	1698694	5683624.00
2025/05/12	3.372	3.469	3.334	3.444	1335300	4556872.00
2025/05/13	3.444	3.550	3.400	3.528	1655854	5794055.00
2025/05/14	3.528	3.586	3.480	3.583	3569700	12652874.00
2025/05/15	3.583	3.637	3.430	3.470	3675637	12865027.00
2025/05/16	3.470	3.550	3.443	3.508	7466264	25986268.00
2025/05/19	3.508	3.569	3.485	3.498	3007300	10579681.00
2025/05/20	3.496	3.535	3.480	3.530	4506629	15834378.00
2025/05/21	3.530	3.565	3.505	3.510	3439337	12101971.00
2025/05/22	3.510	3.527	3.476	3.510	3121155	10955458.00
2025/05/23	3.496	3.535	3.482	3.499	2092094	7325866.00
2025/05/26	3.500	3.525	3.472	3.478	3789473	13278580.00
2025/05/27	3.486	3.500	3.437	3.472	886400	3069138.00
2025/05/28	3.472	3.498	3.432	3.490	765000	2650537.00
2025/05/29	3.498	3.540	3.463	3.525	827374	2901823.00
2025/05/30	3.539	3.553	3.500	3.535	1232300	4351566.00
2025/06/03	3.535	3.600	3.508	3.520	980200	3469473.00
2025/06/04	3.508	3.546	3.489	3.495	746100	2613440.00
2025/06/05	3.495	3.522	3.481	3.513	2405394	8434802.00
2025/06/06	3.513	3.565	3.489	3.558	1470300	5180820.00
2025/06/09	3.536	3.594	3.536	3.590	1599700	5717723.00
2025/06/10	3.590	3.604	3.579	3.590	1683100	6048616.00
2025/06/11	3.600	3.620	3.596	3.617	2122710	7662119.00
2025/06/12	3.617	3.700	3.616	3.697	1169400	4242880.00
2025/06/13	3.707	3.716	3.682	3.707	991529	3674573.00
2025/06/16	3.707	3.726	3.620	3.630	2910629	10643834.00
2025/06/17	3.613	3.619	3.561	3.575	5312348	19081708.00
2025/06/18	3.579	3.583	3.526	3.539	4873500	17283872.00
2025/06/19	3.545	3.550	3.524	3.540	8552671	30242102.00
2025/06/20	3.549	3.551	3.528	3.537	4368700	15435939.00
2025/06/23	3.523	3.575	3.519	3.555	1955000	6937189.00
2025/06/24	3.566	3.569	3.520	3.555	1186600	4206238.00
2025/06/25	3.550	3.555	3.520	3.539	1853700	6558906.00
2025/06/26	3.525	3.538	3.490	3.495	892371	3135860.00
2025/06/27	3.505	3.508	3.420	3.438	2648588	9116250.00
2025/06/30	3.421	3.460	3.400	3.401	1655243	5681001.00
2025/07/01	3.401	3.419	3.329	3.347	6926094	23214064.00
2025/07/02	3.334	3.435	3.300	3.429	12946824	43923140.00
2025/07/03	3.435	3.512	3.435	3.503	3235894	11308285.00
2025/07/04	3.517	3.524	3.466	3.501	2937194	10276461.00
2025/07/07	3.484	3.501	3.374	3.427	3620322	12400292.00
2025/07/08	3.411	3.423	3.364	3.382	2728200	9234480.00
2025/07/09	3.386	3.415	3.340	3.400	1631804	5516259.00
2025/07/10	3.415	3.438	3.380	3.395	1241000	4219317.00
2025/07/11	3.393	3.399	3.341	3.374	1024294	3444070.00
2025/07/14	3.370	3.415	3.343	3.400	1538592	5200099.00
2025/07/15	3.393	3.467	3.386	3.432	2187500	7483881.00
2025/07/16	3.432	3.461	3.432	3.455	1435082	4949518.00
2025/07/17	3.440	3.440	3.344	3.375	4394100	14852792.00
2025/07/18	3.359	3.383	3.355	3.380	1886500	6353157.00
2025/07/21	3.387	3.387	3.339	3.348	2637082	8844647.00
2025/07/22	3.348	3.358	3.252	3.283	4112794	13661986.00
2025/07/23	3.268	3.269	3.162	3.241	5947749	18969916.00
2025/07/24	3.226	3.240	3.204	3.230	2669194	8591162.00
2025/07/25	3.242	3.242	3.160	3.181	1968843	6264255.00
2025/07/28	3.168	3.180	3.090	3.150	3750900	11742193.00
2025/07/29	3.135	3.145	3.075	3.080	3546500	10975219.00
2025/07/30	3.080	3.080	3.020	3.058	9294382	28183696.00
2025/07/31	3.044	3.206	3.030	3.202	11412174	35895992.00
2025/08/01	3.187	3.222	3.128	3.204	3961943	12609874.00
2025/08/04	3.189	3.204	3.165	3.175	3828200	12206324.00
2025/08/05	3.160	3.186	3.097	3.117	6666500	20852272.00
2025/08/06	3.103	3.150	3.097	3.125	2133494	6668642.00
2025/08/07	3.125	3.180	3.125	3.172	1490300	4723175.00
2025/08/08	3.184	3.228	3.160	3.228	2193294	7025282.00
2025/08/11	3.229	3.229	3.203	3.224	775694	2497455.00
2025/08/12	3.224	3.224	3.192	3.203	1545320	4947089.00
2025/08/13	3.130	3.145	3.087	3.117	903203	2810995.00
2025/08/14	3.115	3.135	3.093	3.103	1480000	4598543.00
2025/08/15	3.100	3.108	3.083	3.083	2556500	7887326.00
2025/08/18	3.084	3.084	2.977	2.978	8631800	25920884.00
2025/08/19	2.987	2.987	2.916	2.917	3821700	11212858.00
2025/08/20	2.917	2.962	2.900	2.904	3190500	9366675.00
2025/08/21	2.904	2.927	2.900	2.912	3298500	9594691.00
2025/08/22	2.912	2.973	2.900	2.965	1586033	4660925.00
2025/08/25	2.974	3.050	2.951	3.036	4899400	14799648.00
2025/08/26	3.048	3.135	3.023	3.130	3995043	12428781.00
2025/08/27	3.129	3.168	3.100	3.160	5357000	16898000.00
2025/08/28	3.141	3.171	3.076	3.077	4305600	13404695.00
2025/08/29	3.078	3.084	3.004	3.081	4555500	13806644.00
2025/09/01	3.080	3.080	3.057	3.080	1258299	3861547.00
2025/09/02	3.066	3.138	3.066	3.131	2904100	9068658.00
2025/09/03	3.131	3.165	3.114	3.152	2599500	8193790.00
2025/09/04	3.170	3.185	3.157	3.184	5767592	18310020.00
2025/09/05	3.185	3.220	3.152	3.186	3814894	12131985.00
2025/09/08	3.186	3.186	3.131	3.140	3270700	10308464.00
2025/09/09	3.125	3.135	3.084	3.100	2496200	7757840.00
2025/09/10	3.096	3.120	3.051	3.051	2201400	6805145.00
2025/09/11	3.049	3.074	3.032	3.074	2510100	7647447.00
2025/09/12	3.074	3.100	3.049	3.094	864100	2657506.00
2025/09/15	3.094	3.130	3.094	3.129	1240900	3854760.00
2025/09/16	3.121	3.141	3.106	3.113	477200	1487525.00
2025/09/17	3.111	3.131	3.080	3.089	1440500	4453925.00
2025/09/18	3.070	3.103	3.070	3.092	318844	984312.00
2025/09/19	3.075	3.094	3.075	3.094	423800	1305900.00
2025/09/22	3.084	3.120	3.084	3.092	419100	1296541.00
2025/09/23	3.082	3.144	3.060	3.100	473900	1469514.00
2025/09/24	3.088	3.094	3.088	3.091	343000	1060029.00
2025/09/25	3.090	3.143	3.051	3.055	1901200	5849901.00
2025/09/26	3.041	3.109	3.041	3.059	1045300	3196380.00
2025/09/29	3.077	3.077	3.032	3.037	1047300	3184502.00
2025/09/30	3.026	3.082	3.014	3.031	273500	829201.00
2025/10/09	3.013	3.050	2.997	3.017	674100	2030355.00
2025/10/10	3.003	3.027	3.003	3.019	214535	648096.00
2025/10/13	3.018	3.026	3.000	3.010	889300	2678341.00
2025/10/14	3.020	3.020	2.938	2.975	2007200	5959582.00
2025/10/15	2.970	2.993	2.950	2.966	775143	2301768.00
2025/10/16	2.960	2.998	2.944	2.946	2180700	6465729.00
2025/10/17	2.959	2.980	2.936	2.950	1770200	5220835.00
2025/10/20	2.968	2.990	2.896	2.921	733600	2137806.00
2025/10/21	2.921	2.921	2.868	2.874	4303100	12433806.00
2025/10/22	2.874	2.930	2.845	2.920	1870200	5378192.00
2025/10/23	2.906	2.952	2.906	2.938	1347100	3943054.00
2025/10/24	2.920	2.975	2.901	2.963	1451200	4287006.00
2025/10/27	2.970	2.975	2.915	2.950	2365600	6943604.00
2025/10/28	2.943	3.017	2.943	2.994	4396946	13112621.00
2025/10/29	2.990	3.015	2.957	2.997	4276215	12821545.00
2025/10/30	2.984	3.012	2.966	2.999	5264400	15761336.00
2025/10/31	3.011	3.017	2.970	2.976	2010800	6019447.00
2025/11/03	2.994	2.994	2.958	2.974	1519300	4517620.00
2025/11/04	2.967	2.982	2.938	2.960	3002400	8899186.00
2025/11/05	2.960	2.960	2.927	2.949	3336700	9839898.00
2025/11/06	2.962	3.160	2.936	2.956	1341228	3963146.00
2025/11/07	2.956	3.017	2.950	2.967	4385093	13027150.00
2025/11/10	2.984	2.995	2.949	2.995	1614200	4819172.00
2025/11/11	3.008	3.032	3.000	3.027	2378200	7172888.00
2025/11/12	3.045	3.045	2.995	3.041	732643	2221169.00
2025/11/13	3.027	3.070	3.027	3.048	713577	2173289.00
2025/11/14	3.048	3.082	3.043	3.074	1764172	5409472.00
2025/11/17	3.082	3.099	3.030	3.039	887600	2711108.00
2025/11/18	3.025	3.048	3.004	3.040	450500	1367867.00
2025/11/19	3.020	3.074	3.016	3.060	1864400	5678867.00
2025/11/20	3.047	3.060	3.016	3.037	936700	2843763.00
2025/11/21	3.026	3.060	3.016	3.033	602300	1825300.00
2025/11/24	3.032	3.051	3.012	3.018	728800	2202283.00
2025/11/25	3.031	3.054	3.008	3.021	1054079	3183800.00
2025/11/26	3.034	3.060	3.009	3.049	1368700	4173574.00
2025/11/27	3.031	3.060	3.011	3.029	1429900	4332327.00
2025/11/28	3.030	3.060	3.009	3.022	1019300	3084901.00
2025/12/01	3.015	3.050	2.986	3.034	1134200	3433615.00
2025/12/02	3.016	3.060	3.010	3.025	984900	2976238.00
2025/12/03	3.030	3.031	2.996	3.016	435000	1310727.00
2025/12/04	3.002	3.030	2.980	3.012	1950694	5855832.00
2025/12/05	3.013	3.030	2.991	3.017	617400	1858742.00
2025/12/08	2.999	3.010	2.954	2.979	693200	2070598.00
2025/12/09	2.990	2.997	2.922	2.985	2785800	8240586.00
2025/12/10	2.971	3.020	2.940	3.009	2417600	7248332.00
2025/12/11	3.008	3.021	2.993	3.000	3087300	9280533.00
2025/12/12	3.027	3.044	2.991	3.019	1034200	3123089.00
2025/12/15	3.019	3.032	2.975	2.991	1179900	3533545.00
2025/12/16	2.954	3.014	2.954	3.002	4848162	14522809.00
2025/12/17	2.965	3.012	2.941	2.961	1972400	5871992.00
2025/12/18	2.966	3.010	2.912	2.923	2328900	6827112.00
2025/12/19	2.901	2.939	2.870	2.937	1813872	5276309.00
2025/12/22	2.923	2.949	2.923	2.947	376700	1105743.00
2025/12/23	2.946	2.990	2.913	2.950	2651249	7844550.00
2025/12/24	2.948	3.036	2.943	3.011	3860500	11591813.00
2025/12/25	3.024	3.045	3.010	3.044	4253600	12869581.00
2025/12/26	3.010	3.023	2.981	3.017	664700	1999750.00
2025/12/29	2.982	3.030	2.982	3.008	1503200	4532286.00
2025/12/30	3.009	3.039	2.955	3.000	1423501	4270572.00
2025/12/31	3.007	3.010	2.973	3.006	1381400	4140525.00
2026/01/05	3.006	3.046	3.002	3.019	3848172	11629615.00
2026/01/06	3.032	3.095	3.000	3.089	7119586	21741676.00
2026/01/07	3.100	3.127	3.049	3.105	2331071	7238189.00
2026/01/08	3.111	3.160	3.075	3.138	5246988	16317152.00
2026/01/09	3.138	3.181	3.085	3.132	3173100	9935389.00
2026/01/12	3.118	3.159	3.101	3.106	2169800	6753022.00
2026/01/13	3.106	3.127	3.066	3.071	2441500	7545187.00
2026/01/14	3.103	3.136	3.011	3.070	1037000	3185869.00
2026/01/15	3.082	3.130	3.038	3.089	1233000	3785635.00
2026/01/16	3.098	3.147	3.070	3.140	2122200	6596410.00
2026/01/19	3.150	3.150	3.070	3.120	3892700	12154827.00
2026/01/20	3.106	3.160	3.080	3.131	3207800	10062850.00
2026/01/21	3.150	3.200	3.131	3.182	3281500	10397280.00
2026/01/22	3.193	3.366	3.193	3.341	8516000	28269428.00
2026/01/23	3.347	3.500	3.321	3.453	11316400	39183472.00
2026/01/26	3.450	3.600	3.435	3.460	3193100	11065717.00
2026/01/27	3.460	3.538	3.394	3.533	5290795	18448116.00
2026/01/28	3.517	3.554	3.506	3.524	3004294	10587027.00
2026/01/29	3.537	3.570	3.500	3.560	2733900	9628903.00
2026/01/30	3.544	3.561	3.521	3.530	2138000	7559492.00
2026/02/02	3.528	3.600	3.415	3.436	9804200	33968216.00
2026/02/03	3.420	3.479	3.417	3.445	8578595	29558784.00
2026/02/04	3.445	3.463	3.408	3.450	5495700	18959094.00
2026/02/05	3.450	3.468	3.437	3.441	1662494	5732936.00
2026/02/06	3.450	3.450	3.376	3.433	2437200	8384875.00
2026/02/09	3.417	3.431	3.393	3.423	619100	2117197.00
2026/02/10	3.420	3.443	3.420	3.433	1260500	4324412.00
2026/02/11	3.449	3.454	3.411	3.430	744273	2554927.00
2026/02/12	3.433	3.451	3.413	3.419	868200	2977618.00
2026/02/13	3.449	3.495	3.406	3.428	2273100	7816075.00
2026/02/24	3.431	3.499	3.375	3.378	2345900	8023660.00
2026/02/25	3.382	3.402	3.350	3.359	1890000	6388578.00
2026/02/26	3.339	3.379	3.339	3.371	4799100	16149374.00
2026/02/27	3.351	3.384	3.350	3.353	1550700	5222046.00
2026/03/02	3.355	3.368	3.306	3.338	3471600	11585818.00
2026/03/03	3.318	3.370	3.298	3.365	1527327	5142492.00
2026/03/04	3.368	3.397	3.338	3.351	2088700	7005068.00
2026/03/05	3.352	3.379	3.331	3.346	1486800	4981844.00
2026/03/06	3.346	3.346	3.298	3.310	3059077	10131526.00
2026/03/09	3.310	3.310	3.267	3.279	1329300	4356544.00
2026/03/10	3.279	3.350	3.266	3.287	1915300	6328628.00
2026/03/11	3.267	3.280	3.219	3.264	1154686	3749958.00
2026/03/12	3.249	3.269	3.213	3.228	2618686	8471170.00
2026/03/13	3.233	3.276	3.213	3.259	2707600	8802723.00
2026/03/16	3.263	3.263	3.158	3.198	2240900	7137877.00
2026/03/17	3.183	3.208	3.168	3.169	1342400	4281165.00
2026/03/18	3.175	3.200	3.140	3.197	2096353	6624521.00
2026/03/19	3.203	3.284	3.173	3.242	1980300	6422743.00
2026/03/20	3.242	3.245	3.168	3.170	2717600	8704459.00
2026/03/23	3.163	3.169	3.121	3.138	3926300	12375718.00
2026/03/24	3.138	3.146	3.099	3.142	2715092	8454445.00
2026/04/03	3.303	3.328	3.258	3.305	5712300	18867676.00
#鑒앴윱都:繫댐斤
