508048 ЛЊАВЭтИпЧХREIT ШеЯп ВЛИДШЈ
      ШеЦк	    ПЊХЬ	    зюИп	    зюЕЭ	    ЪеХЬ	    ГЩНЛСП	    ГЩНЛЖю
2024/12/25	2.960	3.074	2.890	3.018	3855838	11404316.00
2024/12/26	3.005	3.038	2.985	3.038	1312545	3927568.00
2024/12/27	3.038	3.122	2.998	3.115	527508	1627330.00
2024/12/30	3.102	3.427	3.101	3.163	1160883	3747457.00
2024/12/31	3.163	3.455	3.033	3.129	724255	2277362.00
2025/01/02	3.125	3.205	3.101	3.204	738639	2350579.00
2025/01/03	3.204	3.284	3.167	3.284	1394212	4529014.00
2025/01/06	3.289	3.308	3.244	3.277	2074068	6839991.00
2025/01/07	3.251	3.276	3.228	3.240	803697	2603727.00
2025/01/08	3.241	3.296	3.201	3.282	379634	1243778.00
2025/01/09	3.282	3.309	3.282	3.298	447200	1474870.00
2025/01/10	3.300	3.360	3.269	3.348	2062721	6860611.00
2025/01/13	3.315	3.350	3.310	3.317	408691	1362859.00
2025/01/14	3.315	3.330	3.284	3.318	230902	764508.00
2025/01/15	3.360	3.360	3.285	3.346	1299324	4343181.00
2025/01/16	3.346	3.346	3.307	3.325	89977	299581.00
2025/01/17	3.294	3.370	3.294	3.360	1650656	5537843.00
2025/01/20	3.359	3.599	3.326	3.372	663653	2237097.00
2025/01/21	3.465	3.465	3.372	3.372	385252	1301992.00
2025/01/22	3.340	3.386	3.340	3.364	765600	2577004.00
2025/01/23	3.370	3.370	3.335	3.359	591188	1984007.00
2025/01/24	3.343	3.372	3.343	3.360	1530776	5147970.00
2025/01/27	3.357	3.369	3.333	3.364	1514451	5086219.00
2025/02/05	3.362	3.505	3.348	3.451	1140787	3909525.00
2025/02/06	3.451	3.570	3.416	3.458	350574	1209180.00
2025/02/07	3.442	3.550	3.423	3.452	311831	1074675.00
2025/02/10	3.430	3.520	3.421	3.498	899550	3123704.00
2025/02/11	3.499	3.700	3.499	3.637	623582	2244659.00
2025/02/12	3.636	3.779	3.602	3.650	2929278	10844933.00
2025/02/13	3.710	3.760	3.574	3.612	1570719	5720808.00
2025/02/14	3.595	3.653	3.558	3.607	289269	1036052.00
2025/02/17	3.607	3.680	3.600	3.608	349820	1263065.00
2025/02/18	3.608	3.628	3.564	3.570	174900	628240.00
2025/02/19	3.568	3.568	3.501	3.525	492035	1734859.00
2025/02/20	3.509	3.561	3.489	3.507	3489718	12248623.00
2025/02/21	3.491	3.520	3.465	3.492	2603581	9085103.00
2025/02/24	3.476	3.528	3.400	3.446	1529851	5305191.00
2025/02/25	3.440	3.482	3.380	3.388	781522	2669316.00
2025/02/26	3.393	3.410	3.323	3.351	1414824	4766989.00
2025/02/27	3.340	3.362	3.261	3.285	2712692	9032358.00
2025/02/28	3.297	3.350	3.261	3.334	843333	2766477.00
2025/03/03	3.344	3.400	3.332	3.393	1005310	3384932.00
2025/03/04	3.408	3.471	3.408	3.431	1442541	4958909.00
2025/03/05	3.420	3.446	3.392	3.424	1466049	4999428.00
2025/03/06	3.394	3.432	3.380	3.380	588500	1998229.00
2025/03/07	3.395	3.413	3.363	3.363	391481	1320834.00
2025/03/10	3.355	3.440	3.355	3.394	1400496	4788329.00
2025/03/11	3.394	3.479	3.376	3.397	485034	1656277.00
2025/03/12	3.467	3.467	3.360	3.373	593351	2012069.00
2025/03/13	3.373	3.409	3.372	3.388	224355	761690.00
2025/03/14	3.407	3.412	3.373	3.384	394700	1338211.00
2025/03/17	3.354	3.450	3.354	3.449	680765	2323311.00
2025/03/18	3.434	3.480	3.420	3.460	298451	1030754.00
2025/03/19	3.469	3.496	3.456	3.488	698055	2423429.00
2025/03/20	3.500	3.529	3.480	3.523	376251	1324805.00
2025/03/21	3.523	3.540	3.498	3.531	189368	666676.00
2025/03/24	3.549	3.679	3.495	3.519	280287	993526.00
2025/03/25	3.503	3.550	3.480	3.536	276200	972631.00
2025/03/26	3.518	3.580	3.515	3.563	70933	251172.00
2025/03/27	3.550	3.628	3.550	3.567	501484	1802282.00
2025/03/28	3.567	3.660	3.557	3.580	846506	3036399.00
2025/03/31	3.577	3.643	3.548	3.570	571077	2047480.00
2025/04/01	3.554	3.573	3.528	3.540	541635	1919546.00
2025/04/02	3.540	3.603	3.540	3.556	621415	2216246.00
2025/04/03	3.539	3.561	3.529	3.550	525683	1857983.00
2025/04/07	3.555	3.555	3.429	3.468	762203	2627005.00
2025/04/08	3.459	3.465	3.431	3.433	196000	675492.00
2025/04/09	3.433	3.446	3.367	3.369	937302	3179011.00
2025/04/10	3.383	3.463	3.383	3.407	225122	767294.00
2025/04/11	3.415	3.479	3.407	3.475	230300	789249.00
2025/04/14	3.474	3.495	3.448	3.469	296600	1027873.00
2025/04/15	3.471	3.473	3.457	3.470	145900	505257.00
2025/04/16	3.479	3.479	3.454	3.460	99579	345668.00
2025/04/17	3.455	3.487	3.447	3.478	217151	752880.00
2025/04/18	3.480	3.546	3.480	3.510	263924	929409.00
2025/04/21	3.509	3.513	3.462	3.493	338851	1180986.00
2025/04/22	3.495	3.520	3.495	3.506	61300	215100.00
2025/04/23	3.500	3.624	3.500	3.603	521261	1860316.00
2025/04/24	3.614	3.617	3.567	3.595	160800	577843.00
2025/04/25	3.581	3.640	3.555	3.598	110551	397041.00
2025/04/28	3.584	3.606	3.509	3.539	885600	3149956.00
2025/04/29	3.532	3.639	3.532	3.577	808910	2909564.00
2025/04/30	3.578	3.612	3.514	3.550	512951	1831444.00
2025/05/06	3.546	3.585	3.536	3.552	183602	654504.00
2025/05/07	3.553	3.587	3.541	3.560	227914	809543.00
2025/05/08	3.574	3.583	3.560	3.565	90955	324652.00
2025/05/09	3.567	3.617	3.559	3.616	358224	1281038.00
2025/05/12	3.607	3.641	3.602	3.639	344570	1249478.00
2025/05/13	3.651	3.735	3.641	3.699	629764	2324789.00
2025/05/14	3.714	3.735	3.682	3.725	1146402	4243818.00
2025/05/15	3.710	3.721	3.650	3.680	129538	476400.00
2025/05/16	3.665	3.758	3.650	3.738	920461	3418744.00
2025/05/19	3.730	3.750	3.711	3.715	557651	2078630.00
2025/05/20	3.715	3.786	3.703	3.779	394133	1473765.00
2025/05/21	3.781	3.883	3.779	3.842	842813	3237449.00
2025/05/22	3.842	3.857	3.813	3.825	548200	2101936.00
2025/05/23	3.827	3.848	3.778	3.847	653733	2488506.00
2025/05/26	3.862	3.885	3.799	3.828	915451	3512645.00
2025/05/27	3.813	3.828	3.743	3.793	339351	1283480.00
2025/05/28	3.778	3.860	3.700	3.818	344951	1310601.00
2025/05/29	3.808	3.835	3.778	3.825	584700	2225328.00
2025/05/30	3.827	3.830	3.785	3.810	222702	849743.00
2025/06/03	3.811	3.820	3.781	3.797	99414	378247.00
2025/06/04	3.787	3.865	3.787	3.820	275400	1052715.00
2025/06/05	3.821	3.846	3.814	3.840	923200	3536681.00
2025/06/06	3.837	3.920	3.819	3.919	316110	1215915.00
2025/06/09	3.925	4.023	3.879	3.915	519200	2043413.00
2025/06/10	3.913	3.978	3.881	3.956	437210	1720393.00
2025/06/11	3.940	4.351	3.916	3.992	673734	2688150.00
2025/06/12	3.992	4.071	3.976	4.001	429500	1721573.00
2025/06/13	4.017	4.017	3.985	4.008	239500	958670.00
2025/06/16	4.001	4.118	4.001	4.066	695200	2822962.00
2025/06/17	4.067	4.084	4.064	4.075	381551	1552796.00
2025/06/18	4.073	4.248	4.073	4.139	743306	3071402.00
2025/06/19	4.122	4.144	4.107	4.141	503953	2081007.00
2025/06/20	4.125	4.267	4.125	4.241	1440806	6086943.00
2025/06/23	4.247	4.353	4.166	4.201	840800	3529815.00
2025/06/24	4.184	4.218	4.039	4.151	919100	3776237.00
2025/06/25	4.145	4.145	4.079	4.085	477500	1960748.00
2025/06/26	4.083	4.097	4.053	4.063	306201	1245664.00
2025/06/27	4.075	4.080	3.984	3.991	303501	1214608.00
2025/06/30	3.973	4.033	3.972	4.032	783751	3135615.00
2025/07/01	4.015	4.135	4.014	4.122	795202	3253600.00
2025/07/02	4.121	4.170	4.121	4.148	248100	1030048.00
2025/07/03	4.148	4.174	4.094	4.147	546178	2257880.00
2025/07/04	4.140	4.141	4.108	4.108	264800	1091345.00
2025/07/07	4.106	4.106	4.054	4.083	274500	1119797.00
2025/07/08	4.149	4.149	4.003	4.018	423900	1712912.00
2025/07/09	4.018	4.018	3.968	4.008	693500	2763673.00
2025/07/10	4.008	4.034	3.968	4.029	584300	2348179.00
2025/07/11	4.026	4.067	3.997	3.997	403300	1628080.00
2025/07/14	3.981	4.084	3.979	4.057	347651	1405301.00
2025/07/15	4.070	4.105	4.049	4.062	614800	2503609.00
2025/07/16	4.046	4.150	4.025	4.146	460302	1881514.00
2025/07/17	4.129	4.148	4.090	4.100	193300	796133.00
2025/07/18	4.096	4.213	4.032	4.050	589200	2402387.00
2025/07/21	4.046	4.046	3.928	3.940	808200	3213890.00
2025/07/22	3.939	3.980	3.834	3.837	1090651	4216708.00
2025/07/23	3.850	3.852	3.734	3.804	2028217	7649876.00
2025/07/24	3.819	3.930	3.745	3.921	2672041	10157779.00
2025/07/25	3.919	3.919	3.812	3.876	1024871	3967435.00
2025/07/28	3.870	3.887	3.811	3.867	721012	2766803.00
2025/07/29	3.850	3.879	3.849	3.863	278000	1073364.00
2025/07/30	3.863	3.961	3.847	3.867	598922	2325661.00
2025/07/31	3.852	3.898	3.852	3.894	369600	1434624.00
2025/08/01	3.878	3.890	3.847	3.880	759902	2942166.00
2025/08/04	3.897	3.900	3.880	3.894	541400	2104934.00
2025/08/05	3.895	3.914	3.876	3.906	201022	783063.00
2025/08/06	3.918	4.000	3.914	3.999	681900	2685620.00
2025/08/07	3.982	4.040	3.951	3.992	392051	1562436.00
2025/08/08	3.976	4.123	3.911	3.992	422651	1670131.00
2025/08/11	3.976	4.008	3.940	3.963	175651	696347.00
2025/08/12	3.960	3.960	3.883	3.898	659900	2570444.00
2025/08/13	3.891	3.970	3.836	3.921	447400	1722164.00
2025/08/14	3.903	3.935	3.873	3.927	131986	513979.00
2025/08/15	3.911	3.934	3.895	3.911	105200	412038.00
2025/08/18	3.895	3.897	3.752	3.837	1469153	5578302.00
2025/08/19	3.819	3.876	3.773	3.851	349518	1333334.00
2025/08/20	3.833	3.960	3.833	3.923	486702	1906011.00
2025/08/21	3.905	3.954	3.855	3.920	440900	1714452.00
2025/08/22	3.902	3.959	3.880	3.928	403000	1572378.00
2025/08/25	3.910	3.950	3.895	3.948	673651	2643786.00
2025/08/26	3.931	4.005	3.916	3.996	755753	3006180.00
2025/08/27	3.978	4.078	3.965	4.026	719603	2889124.00
2025/08/28	4.023	4.085	3.969	3.989	377355	1509410.00
2025/08/29	3.988	4.005	3.945	3.973	248761	985878.00
2025/09/01	3.985	3.997	3.929	3.940	174500	687773.00
2025/09/02	3.922	3.964	3.922	3.950	297011	1170907.00
2025/09/03	3.979	4.022	3.924	4.020	614604	2448186.00
2025/09/04	4.021	4.053	3.976	4.048	626849	2523876.00
2025/09/05	4.038	4.147	4.038	4.085	2249110	9172558.00
2025/09/08	4.060	4.100	4.023	4.063	2482751	10077672.00
2025/09/09	4.058	4.097	4.058	4.067	2076479	8460576.00
2025/09/10	3.971	3.971	3.856	3.904	351298	1374465.00
2025/09/11	3.884	3.903	3.863	3.873	201700	780991.00
2025/09/12	3.873	3.873	3.815	3.837	214200	822911.00
2025/09/15	3.814	3.819	3.760	3.774	3011412	11365767.00
2025/09/16	3.757	3.841	3.735	3.817	680553	2576598.00
2025/09/17	3.799	3.868	3.786	3.832	837851	3204393.00
2025/09/18	3.814	3.906	3.797	3.815	734151	2819267.00
2025/09/19	3.816	3.816	3.780	3.785	315100	1193352.00
2025/09/22	3.781	3.827	3.761	3.782	709600	2682309.00
2025/09/23	3.782	3.782	3.760	3.773	132000	497387.00
2025/09/24	3.750	3.758	3.740	3.758	76503	287013.00
2025/09/25	3.758	3.765	3.749	3.750	84033	315442.00
2025/09/26	3.759	3.823	3.757	3.775	554000	2101557.00
2025/09/29	3.776	3.851	3.769	3.810	269500	1026239.00
2025/09/30	3.879	3.887	3.756	3.873	477665	1824709.00
2025/10/09	3.874	3.874	3.829	3.832	219300	842730.00
2025/10/10	3.832	3.880	3.792	3.843	283101	1091291.00
2025/10/13	3.843	3.850	3.832	3.834	30553	117457.00
2025/10/14	3.811	3.849	3.787	3.799	109400	415745.00
2025/10/15	3.782	3.806	3.776	3.779	54000	204214.00
2025/10/16	3.788	3.788	3.704	3.726	225800	840978.00
2025/10/17	3.739	3.739	3.688	3.725	65900	244023.00
2025/10/20	3.742	3.742	3.663	3.687	351111	1293185.00
2025/10/21	3.686	3.762	3.674	3.675	345951	1274637.00
2025/10/22	3.653	3.745	3.631	3.711	442153	1625865.00
2025/10/23	3.699	3.785	3.640	3.765	650850	2422434.00
2025/10/24	3.766	3.850	3.764	3.790	577486	2197819.00
2025/10/27	3.791	3.855	3.694	3.820	455002	1717244.00
2025/10/28	3.802	3.888	3.780	3.817	571920	2187454.00
2025/10/29	3.799	3.871	3.799	3.864	688337	2641660.00
2025/10/30	3.866	3.941	3.830	3.855	391937	1528395.00
2025/10/31	3.856	3.924	3.778	3.800	1176500	4478305.00
2025/11/03	3.798	3.866	3.735	3.780	899451	3408383.00
2025/11/04	3.763	3.830	3.715	3.743	630202	2359353.00
2025/11/05	3.759	3.809	3.709	3.791	475500	1789095.00
2025/11/06	3.793	3.854	3.681	3.684	474600	1776954.00
2025/11/07	3.678	3.727	3.675	3.703	331661	1227425.00
2025/11/10	3.720	3.720	3.650	3.671	737404	2712406.00
2025/11/11	3.679	3.715	3.669	3.692	254551	939954.00
2025/11/12	3.670	3.791	3.652	3.687	1109829	4124571.00
2025/11/13	3.672	3.749	3.662	3.665	708262	2613942.00
2025/11/14	3.665	3.730	3.657	3.695	499000	1843663.00
2025/11/17	3.696	3.740	3.653	3.721	438600	1631372.00
2025/11/18	3.704	3.759	3.691	3.756	223400	832966.00
2025/11/19	3.756	3.780	3.747	3.758	195600	735608.00
2025/11/20	3.741	3.774	3.715	3.737	195600	731589.00
2025/11/21	3.748	3.748	3.613	3.672	258900	954375.00
2025/11/24	3.669	3.715	3.530	3.544	1153500	4124018.00
2025/11/25	3.544	3.560	3.477	3.560	1097105	3875110.00
2025/11/26	3.554	3.650	3.554	3.648	839351	3036049.00
2025/11/27	3.649	3.719	3.629	3.648	285551	1045330.00
2025/11/28	3.649	3.692	3.629	3.629	473800	1726048.00
2025/12/01	3.630	3.673	3.560	3.580	196300	706012.00
2025/12/02	3.592	3.596	3.565	3.583	17600	63047.00
2025/12/03	3.566	3.625	3.547	3.616	554200	1996159.00
2025/12/04	3.616	3.678	3.509	3.548	980972	3496151.00
2025/12/05	3.532	3.549	3.512	3.547	296700	1049585.00
2025/12/08	3.547	3.547	3.430	3.468	670100	2319244.00
2025/12/09	3.451	3.481	3.370	3.425	876556	2990775.00
2025/12/10	3.425	3.526	3.372	3.518	1106421	3805292.00
2025/12/11	3.519	3.602	3.519	3.528	322129	1138031.00
2025/12/12	3.529	3.630	3.520	3.582	389708	1397410.00
2025/12/15	3.565	3.654	3.557	3.591	93400	334466.00
2025/12/16	3.606	3.625	3.526	3.624	220500	791355.00
2025/12/17	3.625	3.660	3.533	3.561	570500	2049502.00
2025/12/18	3.545	3.556	3.473	3.502	287051	1007170.00
2025/12/19	3.510	3.630	3.457	3.630	269300	938159.00
2025/12/22	3.613	3.663	3.613	3.661	216151	786887.00
2025/12/23	3.663	3.740	3.634	3.639	244951	901706.00
2025/12/24	3.622	3.705	3.595	3.649	1177508	4285779.00
2025/12/25	3.650	3.704	3.596	3.596	1154051	4185214.00
2025/12/26	3.589	3.621	3.531	3.540	762528	2717300.00
2025/12/29	3.522	3.543	3.481	3.512	931753	3275497.00
2025/12/30	3.511	3.570	3.475	3.542	768055	2717253.00
2025/12/31	3.543	3.640	3.493	3.636	754100	2651532.00
2026/01/05	3.619	3.710	3.575	3.680	1104900	4046570.00
2026/01/06	3.683	3.719	3.606	3.640	3574203	13041727.00
2026/01/07	3.640	3.695	3.597	3.654	3150798	11446257.00
2026/01/08	3.651	3.756	3.614	3.718	1841166	6798909.00
2026/01/09	3.716	3.737	3.608	3.675	1244388	4551112.00
2026/01/12	3.658	3.764	3.635	3.719	352053	1308371.00
2026/01/13	3.723	3.807	3.690	3.753	770961	2886458.00
2026/01/14	3.755	3.856	3.720	3.760	2128951	8033256.00
2026/01/15	3.766	3.776	3.700	3.724	903327	3373611.00
2026/01/16	3.707	3.769	3.700	3.730	881151	3284916.00
2026/01/19	3.736	3.785	3.728	3.765	720000	2698987.00
2026/01/20	3.769	3.852	3.766	3.791	2104500	8009510.00
2026/01/21	3.796	3.867	3.746	3.805	391328	1486725.00
2026/01/22	3.805	3.839	3.801	3.812	2192300	8390502.00
2026/01/23	3.794	3.890	3.771	3.866	1536473	5895446.00
2026/01/26	3.865	3.886	3.805	3.844	424800	1629169.00
2026/01/27	3.839	3.880	3.772	3.839	646500	2483038.00
2026/01/28	3.830	3.846	3.798	3.815	841754	3214894.00
2026/01/29	3.813	3.896	3.799	3.819	1830499	7052550.00
2026/01/30	3.830	3.858	3.793	3.800	415751	1589122.00
2026/02/02	3.800	3.828	3.758	3.807	457646	1738449.00
2026/02/03	3.813	3.813	3.779	3.800	682551	2587022.00
2026/02/04	3.811	3.888	3.770	3.815	640900	2449494.00
2026/02/05	3.819	3.876	3.771	3.825	545100	2074093.00
2026/02/06	3.825	3.828	3.785	3.805	93800	357316.00
2026/02/09	3.813	3.870	3.758	3.761	523500	1999037.00
2026/02/10	3.766	3.775	3.718	3.743	340500	1275340.00
2026/02/11	3.743	3.785	3.737	3.749	391002	1471152.00
2026/02/12	3.752	3.753	3.683	3.706	771751	2863306.00
2026/02/13	3.689	3.756	3.679	3.696	444702	1643839.00
2026/02/24	3.680	3.720	3.676	3.700	2805957	10397929.00
2026/02/25	3.690	3.810	3.690	3.757	285908	1065008.00
2026/02/26	3.759	3.766	3.730	3.756	94654	354363.00
2026/02/27	3.763	3.791	3.689	3.759	655002	2453007.00
2026/03/02	3.765	3.774	3.705	3.718	376700	1409934.00
2026/03/03	3.718	3.732	3.682	3.716	1640550	6082549.00
2026/03/04	3.718	3.755	3.679	3.703	495800	1835611.00
2026/03/05	3.706	3.724	3.646	3.679	782438	2896089.00
2026/03/06	3.683	3.683	3.630	3.633	483407	1761252.00
2026/03/09	3.635	3.666	3.578	3.607	681500	2455498.00
2026/03/10	3.607	3.700	3.606	3.685	1373400	5019769.00
2026/03/11	3.689	3.723	3.660	3.703	355200	1311377.00
2026/03/12	3.706	3.709	3.641	3.677	624300	2293620.00
2026/03/13	3.677	3.752	3.665	3.677	1174651	4334206.00
2026/03/16	3.686	3.729	3.667	3.668	527500	1943076.00
2026/03/17	3.684	3.725	3.684	3.704	473951	1757234.00
2026/03/18	3.719	3.719	3.681	3.692	1202100	4443261.00
2026/03/19	3.693	3.742	3.670	3.691	1005400	3729556.00
2026/03/20	3.699	3.720	3.661	3.689	785800	2897598.00
2026/03/23	3.693	3.709	3.652	3.652	176300	650742.00
2026/03/24	3.659	3.700	3.650	3.663	613800	2251822.00
2026/04/03	3.679	3.700	3.670	3.679	464500	1711453.00
#Ъ§ОнРДдД:ЭЈДяаХ
