508085 ЛЊЬЉЫежнКуЬЉзтСо ШеЯп ВЛИДШЈ
      ШеЦк	    ПЊХЬ	    зюИп	    зюЕЭ	    ЪеХЬ	    ГЩНЛСП	    ГЩНЛЖю
2025/05/21	3.554	3.554	3.554	3.554	1038147	3689574.00
2025/05/22	3.554	3.909	3.554	3.909	7822937	30575130.00
2025/05/23	3.920	4.299	3.909	4.178	25272180	103504704.00
2025/05/26	4.199	4.399	4.075	4.133	8042075	33290480.00
2025/05/27	4.129	4.129	4.000	4.068	10291665	41755608.00
2025/05/28	4.068	4.120	4.038	4.118	5637101	23124564.00
2025/05/29	4.118	4.160	4.096	4.115	3660052	15054615.00
2025/05/30	4.110	4.130	4.095	4.103	4147984	17023624.00
2025/06/03	4.094	4.110	4.090	4.096	2858153	11722021.00
2025/06/04	4.096	4.112	4.095	4.107	4076967	16723119.00
2025/06/05	4.108	4.118	4.095	4.102	2704808	11099216.00
2025/06/06	4.101	4.110	4.094	4.102	2624157	10765304.00
2025/06/09	4.103	4.103	4.090	4.095	3119589	12777528.00
2025/06/10	4.096	4.098	4.085	4.090	2965488	12129426.00
2025/06/11	4.089	4.094	4.075	4.086	1342281	5485239.00
2025/06/12	4.086	4.086	4.068	4.074	1499585	6106239.00
2025/06/13	4.075	4.087	4.060	4.085	1899598	7734340.00
2025/06/16	4.080	4.122	4.072	4.115	3773868	15473193.00
2025/06/17	4.125	4.220	4.104	4.220	3502690	14618824.00
2025/06/18	4.220	4.350	4.220	4.345	3503878	15022096.00
2025/06/19	4.344	4.380	4.285	4.363	5138979	22355668.00
2025/06/20	4.363	4.399	4.323	4.384	2480027	10826762.00
2025/06/23	4.384	4.394	4.360	4.370	1329910	5820663.00
2025/06/24	4.364	4.384	4.188	4.291	5924164	25382468.00
2025/06/25	4.271	4.308	4.206	4.257	1725996	7355417.00
2025/06/26	4.254	4.293	4.226	4.238	1831326	7792917.00
2025/06/27	4.230	4.234	4.170	4.198	3491725	14641442.00
2025/06/30	4.198	4.214	4.160	4.185	2136273	8919540.00
2025/07/01	4.186	4.188	4.162	4.179	885402	3697394.00
2025/07/02	4.179	4.309	4.179	4.280	2034622	8672906.00
2025/07/03	4.279	4.312	4.273	4.278	1484960	6373296.00
2025/07/04	4.284	4.320	4.249	4.315	1256058	5388106.00
2025/07/07	4.332	4.334	4.294	4.313	495661	2137947.00
2025/07/08	4.313	4.313	4.234	4.242	1454539	6183181.00
2025/07/09	4.235	4.293	4.194	4.210	1293160	5472639.00
2025/07/10	4.210	4.250	4.190	4.210	1151068	4848848.00
2025/07/11	4.218	4.250	4.205	4.226	488110	2055655.00
2025/07/14	4.234	4.244	4.209	4.211	513852	2166157.00
2025/07/15	4.211	4.290	4.205	4.235	904365	3845356.00
2025/07/16	4.236	4.244	4.222	4.239	290308	1229379.00
2025/07/17	4.239	4.254	4.222	4.235	827652	3507612.00
2025/07/18	4.244	4.248	4.197	4.200	1504977	6340702.00
2025/07/21	4.213	4.217	4.163	4.163	1436674	5997703.00
2025/07/22	4.175	4.175	4.092	4.098	1911856	7860207.00
2025/07/23	4.098	4.099	3.993	4.073	4460972	17956292.00
2025/07/24	4.078	4.078	4.031	4.046	1684607	6815750.00
2025/07/25	4.043	4.053	4.028	4.046	1073294	4340029.00
2025/07/28	4.062	4.128	4.047	4.125	889238	3642818.00
2025/07/29	4.127	4.132	4.094	4.103	1122629	4606295.00
2025/07/30	4.103	4.125	4.090	4.120	633091	2598770.00
2025/07/31	4.114	4.190	4.114	4.180	1726061	7195771.00
2025/08/01	4.164	4.197	4.160	4.170	1314309	5485050.00
2025/08/04	4.163	4.197	4.092	4.097	1028066	4247870.00
2025/08/05	4.103	4.115	4.055	4.113	996715	4083586.00
2025/08/06	4.097	4.129	4.070	4.115	506994	2086942.00
2025/08/07	4.115	4.145	4.104	4.121	531758	2196129.00
2025/08/08	4.121	4.121	4.100	4.112	333596	1371125.00
2025/08/11	4.104	4.104	4.070	4.085	1151385	4703504.00
2025/08/12	4.085	4.100	4.069	4.085	1062100	4334561.00
2025/08/13	4.085	4.085	4.057	4.058	1045602	4257430.00
2025/08/14	4.055	4.065	4.043	4.043	677886	2749462.00
2025/08/15	4.040	4.043	4.000	4.014	1331900	5345679.00
2025/08/18	4.004	4.013	3.840	3.863	4975446	19312708.00
2025/08/19	3.877	3.878	3.768	3.772	3624974	13711521.00
2025/08/20	3.772	3.826	3.769	3.771	3278403	12425286.00
2025/08/21	3.770	3.786	3.761	3.774	3202241	12073380.00
2025/08/22	3.784	3.784	3.760	3.766	3034158	11432513.00
2025/08/25	3.766	3.782	3.745	3.782	2791479	10484358.00
2025/08/26	3.782	3.920	3.782	3.917	2901257	11208250.00
2025/08/27	3.919	3.964	3.878	3.909	1821927	7164856.00
2025/08/28	3.909	3.911	3.851	3.900	1739142	6764732.00
2025/08/29	3.884	3.890	3.817	3.860	2898470	11184303.00
2025/09/01	3.854	3.854	3.814	3.851	1283646	4937351.00
2025/09/02	3.851	3.918	3.845	3.904	825820	3215731.00
2025/09/03	3.904	3.934	3.885	3.934	975149	3800892.00
2025/09/04	3.934	4.044	3.934	3.994	2676129	10653757.00
2025/09/05	3.980	3.990	3.945	3.959	1266697	5013228.00
2025/09/08	3.944	3.944	3.920	3.943	275641	1084071.00
2025/09/09	3.943	3.954	3.908	3.954	1493846	5879587.00
2025/09/10	3.944	3.953	3.910	3.950	1432822	5627542.00
2025/09/11	3.934	3.950	3.912	3.948	1497466	5881450.00
2025/09/12	3.934	3.947	3.921	3.944	951863	3746755.00
2025/09/15	3.934	3.944	3.920	3.935	829580	3262041.00
2025/09/16	3.932	3.932	3.916	3.930	676300	2654718.00
2025/09/17	3.929	3.931	3.920	3.926	105259	412987.00
2025/09/18	3.926	3.929	3.920	3.927	647170	2537803.00
2025/09/19	3.927	3.932	3.915	3.929	163447	641683.00
2025/09/22	3.915	3.928	3.910	3.920	829988	3254028.00
2025/09/23	3.914	3.924	3.908	3.920	413604	1619976.00
2025/09/24	3.915	3.934	3.910	3.916	242092	948094.00
2025/09/25	3.916	3.916	3.874	3.880	1746417	6788121.00
2025/09/26	3.880	3.887	3.864	3.885	405062	1570754.00
2025/09/29	3.885	3.887	3.851	3.851	1555281	6014971.00
2025/09/30	3.851	3.854	3.839	3.851	760586	2923583.00
2025/10/09	3.834	3.860	3.829	3.860	448368	1720500.00
2025/10/10	3.857	3.868	3.825	3.846	151820	584659.00
2025/10/13	3.830	3.833	3.800	3.814	418884	1600256.00
2025/10/14	3.811	3.811	3.798	3.799	899538	3418646.00
2025/10/15	3.800	3.800	3.760	3.770	884100	3342214.00
2025/10/16	3.782	3.782	3.745	3.747	815500	3066296.00
2025/10/17	3.746	3.763	3.698	3.742	1359601	5056120.00
2025/10/20	3.755	3.755	3.692	3.699	962308	3571555.00
2025/10/21	3.699	3.717	3.686	3.696	564779	2089707.00
2025/10/22	3.704	3.763	3.702	3.744	1327352	4953563.00
2025/10/23	3.744	3.774	3.744	3.768	795558	2991147.00
2025/10/24	3.774	3.828	3.755	3.828	815682	3105460.00
2025/10/27	3.834	3.834	3.796	3.800	333964	1270937.00
2025/10/28	3.814	3.866	3.813	3.845	1627055	6260884.00
2025/10/29	3.847	3.880	3.799	3.875	2220834	8568643.00
2025/10/30	3.860	3.864	3.822	3.864	1358134	5223865.00
2025/10/31	3.854	3.861	3.821	3.848	1532475	5881439.00
2025/11/03	3.850	3.853	3.799	3.822	913404	3489620.00
2025/11/04	3.814	3.814	3.782	3.811	1180901	4476289.00
2025/11/05	3.804	3.827	3.790	3.827	340909	1298113.00
2025/11/06	3.827	3.827	3.806	3.818	99857	380789.00
2025/11/07	3.800	3.823	3.800	3.810	143490	546893.00
2025/11/10	3.809	3.870	3.800	3.864	2015290	7761485.00
2025/11/11	3.865	3.891	3.840	3.883	881886	3419715.00
2025/11/12	3.885	3.899	3.854	3.889	515324	2004764.00
2025/11/13	3.884	3.900	3.874	3.884	86152	334495.00
2025/11/14	3.874	3.890	3.856	3.884	716456	2775913.00
2025/11/17	3.874	3.884	3.845	3.852	909202	3511166.00
2025/11/18	3.851	3.851	3.797	3.821	1112602	4250911.00
2025/11/19	3.821	3.821	3.804	3.820	153585	585895.00
2025/11/20	3.843	3.843	3.799	3.809	1863729	7089758.00
2025/11/21	3.786	3.809	3.746	3.751	260914	984443.00
2025/11/24	3.751	3.797	3.748	3.767	1328438	4995764.00
2025/11/25	3.767	3.799	3.751	3.767	1280815	4839187.00
2025/11/26	3.782	3.794	3.763	3.779	1169152	4420297.00
2025/11/27	3.780	3.800	3.739	3.797	547140	2067574.00
2025/11/28	3.797	3.797	3.774	3.793	155300	587516.00
2025/12/01	3.782	3.782	3.777	3.779	80650	304791.00
2025/12/02	3.756	3.759	3.748	3.753	442419	1660107.00
2025/12/03	3.730	3.768	3.700	3.758	356770	1337392.00
2025/12/04	3.758	3.758	3.722	3.745	266591	998319.00
2025/12/05	3.745	3.750	3.726	3.741	78202	292391.00
2025/12/08	3.743	3.749	3.690	3.716	345200	1284221.00
2025/12/09	3.715	3.715	3.687	3.711	275825	1021877.00
2025/12/10	3.711	3.748	3.699	3.730	626436	2335948.00
2025/12/11	3.730	3.776	3.720	3.750	184068	688172.00
2025/12/12	3.734	3.765	3.734	3.750	149625	561290.00
2025/12/15	3.734	3.764	3.671	3.698	1094254	4037016.00
2025/12/16	3.681	3.720	3.662	3.680	765161	2814256.00
2025/12/17	3.695	3.695	3.615	3.662	964800	3531775.00
2025/12/18	3.622	3.642	3.622	3.637	277978	1009460.00
2025/12/19	3.620	3.647	3.618	3.631	377971	1370195.00
2025/12/22	3.612	3.612	3.580	3.592	451722	1622248.00
2025/12/23	3.590	3.598	3.569	3.569	904470	3242034.00
2025/12/24	3.561	3.679	3.549	3.668	1702976	6205437.00
2025/12/25	3.660	3.740	3.649	3.688	675609	2498422.00
2025/12/26	3.703	3.715	3.680	3.680	345500	1276539.00
2025/12/29	3.671	3.671	3.645	3.660	268790	981222.00
2025/12/30	3.651	3.699	3.650	3.674	174123	641801.00
2025/12/31	3.660	3.682	3.630	3.634	473378	1727639.00
2026/01/05	3.634	3.688	3.634	3.659	494686	1812567.00
2026/01/06	3.674	3.724	3.674	3.724	968907	3593469.00
2026/01/07	3.723	3.759	3.708	3.759	515284	1925196.00
2026/01/08	3.743	3.811	3.710	3.789	954466	3594546.00
2026/01/09	3.774	3.818	3.710	3.727	1587096	5961860.00
2026/01/12	3.710	3.750	3.710	3.737	92502	345174.00
2026/01/13	3.707	3.747	3.707	3.734	474372	1768620.00
2026/01/14	3.720	3.742	3.715	3.742	805483	3002945.00
2026/01/15	3.742	3.742	3.711	3.726	479251	1782490.00
2026/01/16	3.725	3.727	3.713	3.725	127681	475530.00
2026/01/19	3.744	3.744	3.720	3.730	172587	643915.00
2026/01/20	3.729	3.774	3.729	3.754	803615	3018019.00
2026/01/21	3.769	3.801	3.738	3.792	664900	2515757.00
2026/01/22	3.803	3.847	3.793	3.837	782612	2992209.00
2026/01/23	3.859	3.875	3.799	3.868	978751	3764193.00
2026/01/26	3.852	3.856	3.770	3.828	277745	1060652.00
2026/01/27	3.811	3.825	3.781	3.814	263486	1000539.00
2026/01/28	3.796	3.829	3.796	3.812	462170	1762828.00
2026/01/29	3.810	3.836	3.789	3.831	863071	3303929.00
2026/01/30	3.814	3.846	3.793	3.804	567700	2161277.00
2026/02/02	3.781	3.781	3.749	3.772	266063	1001366.00
2026/02/03	3.779	3.779	3.766	3.772	253100	954595.00
2026/02/04	3.777	3.827	3.760	3.827	1008132	3854080.00
2026/02/05	3.827	3.827	3.797	3.797	152300	579240.00
2026/02/06	3.813	3.813	3.753	3.759	102939	387291.00
2026/02/09	3.751	3.760	3.745	3.748	92800	347979.00
2026/02/10	3.747	3.759	3.729	3.739	303400	1133395.00
2026/02/11	3.751	3.794	3.750	3.778	248738	939415.00
2026/02/12	3.777	3.778	3.765	3.772	79548	300012.00
2026/02/13	3.771	3.797	3.771	3.789	91848	347704.00
2026/02/24	3.761	3.798	3.751	3.763	168036	633369.00
2026/02/25	3.738	3.770	3.738	3.760	562053	2110678.00
2026/02/26	3.775	3.775	3.722	3.750	1148152	4289511.00
2026/02/27	3.749	3.749	3.688	3.698	1134640	4199225.00
2026/03/02	3.684	3.684	3.654	3.662	920500	3376500.00
2026/03/03	3.657	3.686	3.650	3.662	602710	2209881.00
2026/03/04	3.662	3.708	3.632	3.687	211650	775536.00
2026/03/05	3.692	3.721	3.676	3.688	243413	898960.00
2026/03/06	3.688	3.690	3.648	3.653	383704	1405349.00
2026/03/09	3.644	3.666	3.603	3.603	638111	2308272.00
2026/03/10	3.643	3.651	3.604	3.619	1069000	3867809.00
2026/03/11	3.619	3.634	3.585	3.634	757924	2734684.00
2026/03/12	3.633	3.635	3.570	3.612	1039245	3733566.00
2026/03/13	3.595	3.613	3.569	3.577	283921	1016339.00
2026/03/16	3.574	3.576	3.540	3.545	111241	394977.00
2026/03/17	3.560	3.560	3.528	3.533	316320	1117855.00
2026/03/18	3.534	3.544	3.521	3.544	449562	1586574.00
2026/03/19	3.519	3.574	3.519	3.565	526324	1874693.00
2026/03/20	3.549	3.577	3.539	3.564	736856	2615313.00
2026/03/23	3.569	3.569	3.503	3.503	343847	1208574.00
2026/03/24	3.503	3.518	3.487	3.507	186227	651658.00
2026/04/03	3.513	3.520	3.459	3.517	100400	352632.00
#Ъ§ОнРДдД:ЭЈДяаХ
