508012 еаЩЬПЦДДREIT ШеЯп ВЛИДШЈ
      ШеЦк	    ПЊХЬ	    зюИп	    зюЕЭ	    ЪеХЬ	    ГЩНЛСП	    ГЩНЛЖю
2024/12/31	3.208	3.230	3.177	3.223	5359930	17172180.00
2025/01/02	3.223	3.223	3.164	3.164	1131190	3609447.00
2025/01/03	3.163	3.220	3.160	3.200	1277814	4083268.00
2025/01/06	3.206	3.220	3.182	3.190	618225	1976934.00
2025/01/07	3.189	3.199	3.170	3.185	287119	915360.00
2025/01/08	3.181	3.199	3.181	3.199	195806	625073.00
2025/01/09	3.199	3.201	3.190	3.199	279147	892675.00
2025/01/10	3.192	3.205	3.192	3.201	388635	1243192.00
2025/01/13	3.200	3.200	3.192	3.198	59031	188582.00
2025/01/14	3.186	3.193	3.165	3.173	370048	1176622.00
2025/01/15	3.166	3.178	3.166	3.178	163933	520328.00
2025/01/16	3.172	3.185	3.172	3.179	83718	266147.00
2025/01/17	3.173	3.188	3.172	3.183	69774	221785.00
2025/01/20	3.179	3.186	3.174	3.185	202333	643730.00
2025/01/21	3.192	3.192	3.183	3.186	90592	288635.00
2025/01/22	3.175	3.195	3.175	3.191	157991	503480.00
2025/01/23	3.189	3.194	3.179	3.194	163143	519648.00
2025/01/24	3.194	3.210	3.188	3.210	631298	2020253.00
2025/01/27	3.213	3.263	3.213	3.239	2128674	6878187.00
2025/02/05	3.229	3.250	3.212	3.239	718717	2327736.00
2025/02/06	3.216	3.246	3.216	3.237	711273	2299179.00
2025/02/07	3.237	3.237	3.216	3.233	340155	1097784.00
2025/02/10	3.223	3.270	3.218	3.261	2456903	7986006.00
2025/02/11	3.262	3.364	3.260	3.332	1852277	6132627.00
2025/02/12	3.332	3.430	3.332	3.395	4933131	16702270.00
2025/02/13	3.394	3.395	3.355	3.360	1225339	4137343.00
2025/02/14	3.355	3.380	3.320	3.370	1523404	5121774.00
2025/02/17	3.371	3.398	3.336	3.370	2297681	7749478.00
2025/02/18	3.368	3.388	3.336	3.346	1148876	3861619.00
2025/02/19	3.330	3.349	3.326	3.336	1127506	3759858.00
2025/02/20	3.330	3.350	3.330	3.345	1293717	4324030.00
2025/02/21	3.345	3.367	3.338	3.355	1211832	4057152.00
2025/02/24	3.367	3.367	3.316	3.316	1370275	4568281.00
2025/02/25	3.316	3.330	3.230	3.269	2072967	6773641.00
2025/02/26	3.263	3.299	3.241	3.257	607329	1985169.00
2025/02/27	3.250	3.252	3.201	3.214	903194	2911252.00
2025/02/28	3.201	3.230	3.167	3.194	824416	2622579.00
2025/03/03	3.212	3.227	3.165	3.214	824604	2650695.00
2025/03/04	3.214	3.264	3.200	3.260	1462271	4758382.00
2025/03/05	3.243	3.294	3.234	3.281	759806	2491088.00
2025/03/06	3.281	3.296	3.277	3.284	958604	3148865.00
2025/03/07	3.290	3.290	3.253	3.264	534730	1747508.00
2025/03/10	3.240	3.275	3.230	3.275	148955	486218.00
2025/03/11	3.276	3.276	3.262	3.271	666157	2178089.00
2025/03/12	3.248	3.267	3.248	3.260	199253	650080.00
2025/03/13	3.250	3.264	3.249	3.260	42516	138539.00
2025/03/14	3.257	3.268	3.236	3.268	174231	567665.00
2025/03/17	3.251	3.261	3.250	3.258	97897	318517.00
2025/03/18	3.259	3.259	3.234	3.240	624388	2022250.00
2025/03/19	3.233	3.258	3.233	3.252	935762	3031960.00
2025/03/20	3.255	3.260	3.239	3.250	1192273	3874643.00
2025/03/21	3.246	3.246	3.233	3.244	296097	958914.00
2025/03/24	3.245	3.249	3.230	3.243	145002	468981.00
2025/03/25	3.244	3.250	3.237	3.237	846399	2745227.00
2025/03/26	3.244	3.244	3.229	3.240	538346	1743787.00
2025/03/27	3.232	3.282	3.230	3.243	1348723	4375617.00
2025/03/28	3.243	3.270	3.240	3.254	1772876	5759982.00
2025/03/31	3.250	3.256	3.239	3.245	721787	2342591.00
2025/04/01	3.245	3.245	3.207	3.222	1173826	3784622.00
2025/04/02	3.214	3.223	3.214	3.223	792799	2553106.00
2025/04/03	3.209	3.228	3.209	3.223	1360936	4384217.00
2025/04/07	3.209	3.243	3.177	3.186	1722075	5484914.00
2025/04/08	3.186	3.219	3.170	3.213	625915	1989732.00
2025/04/09	3.213	3.213	3.177	3.188	784056	2496270.00
2025/04/10	3.190	3.229	3.180	3.219	287549	921793.00
2025/04/11	3.204	3.232	3.204	3.230	482677	1555685.00
2025/04/14	3.211	3.235	3.211	3.235	106507	343755.00
2025/04/15	3.221	3.243	3.221	3.240	256151	828696.00
2025/04/16	3.228	3.244	3.227	3.236	291814	945503.00
2025/04/17	3.234	3.242	3.234	3.242	625983	2028156.00
2025/04/18	3.242	3.246	3.208	3.226	278348	899478.00
2025/04/21	3.226	3.226	3.207	3.213	304102	976804.00
2025/04/22	3.213	3.220	3.200	3.212	429482	1377534.00
2025/04/23	3.212	3.215	3.208	3.214	158396	508683.00
2025/04/24	3.204	3.217	3.204	3.207	59300	190492.00
2025/04/25	3.207	3.220	3.206	3.220	227462	730858.00
2025/04/28	3.220	3.220	3.196	3.209	485138	1555113.00
2025/04/29	3.209	3.230	3.192	3.202	762626	2444795.00
2025/04/30	3.206	3.219	3.198	3.204	271349	869585.00
2025/05/06	3.198	3.217	3.180	3.209	803641	2566314.00
2025/05/07	3.206	3.227	3.191	3.221	898991	2894587.00
2025/05/08	3.224	3.233	3.209	3.223	72300	232591.00
2025/05/09	3.211	3.238	3.211	3.236	480454	1552298.00
2025/05/12	3.228	3.236	3.210	3.228	1007036	3241340.00
2025/05/13	3.215	3.244	3.215	3.234	793884	2561662.00
2025/05/14	3.233	3.235	3.223	3.235	182085	587626.00
2025/05/15	3.236	3.236	3.225	3.225	192200	620987.00
2025/05/16	3.229	3.230	3.215	3.220	358260	1154952.00
2025/05/19	3.217	3.243	3.217	3.240	374634	1211684.00
2025/05/20	3.250	3.280	3.240	3.279	1203469	3919695.00
2025/05/21	3.280	3.382	3.280	3.381	3111440	10437500.00
2025/05/22	3.381	3.382	3.345	3.366	1650458	5565727.00
2025/05/23	3.366	3.374	3.360	3.363	1094433	3684575.00
2025/05/26	3.330	3.330	3.226	3.232	1097211	3565104.00
2025/05/27	3.219	3.259	3.210	3.231	302341	978916.00
2025/05/28	3.219	3.237	3.219	3.234	142100	459166.00
2025/05/29	3.224	3.235	3.224	3.231	367929	1188697.00
2025/05/30	3.240	3.272	3.230	3.235	505694	1640251.00
2025/06/03	3.231	3.250	3.225	3.242	291717	944777.00
2025/06/04	3.245	3.250	3.238	3.246	174403	565577.00
2025/06/05	3.246	3.258	3.240	3.243	315500	1024374.00
2025/06/06	3.250	3.295	3.245	3.277	450225	1473945.00
2025/06/09	3.271	3.284	3.254	3.254	349900	1142823.00
2025/06/10	3.246	3.280	3.239	3.240	169749	552099.00
2025/06/11	3.239	3.249	3.239	3.248	274555	891254.00
2025/06/12	3.248	3.274	3.240	3.266	201196	655504.00
2025/06/13	3.254	3.276	3.254	3.265	377295	1231868.00
2025/06/16	3.265	3.285	3.256	3.260	640992	2095131.00
2025/06/17	3.260	3.284	3.260	3.275	614033	2012421.00
2025/06/18	3.283	3.298	3.274	3.290	369833	1215449.00
2025/06/19	3.299	3.299	3.271	3.275	1733639	5679876.00
2025/06/20	3.281	3.281	3.260	3.275	1257833	4108048.00
2025/06/23	3.285	3.285	3.268	3.273	734203	2402267.00
2025/06/24	3.270	3.283	3.258	3.266	1044900	3409632.00
2025/06/25	3.260	3.275	3.260	3.267	391299	1280211.00
2025/06/26	3.267	3.277	3.267	3.275	344152	1126035.00
2025/06/27	3.271	3.276	3.255	3.270	746872	2438184.00
2025/06/30	3.268	3.273	3.258	3.269	391667	1278072.00
2025/07/01	3.260	3.270	3.260	3.268	196449	641780.00
2025/07/02	3.270	3.299	3.270	3.298	355764	1170638.00
2025/07/03	3.298	3.298	3.275	3.296	338500	1113134.00
2025/07/04	3.284	3.300	3.284	3.294	234359	770665.00
2025/07/07	3.290	3.296	3.290	3.290	96299	317073.00
2025/07/08	3.288	3.288	3.267	3.286	366382	1201770.00
2025/07/09	3.273	3.277	3.250	3.271	545000	1778737.00
2025/07/10	3.260	3.274	3.258	3.270	343449	1120982.00
2025/07/11	3.267	3.280	3.258	3.275	124738	407347.00
2025/07/14	3.279	3.332	3.279	3.322	2106563	6984141.00
2025/07/15	3.310	3.391	3.297	3.375	1296444	4348729.00
2025/07/16	3.364	3.410	3.351	3.410	550482	1865972.00
2025/07/17	3.400	3.408	3.361	3.395	978352	3310035.00
2025/07/18	3.385	3.386	3.360	3.375	1160633	3914401.00
2025/07/21	3.362	3.430	3.362	3.415	697715	2370203.00
2025/07/22	3.425	3.443	3.395	3.430	3634073	12456409.00
2025/07/23	3.416	3.432	3.380	3.412	1447110	4920961.00
2025/07/24	3.411	3.452	3.395	3.449	1101646	3768202.00
2025/07/25	3.435	3.515	3.401	3.503	929737	3212027.00
2025/07/28	3.500	3.558	3.489	3.547	668524	2363987.00
2025/07/29	3.545	3.545	3.519	3.522	713800	2524244.00
2025/07/30	3.508	3.580	3.499	3.574	2142470	7599182.00
2025/07/31	3.575	3.630	3.574	3.625	1152671	4155848.00
2025/08/01	3.628	3.628	3.568	3.620	595800	2157850.00
2025/08/04	3.620	3.675	3.620	3.646	1050600	3835783.00
2025/08/05	3.645	3.645	3.596	3.630	1137674	4118707.00
2025/08/06	3.615	3.683	3.571	3.675	1199433	4373314.00
2025/08/07	3.660	3.700	3.616	3.667	552571	2016132.00
2025/08/08	3.652	3.685	3.600	3.685	301521	1105706.00
2025/08/11	3.685	3.685	3.655	3.660	784415	2870668.00
2025/08/12	3.660	3.660	3.587	3.599	341500	1235689.00
2025/08/13	3.585	3.609	3.557	3.572	816033	2923555.00
2025/08/14	3.560	3.655	3.560	3.619	600791	2172355.00
2025/08/15	3.605	3.666	3.580	3.630	455179	1649270.00
2025/08/18	3.620	3.634	3.508	3.520	1597049	5674394.00
2025/08/19	3.520	3.541	3.444	3.529	612549	2142867.00
2025/08/20	3.540	3.666	3.509	3.586	1684216	5986638.00
2025/08/21	3.557	3.612	3.557	3.586	1023833	3673788.00
2025/08/22	3.572	3.600	3.501	3.588	1070833	3825873.00
2025/08/25	3.565	3.641	3.565	3.593	938566	3374565.00
2025/08/26	3.593	3.675	3.583	3.601	3267486	11786640.00
2025/08/27	3.579	3.593	3.569	3.582	349326	1250596.00
2025/08/28	3.565	3.597	3.565	3.583	574191	2054815.00
2025/08/29	3.599	3.599	3.556	3.583	165300	591319.00
2025/09/01	3.582	3.588	3.563	3.584	298034	1067775.00
2025/09/02	3.584	3.594	3.570	3.584	1377351	4936765.00
2025/09/03	3.571	3.597	3.566	3.582	2870370	10285184.00
2025/09/04	3.543	3.596	3.543	3.585	2317500	8303549.00
2025/09/05	3.585	3.591	3.564	3.585	1337800	4790424.00
2025/09/08	3.565	3.579	3.545	3.564	1774000	6319580.00
2025/09/09	3.543	3.565	3.543	3.564	390882	1391201.00
2025/09/10	3.575	3.575	3.549	3.559	511936	1818327.00
2025/09/11	3.555	3.559	3.542	3.549	129655	459938.00
2025/09/12	3.549	3.549	3.520	3.521	634800	2240186.00
2025/09/15	3.502	3.521	3.493	3.504	1122785	3930840.00
2025/09/16	3.505	3.505	3.503	3.504	331533	1161949.00
2025/09/17	3.504	3.504	3.493	3.503	14934	52246.00
2025/09/18	3.502	3.503	3.502	3.503	7800	27323.00
2025/09/19	3.503	3.503	3.465	3.485	888200	3094839.00
2025/09/22	3.485	3.485	3.443	3.475	576479	1987642.00
2025/09/23	3.473	3.473	3.441	3.460	92600	320464.00
2025/09/24	3.460	3.460	3.448	3.458	39000	134837.00
2025/09/25	3.455	3.455	3.434	3.451	46739	161039.00
2025/09/26	3.450	3.450	3.430	3.444	474120	1628033.00
2025/09/29	3.453	3.453	3.430	3.443	47468	163333.00
2025/09/30	3.424	3.443	3.424	3.440	130600	449122.00
2025/10/09	3.430	3.440	3.427	3.440	32836	112569.00
2025/10/10	3.420	3.441	3.390	3.440	101500	347320.00
2025/10/13	3.447	3.457	3.419	3.441	427749	1471882.00
2025/10/14	3.441	3.457	3.416	3.430	193100	661664.00
2025/10/15	3.409	3.429	3.406	3.423	220472	751966.00
2025/10/16	3.422	3.423	3.396	3.423	129849	441713.00
2025/10/17	3.434	3.434	3.392	3.422	55967	190838.00
2025/10/20	3.415	3.433	3.367	3.375	462049	1563992.00
2025/10/21	3.385	3.385	3.356	3.375	53733	180772.00
2025/10/22	3.355	3.367	3.344	3.365	72300	242780.00
2025/10/23	3.346	3.378	3.345	3.358	96800	324856.00
2025/10/24	3.356	3.358	3.331	3.356	109433	366201.00
2025/10/27	3.353	3.353	3.261	3.285	1033013	3394484.00
2025/10/28	3.286	3.286	3.234	3.251	927934	3013891.00
2025/10/29	3.236	3.249	3.225	3.235	1379049	4452828.00
2025/10/30	3.236	3.250	3.179	3.201	1647400	5274444.00
2025/10/31	3.182	3.212	3.182	3.197	802900	2565280.00
2025/11/03	3.200	3.200	3.180	3.194	338482	1079243.00
2025/11/04	3.175	3.194	3.169	3.172	338700	1075346.00
2025/11/05	3.168	3.168	3.113	3.121	889379	2780183.00
2025/11/06	3.131	3.131	3.100	3.112	396600	1232366.00
2025/11/07	3.101	3.135	3.101	3.128	132700	415172.00
2025/11/10	3.133	3.150	3.101	3.123	457522	1427649.00
2025/11/11	3.142	3.144	3.121	3.130	250255	782905.00
2025/11/12	3.141	3.143	3.126	3.134	225400	705646.00
2025/11/13	3.130	3.131	3.119	3.126	392622	1227116.00
2025/11/14	3.132	3.136	3.127	3.134	134433	420967.00
2025/11/17	3.135	3.138	3.128	3.131	87300	273247.00
2025/11/18	3.121	3.162	3.121	3.160	319000	1000262.00
2025/11/19	3.160	3.172	3.116	3.128	634852	1985736.00
2025/11/20	3.109	3.128	3.100	3.110	292000	906895.00
2025/11/21	3.100	3.139	2.881	3.099	387500	1196338.00
2025/11/24	3.099	3.103	3.065	3.085	262600	809251.00
2025/11/25	3.085	3.091	3.068	3.074	242474	745184.00
2025/11/26	3.068	3.068	3.015	3.044	111700	340057.00
2025/11/27	3.027	3.042	3.027	3.039	707600	2147807.00
2025/11/28	3.056	3.056	3.010	3.028	495716	1496358.00
2025/12/01	3.039	3.039	3.001	3.006	613600	1842053.00
2025/12/02	3.015	3.052	2.996	3.003	61700	185245.00
2025/12/03	3.009	3.009	2.995	2.999	39100	117230.00
2025/12/04	2.998	3.000	2.990	2.997	502900	1506799.00
2025/12/05	2.985	2.985	2.960	2.975	235049	697891.00
2025/12/08	2.975	3.002	2.893	2.960	2622504	7668464.00
2025/12/09	2.965	2.965	2.910	2.919	408900	1196745.00
2025/12/10	2.960	2.963	2.923	2.925	483001	1414608.00
2025/12/11	2.940	2.940	2.917	2.926	247300	723611.00
2025/12/12	2.929	2.930	2.920	2.927	273700	801274.00
2025/12/15	2.927	2.927	2.880	2.904	871467	2523664.00
2025/12/16	2.904	2.904	2.881	2.892	329468	950092.00
2025/12/17	2.855	2.886	2.855	2.880	815100	2347457.00
2025/12/18	2.878	2.878	2.849	2.867	517883	1481158.00
2025/12/19	2.867	2.867	2.843	2.855	453600	1293956.00
2025/12/22	2.883	2.883	2.855	2.866	133000	380152.00
2025/12/23	2.880	2.881	2.823	2.878	529973	1505287.00
2025/12/24	2.878	2.916	2.826	2.915	794433	2286339.00
2025/12/25	2.913	2.941	2.895	2.938	167600	490755.00
2025/12/26	2.938	2.968	2.913	2.922	98900	289954.00
2025/12/29	2.919	2.919	2.895	2.915	72900	211861.00
2025/12/30	2.883	2.912	2.877	2.909	79383	230322.00
2025/12/31	2.911	2.911	2.881	2.900	72449	209763.00
2026/01/05	2.902	2.943	2.897	2.938	151897	442233.00
2026/01/06	2.959	2.999	2.938	2.997	512066	1519882.00
2026/01/07	2.997	3.072	2.989	3.060	655749	1984150.00
2026/01/08	3.061	3.127	3.038	3.124	602282	1865982.00
2026/01/09	3.122	3.144	3.066	3.081	683266	2114650.00
2026/01/12	3.072	3.092	3.019	3.084	701698	2152903.00
2026/01/13	3.045	3.086	3.045	3.075	334300	1025668.00
2026/01/14	3.072	3.100	3.071	3.100	194468	599255.00
2026/01/15	3.081	3.092	3.059	3.060	469800	1441366.00
2026/01/16	3.056	3.125	3.056	3.105	729383	2258663.00
2026/01/19	3.124	3.138	3.084	3.103	704273	2182539.00
2026/01/20	3.103	3.108	3.086	3.099	1131100	3499219.00
2026/01/21	3.099	3.169	3.079	3.146	1319003	4092814.00
2026/01/22	3.127	3.192	3.127	3.180	784038	2492029.00
2026/01/23	3.161	3.236	3.154	3.197	2039600	6529708.00
2026/01/26	3.196	3.244	3.149	3.152	494866	1577655.00
2026/01/27	3.148	3.149	3.115	3.115	285412	894853.00
2026/01/28	3.142	3.142	3.112	3.112	310200	966193.00
2026/01/29	3.118	3.188	3.115	3.187	1156033	3634042.00
2026/01/30	3.169	3.230	3.158	3.183	126400	403188.00
2026/02/02	3.145	3.174	3.138	3.161	103500	325618.00
2026/02/03	3.136	3.162	3.136	3.161	137500	434472.00
2026/02/04	3.173	3.232	3.173	3.210	380472	1218219.00
2026/02/05	3.238	3.238	3.158	3.159	694400	2225060.00
2026/02/06	3.123	3.150	3.123	3.140	64700	203104.00
2026/02/09	3.121	3.149	3.115	3.116	57833	180927.00
2026/02/10	3.116	3.130	3.105	3.129	44200	137958.00
2026/02/11	3.129	3.163	3.129	3.162	83200	262441.00
2026/02/12	3.144	3.148	3.122	3.122	173000	541591.00
2026/02/13	3.110	3.124	3.108	3.117	31100	97046.00
2026/02/24	3.117	3.123	3.103	3.109	39149	121713.00
2026/02/25	3.095	3.115	3.091	3.101	35909	111518.00
2026/02/26	3.090	3.093	3.063	3.063	68000	208817.00
2026/02/27	3.053	3.072	3.030	3.054	106600	325565.00
2026/03/02	3.060	3.060	3.004	3.006	285000	859344.00
2026/03/03	3.016	3.016	3.003	3.005	81841	246321.00
2026/03/04	3.005	3.005	2.974	2.981	303400	905761.00
2026/03/05	2.989	2.989	2.957	2.968	415700	1233454.00
2026/03/06	2.968	2.968	2.906	2.922	335949	982182.00
2026/03/09	2.922	2.927	2.880	2.917	496200	1435936.00
2026/03/10	2.905	2.967	2.905	2.925	600500	1759831.00
2026/03/11	2.921	2.954	2.899	2.926	1124700	3283953.00
2026/03/12	2.931	2.942	2.925	2.933	172741	505920.00
2026/03/13	2.933	2.933	2.905	2.931	329800	962814.00
2026/03/16	2.910	2.915	2.874	2.887	209133	604231.00
2026/03/17	2.873	2.906	2.872	2.882	64000	184835.00
2026/03/18	2.906	2.906	2.867	2.888	466000	1339035.00
2026/03/19	2.888	2.920	2.882	2.896	381500	1103195.00
2026/03/20	2.873	2.905	2.873	2.893	137300	396937.00
2026/03/23	2.893	2.893	2.872	2.883	67000	193027.00
2026/03/24	2.873	2.881	2.873	2.881	19700	56686.00
2026/04/03	2.931	3.020	2.915	3.007	476915	1410409.00
#Ъ§ОнРДдД:ЭЈДяаХ
