508007 ЦРЅрЙЅ¶«ёЯЛЩREIT ИХПЯ І»ёґИЁ
      ИХЖЪ	    їЄЕМ	    ЧоёЯ	    ЧоµН	    КХЕМ	    іЙЅ»Бї	    іЙЅ»¶о
2023/10/27	7.471	7.490	7.470	7.490	4441644	33215592.00
2023/10/30	7.488	7.488	7.460	7.475	1216128	9081153.00
2023/10/31	7.470	7.474	7.462	7.470	436763	3260180.00
2023/11/01	7.470	7.470	7.320	7.396	2908676	21363228.00
2023/11/02	7.400	7.400	7.272	7.351	884441	6470692.00
2023/11/03	7.311	7.360	7.277	7.359	538031	3933856.00
2023/11/06	7.319	7.319	7.284	7.305	397290	2898233.00
2023/11/07	7.305	7.305	7.201	7.214	234489	1692060.00
2023/11/08	7.220	7.220	7.140	7.209	385756	2770980.00
2023/11/09	7.200	7.200	7.150	7.183	197273	1418636.00
2023/11/10	7.179	7.179	7.147	7.148	194444	1390867.00
2023/11/13	7.145	7.169	7.120	7.151	103701	741694.00
2023/11/14	7.150	7.162	7.150	7.162	124376	890232.00
2023/11/15	7.162	7.162	7.092	7.110	253439	1805247.00
2023/11/16	7.110	7.110	7.071	7.071	185664	1318395.00
2023/11/17	7.068	7.068	6.980	7.014	380735	2667818.00
2023/11/20	6.975	6.975	6.890	6.899	288145	2004307.00
2023/11/21	6.897	6.897	6.750	6.800	504816	3431157.00
2023/11/22	6.770	6.770	6.702	6.716	194191	1303242.00
2023/11/23	6.716	6.716	6.530	6.606	582546	3843104.00
2023/11/24	6.590	6.590	6.460	6.483	393636	2558343.00
2023/11/27	6.450	6.450	6.296	6.347	283534	1800612.00
2023/11/28	6.307	6.500	6.307	6.500	239862	1549346.00
2023/11/29	6.500	6.529	6.500	6.529	288755	1882073.00
2023/11/30	6.529	6.529	6.476	6.500	238596	1547855.00
2023/12/01	6.470	6.480	6.462	6.476	190634	1234821.00
2023/12/04	6.477	6.549	6.477	6.488	245323	1590753.00
2023/12/05	6.494	6.529	6.400	6.430	298092	1933660.00
2023/12/06	6.400	6.420	6.381	6.388	165196	1056292.00
2023/12/07	6.387	6.387	6.380	6.383	176054	1124188.00
2023/12/08	6.384	6.385	6.330	6.355	174998	1108458.00
2023/12/11	6.355	6.590	6.355	6.590	320787	2055953.00
2023/12/12	6.550	6.599	6.320	6.578	549488	3572057.00
2023/12/13	6.526	6.590	6.329	6.590	654067	4267019.00
2023/12/14	6.550	6.610	6.550	6.610	204044	1343837.00
2023/12/15	6.573	6.650	6.573	6.650	152742	1010584.00
2023/12/18	6.622	6.790	6.622	6.725	199623	1353977.00
2023/12/19	6.700	6.819	6.700	6.812	235709	1605349.00
2023/12/20	6.778	6.872	6.778	6.868	153908	1057252.00
2023/12/21	6.890	7.027	6.890	7.000	406461	2830865.00
2023/12/22	7.001	7.106	6.919	7.090	665532	4680830.00
2023/12/25	7.088	7.127	7.050	7.120	379203	2684491.00
2023/12/26	6.717	6.717	6.345	6.522	317452	2061271.00
2023/12/27	6.510	6.510	6.382	6.451	104978	676618.00
2023/12/28	6.450	6.475	6.390	6.452	226634	1461510.00
2023/12/29	6.452	6.530	6.412	6.526	323855	2089587.00
2024/01/02	6.500	6.500	6.450	6.450	333460	2156033.00
2024/01/03	6.441	6.441	6.316	6.322	295579	1889836.00
2024/01/04	6.322	6.322	6.201	6.251	157938	985743.00
2024/01/05	6.251	6.260	6.220	6.239	149776	934938.00
2024/01/08	6.239	6.300	6.239	6.282	212067	1334343.00
2024/01/09	6.282	6.341	6.261	6.340	92129	581940.00
2024/01/10	6.340	6.445	6.340	6.445	391353	2513805.00
2024/01/11	6.445	6.639	6.445	6.635	341881	2244130.00
2024/01/12	6.650	6.712	6.526	6.541	181181	1196956.00
2024/01/15	6.530	6.530	6.350	6.497	252256	1620907.00
2024/01/16	6.478	6.500	6.400	6.463	309899	2000070.00
2024/01/17	6.477	6.600	6.448	6.583	212777	1385712.00
2024/01/18	6.594	6.594	6.420	6.484	183007	1193059.00
2024/01/19	6.444	6.476	6.421	6.427	144872	934228.00
2024/01/22	6.412	6.434	6.410	6.428	99380	638201.00
2024/01/23	6.400	6.400	6.368	6.393	47739	304821.00
2024/01/24	6.390	6.398	6.303	6.397	75356	479343.00
2024/01/25	6.376	6.410	6.357	6.409	148672	951403.00
2024/01/26	6.419	6.424	6.410	6.420	88422	567332.00
2024/01/29	6.420	6.550	6.420	6.544	307266	1990330.00
2024/01/30	6.524	6.548	6.524	6.548	115350	754106.00
2024/01/31	6.549	6.665	6.508	6.644	561919	3690016.00
2024/02/01	6.604	6.703	6.604	6.675	579507	3854711.00
2024/02/02	6.669	6.741	6.665	6.687	515674	3450169.00
2024/02/05	6.647	6.737	6.647	6.687	254359	1704028.00
2024/02/06	6.685	6.709	6.656	6.656	225556	1507610.00
2024/02/07	6.656	6.747	6.543	6.678	673479	4461347.00
2024/02/08	6.678	6.750	6.670	6.706	209742	1403400.00
2024/02/19	6.715	6.860	6.704	6.850	229863	1552603.00
2024/02/20	6.860	6.918	6.810	6.888	384154	2650158.00
2024/02/21	6.888	6.925	6.870	6.889	589115	4065249.00
2024/02/22	6.874	6.979	6.874	6.941	862519	5975150.00
2024/02/23	6.941	6.966	6.880	6.930	882714	6118845.00
2024/02/26	6.903	7.123	6.903	6.967	1750232	12235251.00
2024/02/27	6.965	6.965	6.939	6.945	733966	5097644.00
2024/02/28	6.905	6.943	6.870	6.918	848781	5871799.00
2024/02/29	6.904	6.961	6.878	6.929	782158	5415835.00
2024/03/01	6.979	6.998	6.902	6.948	1086128	7554050.00
2024/03/04	6.914	7.100	6.914	7.057	1405770	9872715.00
2024/03/05	7.043	7.230	7.043	7.150	1738460	12464217.00
2024/03/06	7.126	7.250	7.114	7.158	1640258	11787621.00
2024/03/07	7.158	7.200	7.091	7.162	1134859	8101442.00
2024/03/08	7.185	7.250	7.100	7.150	1799776	12863349.00
2024/03/11	7.143	7.238	7.077	7.149	1751413	12524237.00
2024/03/12	7.149	7.200	7.080	7.103	1749924	12429310.00
2024/03/13	7.080	7.172	7.021	7.057	1611497	11421221.00
2024/03/14	7.041	7.175	6.981	7.141	1877038	13283602.00
2024/03/15	7.141	7.188	7.082	7.100	1587307	11271550.00
2024/03/18	7.116	7.166	7.040	7.101	1679931	11926371.00
2024/03/19	7.101	7.137	7.034	7.069	1425186	10077753.00
2024/03/20	7.069	7.083	6.990	7.029	1612573	11349527.00
2024/03/21	7.000	7.054	6.900	6.914	1436780	10016722.00
2024/03/22	6.905	6.967	6.860	6.895	1229370	8489140.00
2024/03/25	6.871	6.952	6.850	6.927	1481309	10197642.00
2024/03/26	6.954	6.978	6.887	6.974	1609880	11166850.00
2024/03/27	6.970	7.118	6.970	7.021	1510267	10616508.00
2024/03/28	7.021	7.033	6.999	7.009	1347992	9461437.00
2024/03/29	7.009	7.069	7.009	7.025	1484418	10424702.00
2024/04/01	7.025	7.080	7.020	7.080	1604318	11298811.00
2024/04/02	7.059	7.100	6.981	7.098	2050064	14458772.00
2024/04/03	7.070	7.203	7.059	7.180	3025910	21570820.00
2024/04/08	7.180	7.249	7.150	7.222	2116106	15245251.00
2024/04/09	7.221	7.249	7.221	7.241	2025911	14670360.00
2024/04/10	7.241	7.249	7.200	7.234	1652758	11938563.00
2024/04/11	7.194	7.282	7.194	7.280	2199825	15954379.00
2024/04/12	7.280	7.280	7.250	7.265	1743696	12659281.00
2024/04/15	7.264	7.305	7.245	7.290	1790738	13006174.00
2024/04/16	7.260	7.348	7.260	7.301	2015271	14711810.00
2024/04/17	7.301	7.351	7.279	7.324	1796692	13140026.00
2024/04/18	7.350	7.396	7.301	7.338	1888492	13836379.00
2024/04/19	7.338	7.389	7.300	7.354	1792325	13138742.00
2024/04/22	7.354	7.428	7.354	7.408	1856584	13759983.00
2024/04/23	7.400	7.409	7.302	7.396	2037856	15082456.00
2024/04/24	7.410	7.431	7.198	7.424	1922245	14230263.00
2024/04/25	7.468	7.668	7.390	7.604	2117963	15897710.00
2024/04/26	7.293	7.450	7.200	7.345	2697273	19827382.00
2024/04/29	7.335	7.335	7.260	7.329	1840320	13416714.00
2024/04/30	7.289	7.369	7.289	7.331	1743415	12774966.00
2024/05/06	7.331	7.405	7.281	7.340	1076326	7883709.00
2024/05/07	7.340	7.375	7.269	7.314	436984	3206914.00
2024/05/08	7.310	7.324	7.177	7.299	736647	5341869.00
2024/05/09	7.259	7.321	7.198	7.321	648148	4731684.00
2024/05/10	7.321	7.386	7.282	7.380	904945	6661429.00
2024/05/13	7.379	7.450	7.350	7.360	1056211	7792527.00
2024/05/14	7.360	7.388	7.320	7.385	842058	6215074.00
2024/05/15	7.370	7.387	7.300	7.369	1254805	9235505.00
2024/05/16	7.361	7.400	7.361	7.385	1121778	8282157.00
2024/05/17	7.385	7.434	7.344	7.353	843500	6217421.00
2024/05/20	7.345	7.391	7.345	7.383	694033	5120234.00
2024/05/21	7.343	7.416	7.343	7.415	745357	5523263.00
2024/05/22	7.415	7.418	7.360	7.372	255955	1892239.00
2024/05/23	7.365	7.371	7.299	7.334	418283	3070648.00
2024/05/24	7.294	7.400	7.294	7.390	400346	2945420.00
2024/05/27	7.468	7.468	7.390	7.438	173043	1285465.00
2024/05/28	7.438	7.459	7.438	7.452	712955	5311991.00
2024/05/29	7.440	7.440	7.398	7.424	1015269	7531970.00
2024/05/30	7.424	7.438	7.391	7.407	1121943	8305633.00
2024/05/31	7.401	7.420	7.401	7.415	780846	5788800.00
2024/06/03	7.376	7.435	7.376	7.408	812386	6022856.00
2024/06/04	7.390	7.413	7.320	7.365	752091	5554249.00
2024/06/05	7.365	7.365	7.305	7.347	737891	5414753.00
2024/06/06	7.341	7.350	7.341	7.345	667836	4904530.00
2024/06/07	7.322	7.343	7.280	7.300	412849	3014325.00
2024/06/11	7.280	7.305	7.241	7.278	992358	7216382.00
2024/06/12	7.240	7.325	7.240	7.279	746501	5439168.00
2024/06/13	7.240	7.327	7.240	7.285	750600	5467905.00
2024/06/14	7.285	7.338	7.241	7.286	790249	5756074.00
2024/06/17	7.286	7.352	7.271	7.310	310633	2270754.00
2024/06/18	7.308	7.308	7.258	7.297	737041	5371068.00
2024/06/19	7.297	7.300	7.226	7.289	667047	4857079.00
2024/06/20	7.289	7.318	7.241	7.286	567290	4130547.00
2024/06/21	7.301	7.360	7.245	7.270	728339	5301721.00
2024/06/24	7.270	7.278	7.226	7.275	598491	4349434.00
2024/06/25	7.261	7.324	7.261	7.272	570626	4151169.00
2024/06/26	7.172	7.172	7.110	7.124	558984	3983158.00
2024/06/27	7.138	7.138	7.090	7.098	1113778	7922928.00
2024/06/28	7.068	7.080	7.035	7.039	729676	5145559.00
2024/07/01	7.039	7.089	6.950	6.956	713491	4982566.00
2024/07/02	6.932	6.962	6.922	6.951	820974	5703912.00
2024/07/03	6.914	7.030	6.914	6.977	657778	4592323.00
2024/07/04	6.950	7.000	6.938	6.987	699614	4890170.00
2024/07/05	6.947	7.038	6.947	6.990	461755	3231845.00
2024/07/08	7.000	7.000	6.975	6.996	907324	6343637.00
2024/07/09	7.000	7.020	6.995	7.013	662888	4649995.00
2024/07/10	6.868	7.050	6.868	7.018	1213714	8514431.00
2024/07/11	6.999	7.125	6.980	7.118	583977	4092665.00
2024/07/12	7.110	7.197	7.076	7.192	555416	3960463.00
2024/07/15	7.183	7.210	7.180	7.192	595700	4289556.00
2024/07/16	7.200	7.269	7.200	7.263	933929	6761952.00
2024/07/17	7.263	7.294	7.172	7.272	1140701	8287896.00
2024/07/18	7.272	7.272	7.172	7.253	817010	5921689.00
2024/07/19	7.253	7.272	7.238	7.272	470112	3414365.00
2024/07/22	7.250	7.272	7.245	7.268	742833	5395469.00
2024/07/23	7.268	7.272	7.246	7.272	685231	4977664.00
2024/07/24	7.232	7.420	7.232	7.315	1086019	7984007.00
2024/07/25	7.315	7.315	7.224	7.224	647729	4702771.00
2024/07/26	7.300	7.300	7.196	7.215	724579	5231855.00
2024/07/29	7.198	7.219	7.198	7.205	380169	2742196.00
2024/07/30	7.168	7.213	7.168	7.211	884996	6379512.00
2024/07/31	7.173	7.219	7.173	7.210	773074	5569799.00
2024/08/01	7.210	7.274	7.210	7.226	788523	5698372.00
2024/08/02	7.180	7.263	7.180	7.254	618450	4460878.00
2024/08/05	7.200	7.263	7.200	7.260	873621	6338325.00
2024/08/06	7.255	7.310	7.255	7.302	535723	3895520.00
2024/08/07	7.257	7.400	7.257	7.386	817237	6007423.00
2024/08/08	7.386	7.451	7.300	7.432	1244389	9243018.00
2024/08/09	7.401	7.500	7.381	7.500	1116406	8291549.00
2024/08/12	7.500	7.622	7.368	7.577	1148368	8647061.00
2024/08/13	7.577	7.625	7.502	7.521	1091716	8297318.00
2024/08/14	7.468	7.510	7.400	7.508	643844	4809033.00
2024/08/15	7.508	7.567	7.469	7.549	1187637	8962888.00
2024/08/16	7.509	7.560	7.470	7.511	1254402	9453736.00
2024/08/19	7.502	7.567	7.475	7.501	1351282	10143323.00
2024/08/20	7.509	7.524	7.487	7.488	680967	5113180.00
2024/08/21	7.488	7.488	7.435	7.447	896533	6688149.00
2024/08/22	7.454	7.523	7.408	7.420	1411071	10488701.00
2024/08/23	7.420	7.510	7.315	7.438	1378913	10291582.00
2024/08/26	7.432	7.450	7.391	7.399	1258222	9322913.00
2024/08/27	7.400	7.523	7.341	7.385	929511	6868159.00
2024/08/28	7.451	7.451	7.366	7.389	1410060	10410232.00
2024/08/29	7.385	7.400	7.385	7.391	1364916	10086782.00
2024/08/30	7.464	7.464	7.392	7.403	1254067	9279453.00
2024/09/02	7.403	7.436	7.403	7.432	1335736	9903263.00
2024/09/03	7.432	7.439	7.391	7.400	1474300	10938651.00
2024/09/04	7.330	7.409	7.201	7.323	1309845	9543892.00
2024/09/05	7.367	7.367	7.324	7.335	1181978	8667498.00
2024/09/06	7.251	7.338	7.251	7.336	1079177	7901456.00
2024/09/09	7.280	7.356	7.220	7.320	1398565	10244023.00
2024/09/10	7.272	7.334	7.260	7.260	1137779	8299537.00
2024/09/11	7.231	7.270	7.231	7.251	1060549	7685518.00
2024/09/12	7.330	7.330	7.230	7.281	1174253	8539025.00
2024/09/13	7.264	7.278	7.208	7.246	1107666	8034731.00
2024/09/18	7.248	7.290	7.176	7.290	1207024	8751560.00
2024/09/19	7.282	7.362	7.195	7.360	1568689	11488426.00
2024/09/20	7.368	7.541	7.360	7.490	1411962	10435224.00
2024/09/23	7.427	7.520	7.372	7.463	1326289	9912083.00
2024/09/24	7.463	7.463	7.401	7.455	1125146	8387146.00
2024/09/25	7.455	7.616	7.415	7.599	1361687	10259651.00
2024/09/26	7.599	7.666	7.537	7.560	2855449	21731146.00
2024/09/27	7.522	7.544	7.470	7.528	191557	1437434.00
2024/09/30	7.504	7.576	7.400	7.441	1310363	9763328.00
2024/10/08	7.428	7.564	7.252	7.460	1745830	12942724.00
2024/10/09	7.455	7.470	7.368	7.467	1590367	11862084.00
2024/10/10	7.468	7.550	7.370	7.543	1224398	9201705.00
2024/10/11	7.550	7.747	7.478	7.730	1512550	11525235.00
2024/10/14	7.730	7.730	7.625	7.651	1707877	13086666.00
2024/10/15	7.651	7.679	7.568	7.640	1561148	11896698.00
2024/10/16	7.640	7.685	7.502	7.639	1263717	9642141.00
2024/10/17	7.621	7.680	7.530	7.634	1372937	10476305.00
2024/10/18	7.676	7.695	7.598	7.633	1301957	9949559.00
2024/10/21	7.633	7.750	7.593	7.723	1412907	10780188.00
2024/10/22	7.698	7.715	7.605	7.694	1493750	11485925.00
2024/10/23	7.736	7.736	7.618	7.635	947227	7253666.00
2024/10/24	7.600	7.679	7.585	7.614	1401735	10667651.00
2024/10/25	7.729	7.729	7.615	7.680	1415882	10853823.00
2024/10/28	7.680	7.719	7.650	7.718	1513198	11658852.00
2024/10/29	7.678	7.719	7.630	7.652	1227765	9418968.00
2024/10/30	7.578	7.615	7.507	7.551	1416666	10704259.00
2024/10/31	7.596	7.596	7.491	7.505	1464645	11021168.00
2024/11/01	7.500	7.595	7.419	7.439	1011144	7550290.00
2024/11/04	7.439	7.440	7.397	7.401	614829	4553496.00
2024/11/05	7.381	7.499	7.370	7.414	1446935	10727338.00
2024/11/06	7.383	7.455	7.383	7.410	1495800	11062388.00
2024/11/07	7.385	7.455	7.370	7.387	1320897	9774351.00
2024/11/08	7.419	7.448	7.361	7.364	1444211	10643171.00
2024/11/11	7.365	7.412	7.349	7.400	1213032	8949356.00
2024/11/12	7.400	7.458	7.398	7.449	1174966	8716316.00
2024/11/13	7.449	7.490	7.401	7.450	1554127	11568391.00
2024/11/14	7.450	7.578	7.424	7.575	1412272	10565901.00
2024/11/15	7.575	7.617	7.551	7.572	1394459	10573707.00
2024/11/18	7.575	7.620	7.534	7.560	1249852	9471428.00
2024/11/19	7.560	7.606	7.533	7.561	1472955	11153945.00
2024/11/20	7.571	7.628	7.562	7.584	1592879	12106091.00
2024/11/21	7.584	7.584	7.494	7.545	1287506	9708675.00
2024/11/22	7.544	7.553	7.490	7.490	1489120	11207516.00
2024/11/25	7.490	7.506	7.405	7.443	1060278	7898220.00
2024/11/26	7.443	7.528	7.399	7.480	1480800	11072907.00
2024/11/27	7.441	7.549	7.441	7.482	1437000	10761991.00
2024/11/28	7.489	7.571	7.482	7.561	1390367	10504722.00
2024/11/29	7.565	7.631	7.565	7.605	1377707	10460051.00
2024/12/02	7.565	7.683	7.565	7.610	1273518	9733500.00
2024/12/03	7.612	7.612	7.555	7.582	1334877	10120734.00
2024/12/04	7.567	7.636	7.567	7.568	1194812	9070485.00
2024/12/05	7.565	7.653	7.560	7.579	1151645	8750306.00
2024/12/06	7.579	7.610	7.515	7.531	890778	6736472.00
2024/12/09	7.531	7.563	7.497	7.498	630044	4735831.00
2024/12/10	7.523	7.540	7.523	7.526	1048054	7891820.00
2024/12/11	7.526	7.559	7.488	7.559	70762	532307.00
2024/12/12	7.545	7.601	7.545	7.599	1246054	9446199.00
2024/12/13	7.589	7.609	7.589	7.609	284437	2161813.00
2024/12/16	7.624	7.689	7.611	7.687	1390332	10677243.00
2024/12/17	7.687	7.706	7.626	7.627	611855	4679918.00
2024/12/18	7.684	7.684	7.563	7.570	777354	5886777.00
2024/12/19	7.615	7.654	7.511	7.537	751022	5663394.00
2024/12/20	7.510	7.598	7.510	7.575	1470843	11134812.00
2024/12/23	7.539	7.639	7.535	7.611	958282	7278680.00
2024/12/24	7.654	7.654	7.571	7.612	718300	5465995.00
2024/12/25	7.649	7.649	7.573	7.620	1689654	12843954.00
2024/12/26	7.630	7.648	7.582	7.638	992844	7572731.00
2024/12/27	7.638	7.678	7.601	7.641	1265588	9670355.00
2024/12/30	7.641	7.684	7.641	7.660	1180709	9061349.00
2024/12/31	7.621	7.687	7.460	7.535	1611322	12273187.00
2025/01/02	7.535	7.610	7.535	7.568	948167	7187094.00
2025/01/03	7.610	7.655	7.533	7.635	1313023	9989561.00
2025/01/06	7.667	7.668	7.584	7.615	1566647	11931107.00
2025/01/07	7.615	7.648	7.548	7.581	1445489	10966564.00
2025/01/08	7.605	7.640	7.521	7.538	2006947	15232104.00
2025/01/09	7.535	7.590	7.498	7.526	2598300	19615352.00
2025/01/10	7.545	7.563	7.488	7.532	1067092	8041259.00
2025/01/13	7.532	7.595	7.495	7.570	1639111	12407852.00
2025/01/14	7.570	7.595	7.486	7.501	1753878	13196728.00
2025/01/15	7.488	7.567	7.480	7.514	1442910	10869880.00
2025/01/16	7.514	7.542	7.481	7.504	1537183	11539655.00
2025/01/17	7.519	7.570	7.503	7.522	1494913	11265405.00
2025/01/20	7.522	7.582	7.504	7.545	2052907	15479289.00
2025/01/21	7.564	7.580	7.501	7.511	2095410	15786066.00
2025/01/22	7.500	7.635	7.498	7.620	2697628	20385500.00
2025/01/23	7.620	7.656	7.573	7.632	1200245	9147004.00
2025/01/24	7.632	7.632	7.584	7.598	591200	4490505.00
2025/01/27	7.600	7.628	7.599	7.624	891189	6790466.00
2025/02/05	7.635	7.662	7.551	7.633	1703119	12939739.00
2025/02/06	7.633	7.659	7.590	7.630	1564571	11919179.00
2025/02/07	7.609	7.660	7.592	7.650	1946944	14855232.00
2025/02/10	7.660	7.780	7.606	7.735	2029041	15545315.00
2025/02/11	7.735	7.904	7.696	7.883	2078762	16276894.00
2025/02/12	7.883	7.900	7.800	7.846	1763254	13860781.00
2025/02/13	7.810	7.880	7.730	7.795	1544435	12051193.00
2025/02/14	7.818	7.899	7.763	7.848	1811619	14193109.00
2025/02/17	7.808	8.041	7.791	7.965	1716945	13533195.00
2025/02/18	7.925	8.143	7.861	8.127	1737955	13892669.00
2025/02/19	8.131	8.300	8.131	8.262	1890793	15565632.00
2025/02/20	8.261	8.487	8.150	8.448	2097085	17213198.00
2025/02/21	8.408	8.692	8.393	8.472	2262311	19339850.00
2025/02/24	8.432	8.432	8.180	8.184	1358866	11253542.00
2025/02/25	8.180	8.297	8.002	8.030	2036823	16402276.00
2025/02/26	8.030	8.099	7.979	8.019	2314020	18543736.00
2025/02/27	8.065	8.105	8.011	8.032	2573347	20723192.00
2025/02/28	8.032	8.033	7.785	7.829	2762064	21755572.00
2025/03/03	7.808	7.808	7.733	7.761	1358733	10540337.00
2025/03/04	7.761	8.035	7.761	8.033	2250505	17769612.00
2025/03/05	8.033	8.083	7.902	8.035	1996528	16015446.00
2025/03/06	7.995	8.048	7.954	7.963	1691178	13516523.00
2025/03/07	7.923	8.049	7.901	8.049	1941445	15455878.00
2025/03/10	8.020	8.207	8.020	8.176	2249576	18196670.00
2025/03/11	8.137	8.176	8.063	8.123	1895351	15363789.00
2025/03/12	8.120	8.180	8.062	8.136	1945589	15807611.00
2025/03/13	8.097	8.199	8.081	8.156	1653600	13473672.00
2025/03/14	8.156	8.209	8.083	8.165	2114461	17200046.00
2025/03/17	8.158	8.193	8.102	8.141	1333245	10867229.00
2025/03/18	8.106	8.266	8.106	8.219	2062942	16837082.00
2025/03/19	8.219	8.406	8.179	8.403	1908845	15717528.00
2025/03/20	8.400	8.400	8.319	8.375	1578376	13193065.00
2025/03/21	8.373	8.435	8.295	8.430	2029679	16972072.00
2025/03/24	8.391	8.560	8.363	8.560	2180527	18396378.00
2025/03/25	8.522	8.596	8.487	8.533	1708723	14586941.00
2025/03/26	8.495	8.539	8.399	8.489	2204001	18668740.00
2025/03/27	8.449	8.555	8.430	8.539	1690166	14389940.00
2025/03/28	8.559	8.620	8.491	8.615	1971000	16858304.00
2025/03/31	8.576	8.740	8.420	8.478	2226949	19201308.00
2025/04/01	8.478	8.714	8.438	8.485	1913188	16390776.00
2025/04/02	8.379	8.476	8.369	8.463	1798577	15181352.00
2025/04/03	8.423	8.546	8.423	8.522	2047010	17353088.00
2025/04/07	8.522	8.522	8.243	8.303	1980403	16699646.00
2025/04/08	8.304	8.489	8.265	8.319	1826844	15245322.00
2025/04/09	8.439	8.439	8.321	8.360	1689664	14105833.00
2025/04/10	8.408	8.519	8.359	8.446	1928832	16302422.00
2025/04/11	8.488	8.579	8.417	8.498	2141311	18170348.00
2025/04/14	8.488	8.567	8.459	8.534	2669433	22736196.00
2025/04/15	8.574	8.574	8.511	8.530	1596222	13630809.00
2025/04/16	8.563	8.599	8.500	8.563	1052700	9001994.00
2025/04/17	8.540	8.635	8.540	8.589	1795602	15436965.00
2025/04/18	8.598	8.736	8.546	8.579	1384989	11949943.00
2025/04/21	8.549	8.725	8.500	8.602	1183244	10161276.00
2025/04/22	8.599	8.717	8.570	8.586	960700	8279413.00
2025/04/23	8.554	8.620	8.530	8.538	1928933	16522498.00
2025/04/24	8.560	8.570	8.418	8.528	1459733	12426988.00
2025/04/25	8.527	8.605	8.476	8.525	907800	7742733.00
2025/04/28	8.525	8.548	8.446	8.486	1626621	13796072.00
2025/04/29	8.446	8.600	8.446	8.459	1100200	9350099.00
2025/04/30	8.420	8.478	8.419	8.436	1201533	10161942.00
2025/05/06	8.418	8.468	8.329	8.352	500333	4192900.00
2025/05/07	8.398	8.430	8.308	8.313	1050422	8791618.00
2025/05/08	8.300	8.350	8.274	8.303	1390499	11524232.00
2025/05/09	8.310	8.395	8.270	8.320	980744	8165577.00
2025/05/12	8.353	8.364	8.279	8.281	1111733	9226124.00
2025/05/13	8.297	8.317	8.279	8.292	968949	8034369.00
2025/05/14	8.294	8.476	8.292	8.412	1080544	9034292.00
2025/05/15	8.404	8.474	8.380	8.439	830287	7006063.00
2025/05/16	8.434	8.580	8.400	8.475	1180700	9997651.00
2025/05/19	8.509	8.572	8.450	8.460	1008833	8575598.00
2025/05/20	8.460	8.490	8.428	8.478	666455	5648179.00
2025/05/21	8.444	8.550	8.444	8.477	1461167	12381128.00
2025/05/22	8.477	8.500	8.432	8.459	1007545	8526152.00
2025/05/23	8.459	8.524	8.426	8.446	1324200	11183316.00
2025/05/26	8.463	8.503	8.410	8.412	527407	4456855.00
2025/05/27	8.428	8.428	8.350	8.387	1161988	9750604.00
2025/05/28	8.356	8.387	8.348	8.354	1075578	8983740.00
2025/05/29	8.355	8.355	8.320	8.327	1180000	9850584.00
2025/05/30	8.327	8.355	8.307	8.354	431900	3595068.00
2025/06/03	8.387	8.387	8.224	8.347	786688	6559613.00
2025/06/04	8.354	8.355	8.336	8.354	1596545	13323114.00
2025/06/05	8.370	8.474	8.355	8.399	3134033	26310084.00
2025/06/06	8.367	8.398	8.321	8.347	1867071	15576505.00
2025/06/09	8.350	8.367	8.316	8.327	1607010	13401539.00
2025/06/10	8.338	8.350	8.319	8.338	1456676	12150162.00
2025/06/11	8.328	8.348	8.328	8.337	1121244	9347609.00
2025/06/12	8.331	8.340	8.319	8.333	1705100	14204721.00
2025/06/13	8.330	8.342	8.320	8.342	1213552	10102019.00
2025/06/16	8.343	8.396	8.341	8.367	324073	2706463.00
2025/06/17	8.367	8.381	8.333	8.354	1653260	13807991.00
2025/06/18	8.354	8.380	8.322	8.372	714089	5961970.00
2025/06/19	8.375	8.520	8.375	8.513	2142914	18102322.00
2025/06/20	8.519	8.532	8.450	8.526	1159300	9864694.00
2025/06/23	8.527	8.696	8.467	8.651	1403105	11953825.00
2025/06/24	8.528	8.528	8.352	8.399	1038500	8711056.00
2025/06/25	8.395	8.395	8.333	8.392	176490	1475687.00
2025/06/26	8.391	8.400	8.332	8.397	462144	3870158.00
2025/06/27	8.363	8.445	8.335	8.445	699478	5876668.00
2025/06/30	8.439	8.467	8.355	8.460	1096454	9213022.00
2025/07/01	8.459	8.495	8.418	8.492	1302934	11018473.00
2025/07/02	8.495	8.549	8.454	8.541	1035020	8790065.00
2025/07/03	8.566	8.567	8.460	8.518	843300	7170707.00
2025/07/04	8.505	8.530	8.444	8.510	1665079	14115152.00
2025/07/07	8.508	8.508	8.361	8.430	1115900	9391428.00
2025/07/08	8.396	8.424	8.350	8.364	478557	4006037.00
2025/07/09	8.311	8.367	8.311	8.363	398678	3332478.00
2025/07/10	8.387	8.404	8.384	8.403	475500	3989803.00
2025/07/11	8.399	8.399	8.337	8.361	598315	5002313.00
2025/07/14	8.366	8.368	8.345	8.357	465800	3892285.00
2025/07/15	8.390	8.407	8.379	8.388	880744	7392834.00
2025/07/16	8.388	8.408	8.370	8.389	1270821	10664377.00
2025/07/17	8.355	8.450	8.349	8.397	903046	7572944.00
2025/07/18	8.368	8.425	8.366	8.422	1001588	8403551.00
2025/07/21	8.388	8.417	8.387	8.407	351261	2952197.00
2025/07/22	8.407	8.407	8.368	8.379	1047000	8789531.00
2025/07/23	8.379	8.379	8.323	8.336	740033	6165884.00
2025/07/24	8.330	8.338	8.303	8.337	488290	4061220.00
2025/07/25	8.362	8.362	8.305	8.339	737578	6148540.00
2025/07/28	8.317	8.371	8.299	8.358	698110	5824874.00
2025/07/29	8.357	8.399	8.316	8.342	500396	4186072.00
2025/07/30	8.309	8.373	8.309	8.340	410900	3429992.00
2025/07/31	8.322	8.374	8.322	8.370	578600	4834054.00
2025/08/01	8.338	8.397	8.338	8.396	872733	7296566.00
2025/08/04	8.396	8.402	8.383	8.390	1085373	9110404.00
2025/08/05	8.382	8.400	8.368	8.380	518344	4343527.00
2025/08/06	8.399	8.399	8.340	8.349	365852	3063331.00
2025/08/07	8.313	8.359	8.313	8.330	374902	3120551.00
2025/08/08	8.330	8.361	8.325	8.333	810022	6756249.00
2025/08/11	8.300	8.337	8.300	8.330	955156	7951297.00
2025/08/12	8.321	8.354	8.303	8.327	413199	3437025.00
2025/08/13	8.294	8.331	8.294	8.328	287155	2386032.00
2025/08/14	8.328	8.328	8.295	8.324	606911	5046361.00
2025/08/15	8.291	8.324	8.260	8.276	377713	3128334.00
2025/08/18	8.270	8.270	8.104	8.120	368388	2998803.00
2025/08/19	8.082	8.082	7.901	8.000	304644	2422902.00
2025/08/20	8.000	8.071	7.971	8.038	271422	2183026.00
2025/08/21	8.038	8.093	8.001	8.093	556089	4475040.00
2025/08/22	8.097	8.157	8.059	8.157	487120	3963848.00
2025/08/25	8.205	8.239	8.157	8.190	489989	4021606.00
2025/08/26	8.162	8.292	8.161	8.259	688853	5653673.00
2025/08/27	8.265	8.289	8.258	8.273	625934	5177766.00
2025/08/28	8.241	8.297	8.235	8.278	674766	5584085.00
2025/08/29	8.238	8.274	8.233	8.274	489324	4043129.00
2025/09/01	8.234	8.284	8.192	8.200	803505	6607116.00
2025/09/02	8.160	8.200	8.112	8.178	985245	8036022.00
2025/09/03	8.138	8.322	8.138	8.321	853551	7032416.00
2025/09/04	8.288	8.310	8.185	8.234	794486	6559927.00
2025/09/05	8.194	8.246	8.194	8.229	522113	4296755.00
2025/09/08	8.227	8.239	8.189	8.239	855800	7027359.00
2025/09/09	8.239	8.247	8.200	8.246	918289	7543811.00
2025/09/10	8.210	8.278	8.197	8.214	362587	2987520.00
2025/09/11	8.175	8.208	8.170	8.177	417313	3417522.00
2025/09/12	8.150	8.184	8.130	8.156	577710	4713161.00
2025/09/15	8.124	8.152	8.118	8.122	252297	2054785.00
2025/09/16	8.122	8.122	8.034	8.075	401961	3250165.00
2025/09/17	8.075	8.123	8.038	8.118	1132066	9131032.00
2025/09/18	8.149	8.149	8.104	8.135	755821	6144675.00
2025/09/19	8.184	8.220	8.149	8.199	819144	6691683.00
2025/09/22	8.159	8.220	8.102	8.136	607805	4959545.00
2025/09/23	8.096	8.173	8.096	8.171	703491	5740213.00
2025/09/24	8.101	8.101	8.011	8.011	25986	208327.00
2025/09/25	8.031	8.063	8.010	8.013	597415	4803451.00
2025/09/26	8.003	8.061	8.003	8.033	412096	3314632.00
2025/09/29	8.013	8.052	8.013	8.025	293413	2353774.00
2025/09/30	8.001	8.025	8.001	8.009	321855	2579449.00
2025/10/09	8.009	8.020	8.000	8.008	728108	5826745.00
2025/10/10	8.008	8.056	7.968	8.014	868646	6961565.00
2025/10/13	8.014	8.306	8.014	8.022	796450	6388766.00
2025/10/14	8.070	8.070	7.974	7.982	356300	2849048.00
2025/10/15	7.980	7.980	7.900	7.935	432411	3437575.00
2025/10/16	7.900	7.935	7.803	7.895	610691	4824390.00
2025/10/17	7.934	8.100	7.800	7.835	553834	4375904.00
2025/10/20	7.882	8.089	7.700	7.706	595400	4637595.00
2025/10/21	7.700	7.744	7.584	7.615	848221	6503553.00
2025/10/22	7.662	7.662	7.581	7.617	852623	6482109.00
2025/10/23	7.577	7.663	7.577	7.650	796644	6076897.00
2025/10/24	7.650	7.659	7.620	7.647	379545	2896212.00
2025/10/27	7.693	7.735	7.622	7.652	510789	3898543.00
2025/10/28	7.698	7.740	7.640	7.654	633068	4850068.00
2025/10/29	7.654	7.654	7.580	7.608	458022	3492194.00
2025/10/30	7.608	7.608	7.560	7.573	605188	4585534.00
2025/10/31	7.573	7.591	7.573	7.583	932904	7066912.00
2025/11/03	7.583	7.583	7.480	7.485	655933	4923236.00
2025/11/04	7.479	7.493	7.425	7.426	989986	7395169.00
2025/11/05	7.400	7.450	7.357	7.372	486338	3583419.00
2025/11/06	7.367	7.367	7.318	7.332	745725	5460446.00
2025/11/07	7.325	7.330	7.300	7.318	335817	2457647.00
2025/11/10	7.318	7.632	7.318	7.557	751218	5617702.00
2025/11/11	7.551	7.564	7.490	7.520	614033	4629904.00
2025/11/12	7.517	7.700	7.490	7.691	985233	7487502.00
2025/11/13	7.740	7.740	7.666	7.685	837269	6424442.00
2025/11/14	7.645	7.698	7.645	7.697	786320	6046299.00
2025/11/17	7.697	7.697	7.485	7.595	1088501	8306388.00
2025/11/18	7.555	7.630	7.555	7.618	621738	4727003.00
2025/11/19	7.618	7.618	7.552	7.560	380844	2878714.00
2025/11/20	7.560	7.604	7.524	7.540	717756	5415198.00
2025/11/21	7.500	7.559	7.487	7.508	379589	2846993.00
2025/11/24	7.474	7.517	7.418	7.422	605345	4505260.00
2025/11/25	7.400	7.499	7.368	7.376	470600	3476159.00
2025/11/26	7.376	7.465	7.370	7.380	627577	4629021.00
2025/11/27	7.345	7.345	7.300	7.344	389782	2850241.00
2025/11/28	7.343	7.445	7.343	7.363	992322	7302010.00
2025/12/01	7.394	7.497	7.323	7.494	789689	5796810.00
2025/12/02	7.490	7.699	7.403	7.440	595088	4425409.00
2025/12/03	7.440	7.478	7.400	7.448	565300	4203293.00
2025/12/04	7.450	7.450	7.408	7.419	499044	3700521.00
2025/12/05	7.394	7.425	7.394	7.423	479354	3553785.00
2025/12/08	7.383	7.485	7.383	7.454	515067	3836729.00
2025/12/09	7.499	7.538	7.360	7.387	339644	2522606.00
2025/12/10	7.347	7.467	7.343	7.467	833410	6182176.00
2025/12/11	7.427	7.495	7.291	7.420	1371499	10086595.00
2025/12/12	7.380	7.460	7.358	7.390	480000	3550739.00
2025/12/15	7.350	7.459	7.300	7.308	175567	1288614.00
2025/12/16	7.308	7.318	7.268	7.271	142058	1033606.00
2025/12/17	7.273	7.273	7.043	7.089	537144	3814685.00
2025/12/18	7.100	7.100	6.962	6.990	560300	3904563.00
2025/12/19	6.950	6.989	6.778	6.910	787179	5370082.00
2025/12/22	6.870	6.910	6.839	6.896	535723	3671070.00
2025/12/23	6.896	6.968	6.770	6.838	779268	5297251.00
2025/12/24	6.868	6.948	6.725	6.932	514377	3530746.00
2025/12/25	6.932	7.107	6.851	7.079	754678	5282564.00
2025/12/26	7.052	7.304	7.052	7.300	422177	3076682.00
2025/12/29	7.300	7.300	7.164	7.271	1938998	14031058.00
2025/12/30	7.231	7.520	7.105	7.449	692733	4976504.00
2025/12/31	7.446	7.446	7.280	7.364	404700	2974051.00
2026/01/05	7.363	7.424	7.220	7.420	1052417	7728258.00
2026/01/06	7.380	7.410	7.360	7.383	576723	4249327.00
2026/01/07	7.300	7.316	7.119	7.293	1407766	10209303.00
2026/01/08	7.253	7.297	7.218	7.277	894845	6491841.00
2026/01/09	7.250	7.277	7.204	7.236	862588	6241337.00
2026/01/12	7.240	7.276	7.101	7.161	129500	928647.00
2026/01/13	7.161	7.267	7.036	7.110	327978	2343533.00
2026/01/14	7.069	7.134	7.034	7.071	874355	6162862.00
2026/01/15	7.071	7.113	7.003	7.100	1038155	7296617.00
2026/01/16	7.062	7.115	7.057	7.115	574077	4072500.00
2026/01/19	7.133	7.154	7.076	7.153	1072731	7624465.00
2026/01/20	7.152	7.233	7.152	7.233	554240	3985553.00
2026/01/21	7.193	7.247	7.148	7.239	660557	4754452.00
2026/01/22	7.199	7.261	7.196	7.240	265300	1921089.00
2026/01/23	7.240	7.268	7.185	7.217	725244	5248495.00
2026/01/26	7.238	7.239	7.164	7.220	119107	858554.00
2026/01/27	7.180	7.262	7.074	7.228	652643	4678963.00
2026/01/28	7.229	7.260	7.143	7.189	817745	5854352.00
2026/01/29	7.188	7.303	7.149	7.251	984109	7088467.00
2026/01/30	7.216	7.268	7.214	7.246	741537	5372673.00
2026/02/02	7.246	7.246	7.171	7.182	548232	3943054.00
2026/02/03	7.142	7.197	7.070	7.184	858844	6155746.00
2026/02/04	7.200	7.201	7.145	7.179	860844	6171535.00
2026/02/05	7.178	7.178	7.126	7.141	361844	2583535.00
2026/02/06	7.155	7.155	7.069	7.148	142500	1012434.00
2026/02/09	7.110	7.165	7.100	7.127	747734	5326416.00
2026/02/10	7.140	7.140	7.088	7.122	635768	4512740.00
2026/02/11	7.086	7.139	7.086	7.104	1231925	8775120.00
2026/02/12	7.100	7.127	7.086	7.098	929078	6607868.00
2026/02/13	7.100	7.115	7.083	7.096	568400	4030008.00
2026/02/24	7.092	7.123	7.092	7.121	21625	153771.00
2026/02/25	7.121	7.121	7.082	7.106	118161	839058.00
2026/02/26	7.136	7.136	7.106	7.119	555489	3951330.00
2026/02/27	7.119	7.138	7.081	7.124	1224033	8703758.00
2026/03/02	7.120	7.148	7.073	7.092	775541	5495793.00
2026/03/03	7.074	7.148	7.074	7.132	776126	5519280.00
2026/03/04	7.132	7.244	7.095	7.106	577045	4116213.00
2026/03/05	7.106	7.163	7.099	7.141	606467	4330707.00
2026/03/06	7.142	7.174	7.101	7.165	507989	3634192.00
2026/03/09	7.188	7.188	7.070	7.130	501780	3569949.00
2026/03/10	7.141	7.165	7.102	7.140	865000	6177465.00
2026/03/11	7.101	7.155	7.089	7.124	1149744	8167305.00
2026/03/12	7.138	7.138	7.069	7.097	1174733	8328292.00
2026/03/13	7.082	7.096	7.040	7.066	683910	4827150.00
2026/03/16	7.064	7.089	7.012	7.039	710519	5016641.00
2026/03/17	7.053	7.062	6.960	7.024	858378	6007792.00
2026/03/18	7.024	7.043	6.929	6.996	528319	3696681.00
2026/03/19	6.956	7.044	6.956	6.981	334200	2335560.00
2026/03/20	6.941	7.047	6.941	7.033	756001	5314053.00
2026/03/23	6.993	7.094	6.961	6.981	517641	3629982.00
2026/03/24	6.980	6.983	6.883	6.977	572823	3964428.00
2026/04/03	7.098	7.139	7.061	7.138	661244	4695603.00
#КэѕЭАґФґ:НЁґпРЕ
