508015 ЦРРЕҪЁН¶ГчСфЦЗДЬ ИХПЯ І»ёҙИЁ
      ИХЖЪ	    ҝӘЕМ	    ЧоёЯ	    ЧоөН	    КХЕМ	    іЙҪ»Бҝ	    іЙҪ»¶о
2024/07/23	7.500	7.500	7.121	7.145	6968080	50402392.00
2024/07/24	7.142	7.200	6.930	7.174	2254713	15921165.00
2024/07/25	7.166	7.175	7.115	7.156	998859	7153246.00
2024/07/26	7.140	7.155	7.035	7.081	3038919	21498108.00
2024/07/29	7.069	7.145	7.009	7.087	1673004	11851246.00
2024/07/30	7.056	7.145	7.056	7.115	851236	6046024.00
2024/07/31	7.145	7.145	7.080	7.116	344861	2455712.00
2024/08/01	7.117	7.190	7.117	7.186	1196159	8571860.00
2024/08/02	7.171	7.240	7.120	7.231	796947	5747666.00
2024/08/05	7.222	7.396	7.222	7.388	810821	5958677.00
2024/08/06	7.355	7.500	7.355	7.493	522774	3906098.00
2024/08/07	7.493	7.668	7.493	7.653	1388745	10555910.00
2024/08/08	7.690	7.690	7.577	7.626	2103646	16066952.00
2024/08/09	7.612	7.651	7.560	7.648	753617	5732109.00
2024/08/12	7.620	7.680	7.606	7.641	466869	3565982.00
2024/08/13	7.607	7.695	7.573	7.619	1862491	14187303.00
2024/08/14	7.620	7.640	7.593	7.640	459817	3503911.00
2024/08/15	7.635	7.639	7.578	7.589	546946	4160946.00
2024/08/16	7.556	7.622	7.556	7.598	210080	1598171.00
2024/08/19	7.624	7.628	7.538	7.590	519228	3932710.00
2024/08/20	7.595	7.599	7.540	7.585	348771	2640166.00
2024/08/21	7.585	7.616	7.557	7.591	166806	1264959.00
2024/08/22	7.593	7.640	7.574	7.600	222210	1690032.00
2024/08/23	7.660	7.685	7.590	7.599	360420	2738138.00
2024/08/26	7.619	7.619	7.550	7.593	402801	3052768.00
2024/08/27	7.588	7.645	7.560	7.614	269622	2046843.00
2024/08/28	7.614	7.621	7.551	7.613	385152	2925946.00
2024/08/29	7.650	7.650	7.530	7.595	1046629	7932785.00
2024/08/30	7.595	7.620	7.595	7.618	159900	1217381.00
2024/09/02	7.650	7.650	7.605	7.621	301067	2294233.00
2024/09/03	7.610	7.650	7.562	7.613	396997	3018366.00
2024/09/04	7.517	7.647	7.517	7.645	493381	3737672.00
2024/09/05	7.640	7.739	7.609	7.689	588524	4511210.00
2024/09/06	7.691	7.728	7.678	7.727	361173	2781225.00
2024/09/09	7.727	7.800	7.717	7.728	158700	1227423.00
2024/09/10	7.770	7.770	7.700	7.757	270900	2093988.00
2024/09/11	7.759	7.788	7.727	7.749	91613	709892.00
2024/09/12	7.770	7.771	7.671	7.680	171814	1325853.00
2024/09/13	7.699	7.771	7.654	7.770	571484	4409233.00
2024/09/18	7.925	7.925	7.731	7.779	157919	1229408.00
2024/09/19	7.779	7.809	7.665	7.679	646933	4996230.00
2024/09/20	7.681	7.739	7.650	7.679	108818	835115.00
2024/09/23	7.700	7.700	7.605	7.660	59848	457906.00
2024/09/24	7.760	7.760	7.500	7.659	165241	1257237.00
2024/09/25	7.734	7.734	7.575	7.676	152015	1166980.00
2024/09/26	7.636	7.700	7.612	7.673	153412	1176722.00
2024/09/27	7.666	7.673	7.641	7.665	116935	896540.00
2024/09/30	7.627	7.645	7.217	7.645	232415	1764690.00
2024/10/08	7.632	7.632	7.371	7.580	275655	2088900.00
2024/10/09	7.373	7.580	7.373	7.546	164827	1239193.00
2024/10/10	7.500	7.560	7.450	7.520	166215	1246170.00
2024/10/11	7.371	7.687	7.371	7.539	281923	2123608.00
2024/10/14	7.518	7.560	7.495	7.550	345193	2598021.00
2024/10/15	7.580	7.592	7.503	7.584	320612	2424441.00
2024/10/16	7.551	7.640	7.523	7.624	434099	3290750.00
2024/10/17	7.620	7.752	7.604	7.669	440140	3370852.00
2024/10/18	7.750	7.750	7.605	7.680	361815	2770812.00
2024/10/21	7.679	7.698	7.615	7.658	238332	1825196.00
2024/10/22	7.657	7.699	7.628	7.674	431900	3308743.00
2024/10/23	7.680	7.680	7.641	7.671	187187	1435736.00
2024/10/24	7.680	7.694	7.576	7.647	350247	2678584.00
2024/10/25	7.665	7.665	7.570	7.595	245800	1872627.00
2024/10/28	7.555	7.693	7.223	7.579	765849	5792194.00
2024/10/29	7.619	7.619	7.521	7.523	216536	1631703.00
2024/10/30	7.580	7.580	7.480	7.509	185433	1393569.00
2024/10/31	7.658	7.658	7.305	7.495	503486	3777309.00
2024/11/01	7.550	7.593	7.455	7.501	398201	2988804.00
2024/11/04	7.658	7.658	7.461	7.554	505200	3797775.00
2024/11/05	7.650	7.650	7.551	7.618	240737	1831179.00
2024/11/06	7.617	7.658	7.612	7.615	18100	137872.00
2024/11/07	7.615	7.668	7.576	7.618	69101	525424.00
2024/11/08	7.649	7.649	7.578	7.613	59393	452392.00
2024/11/11	7.711	7.711	7.573	7.678	453574	3465120.00
2024/11/12	7.689	7.760	7.638	7.751	311684	2403154.00
2024/11/13	7.778	7.778	7.731	7.750	260937	2022387.00
2024/11/14	7.731	7.905	7.710	7.726	219949	1702376.00
2024/11/15	7.772	7.772	7.700	7.734	669144	5169405.00
2024/11/18	7.816	7.816	7.710	7.727	207600	1603884.00
2024/11/19	7.730	7.730	7.590	7.678	349000	2677290.00
2024/11/20	7.775	7.775	7.583	7.593	1266800	9651234.00
2024/11/21	7.596	7.688	7.518	7.614	507501	3857871.00
2024/11/22	7.750	7.750	7.620	7.693	221300	1699002.00
2024/11/25	7.653	7.687	7.550	7.642	362700	2766108.00
2024/11/26	7.638	7.780	7.602	7.690	295803	2268854.00
2024/11/27	7.650	7.750	7.574	7.705	140800	1082291.00
2024/11/28	7.729	7.730	7.665	7.720	116601	897357.00
2024/11/29	7.720	7.945	7.720	7.755	444704	3456196.00
2024/12/02	7.778	7.778	7.722	7.770	163285	1268074.00
2024/12/03	7.776	7.780	7.741	7.772	285709	2215612.00
2024/12/04	7.760	7.869	7.662	7.862	788801	6156176.00
2024/12/05	7.863	7.964	7.859	7.964	371858	2940648.00
2024/12/06	7.924	8.180	7.924	7.980	129284	1033089.00
2024/12/09	7.965	8.110	7.940	7.985	684625	5483541.00
2024/12/10	7.945	8.042	7.945	7.998	87511	699819.00
2024/12/11	7.989	8.094	7.927	8.045	663624	5327161.00
2024/12/12	8.005	8.461	8.005	8.239	975172	7979029.00
2024/12/13	8.239	8.400	8.111	8.271	1781000	14689064.00
2024/12/16	8.270	8.570	8.270	8.443	1385908	11663866.00
2024/12/17	8.433	8.446	8.350	8.374	502500	4216701.00
2024/12/18	8.363	8.374	8.001	8.159	1335700	10925109.00
2024/12/19	7.798	7.798	7.530	7.670	590088	4533759.00
2024/12/20	7.650	7.784	7.630	7.690	344465	2651810.00
2024/12/23	7.775	7.777	7.665	7.720	364020	2811467.00
2024/12/24	7.715	7.784	7.710	7.770	275858	2136352.00
2024/12/25	7.843	7.843	7.731	7.809	139600	1084434.00
2024/12/26	7.811	7.813	7.734	7.780	145500	1129670.00
2024/12/27	7.779	7.836	7.770	7.824	394100	3078540.00
2024/12/30	7.790	7.900	7.777	7.814	143829	1121937.00
2024/12/31	7.885	7.885	7.759	7.840	100500	786829.00
2025/01/02	7.917	7.917	7.840	7.915	176300	1389782.00
2025/01/03	7.875	7.994	7.742	7.953	1913115	15159827.00
2025/01/06	7.985	7.985	7.900	7.962	807544	6405778.00
2025/01/07	7.970	7.970	7.922	7.938	277800	2207995.00
2025/01/08	7.900	8.170	7.900	8.153	206100	1648303.00
2025/01/09	8.150	8.150	8.089	8.140	163516	1330113.00
2025/01/10	8.120	8.120	8.011	8.070	300602	2422849.00
2025/01/13	8.060	8.133	7.902	8.011	209917	1685086.00
2025/01/14	8.013	8.049	7.985	7.990	290782	2326137.00
2025/01/15	7.981	8.021	7.851	7.996	166700	1325741.00
2025/01/16	7.999	8.059	7.901	7.934	444169	3534184.00
2025/01/17	7.901	7.961	7.886	7.899	328984	2605036.00
2025/01/20	7.987	7.987	7.810	7.985	212361	1676431.00
2025/01/21	8.000	8.022	7.959	7.971	100600	803221.00
2025/01/22	7.973	8.000	7.960	7.973	62700	500466.00
2025/01/23	8.000	8.000	7.863	7.990	129701	1028980.00
2025/01/24	7.950	7.999	7.914	7.991	121001	964670.00
2025/01/27	8.025	8.025	7.882	8.000	377101	3013646.00
2025/02/05	8.000	8.000	7.900	7.910	269500	2138725.00
2025/02/06	7.902	7.979	7.876	7.880	211600	1674476.00
2025/02/07	7.845	7.900	7.757	7.877	212832	1662799.00
2025/02/10	7.874	7.979	7.801	7.876	206000	1618159.00
2025/02/11	7.877	7.943	7.846	7.933	595502	4704657.00
2025/02/12	7.968	8.011	7.894	7.927	151500	1203211.00
2025/02/13	7.899	7.968	7.899	7.938	231000	1831376.00
2025/02/14	7.910	7.971	7.812	7.890	565054	4456423.00
2025/02/17	7.889	7.980	7.860	7.953	275100	2172183.00
2025/02/18	7.918	7.982	7.918	7.940	224900	1787467.00
2025/02/19	7.953	7.964	7.858	7.930	242101	1917466.00
2025/02/20	7.929	7.960	7.859	7.910	253700	2006414.00
2025/02/21	7.929	7.930	7.862	7.930	163826	1293938.00
2025/02/24	7.950	7.950	7.835	7.880	305743	2410262.00
2025/02/25	7.877	7.885	7.738	7.881	315100	2478082.00
2025/02/26	7.882	7.970	7.845	7.961	219229	1733025.00
2025/02/27	7.976	7.986	7.845	7.852	461600	3656596.00
2025/02/28	7.887	7.919	7.723	7.752	395907	3086374.00
2025/03/03	7.759	7.841	7.657	7.761	338443	2615409.00
2025/03/04	7.721	7.836	7.721	7.797	124613	971409.00
2025/03/05	7.804	7.877	7.757	7.861	333100	2607399.00
2025/03/06	7.863	7.933	7.863	7.913	601004	4738916.00
2025/03/07	7.931	7.998	7.874	7.875	825600	6521249.00
2025/03/10	7.899	7.900	7.822	7.852	584197	4589819.00
2025/03/11	7.853	7.945	7.853	7.938	536603	4241755.00
2025/03/12	7.945	8.030	7.903	7.990	811775	6488400.00
2025/03/13	8.000	8.107	7.951	7.997	759400	6094586.00
2025/03/14	8.004	8.137	7.990	8.002	592900	4745599.00
2025/03/17	8.040	8.055	7.997	8.021	86600	694642.00
2025/03/18	8.000	8.151	7.969	8.150	294603	2375492.00
2025/03/19	8.113	8.175	8.069	8.174	393500	3186466.00
2025/03/20	8.137	8.271	8.137	8.183	324500	2657599.00
2025/03/21	8.175	8.377	8.175	8.377	484200	3973816.00
2025/03/24	8.377	8.880	8.377	8.414	98101	826993.00
2025/03/25	8.413	8.459	8.334	8.426	270907	2277378.00
2025/03/26	8.416	8.554	8.416	8.554	604605	5136341.00
2025/03/27	8.514	8.695	8.483	8.683	494200	4257653.00
2025/03/28	8.680	8.855	8.680	8.838	323500	2851314.00
2025/03/31	9.015	9.498	8.887	8.888	1555038	13997148.00
2025/04/01	8.890	9.068	8.760	8.790	787781	6994551.00
2025/04/02	8.793	9.002	8.793	8.969	991125	8813765.00
2025/04/03	8.494	8.494	8.180	8.336	395601	3296152.00
2025/04/07	8.296	8.347	8.000	8.133	335910	2761952.00
2025/04/08	8.128	8.229	8.031	8.040	501881	4081781.00
2025/04/09	8.025	8.400	7.994	8.000	238900	1920642.00
2025/04/10	8.050	8.200	7.979	8.038	136253	1094115.00
2025/04/11	8.078	8.142	7.903	8.038	328910	2647656.00
2025/04/14	8.001	8.076	7.998	8.035	93509	751833.00
2025/04/15	8.040	8.055	7.937	8.055	227113	1820009.00
2025/04/16	8.040	8.097	8.030	8.075	155100	1249306.00
2025/04/17	8.076	8.125	8.046	8.117	248803	2013588.00
2025/04/18	8.117	8.214	8.117	8.201	291110	2378483.00
2025/04/21	8.214	8.214	8.082	8.190	404103	3282477.00
2025/04/22	8.144	8.206	8.120	8.139	182634	1488686.00
2025/04/23	8.139	8.178	8.042	8.137	277500	2246432.00
2025/04/24	8.104	8.199	8.081	8.133	294500	2392591.00
2025/04/25	8.150	8.189	8.079	8.110	182600	1484020.00
2025/04/28	8.142	8.180	8.028	8.100	181400	1467218.00
2025/04/29	8.099	8.099	7.989	8.049	357000	2868681.00
2025/04/30	8.049	8.163	8.041	8.055	159921	1294643.00
2025/05/06	8.087	8.119	7.970	8.058	142700	1144771.00
2025/05/07	8.057	8.117	8.019	8.081	96600	780334.00
2025/05/08	8.083	8.124	8.043	8.117	79200	642319.00
2025/05/09	8.149	8.149	8.051	8.140	84900	687811.00
2025/05/12	8.140	8.212	8.120	8.202	249000	2038096.00
2025/05/13	8.202	8.208	8.121	8.190	103502	844981.00
2025/05/14	8.157	8.222	8.150	8.178	147100	1205468.00
2025/05/15	8.179	8.199	8.080	8.168	86800	706872.00
2025/05/16	8.167	8.167	8.081	8.122	91700	743808.00
2025/05/19	8.121	8.186	8.100	8.179	129225	1052816.00
2025/05/20	8.190	8.200	8.146	8.190	188400	1540043.00
2025/05/21	8.191	8.418	8.191	8.333	240925	1990573.00
2025/05/22	8.332	8.414	8.234	8.392	208500	1739464.00
2025/05/23	8.393	8.493	8.318	8.479	280800	2371034.00
2025/05/26	8.479	8.600	8.437	8.598	419885	3590512.00
2025/05/27	8.620	8.770	8.523	8.702	462941	4010936.00
2025/05/28	8.701	8.758	8.453	8.495	340461	2931457.00
2025/05/29	8.455	8.498	7.646	8.309	335800	2800887.00
2025/05/30	8.276	8.342	8.233	8.281	300800	2488059.00
2025/06/03	8.314	8.436	8.249	8.435	273500	2285182.00
2025/06/04	8.435	8.600	8.401	8.600	274600	2315407.00
2025/06/05	8.600	8.749	8.498	8.744	456900	3955140.00
2025/06/06	8.778	8.823	8.607	8.732	298122	2596816.00
2025/06/09	8.765	8.765	8.648	8.730	277300	2416201.00
2025/06/10	8.695	8.748	8.581	8.713	252206	2189645.00
2025/06/11	8.740	8.887	8.677	8.879	672657	5928890.00
2025/06/12	8.890	8.979	8.786	8.888	273143	2427513.00
2025/06/13	8.887	9.030	8.825	9.030	338346	3019227.00
2025/06/16	9.066	9.070	8.908	9.067	301389	2715665.00
2025/06/17	9.067	9.254	8.992	9.036	672000	6107838.00
2025/06/18	9.027	9.190	9.010	9.058	454600	4119309.00
2025/06/19	9.023	9.069	9.006	9.052	390400	3532392.00
2025/06/20	9.052	9.130	8.981	9.059	311200	2814388.00
2025/06/23	9.061	9.160	8.916	9.062	279500	2528341.00
2025/06/24	9.062	9.062	8.777	8.983	483400	4319591.00
2025/06/25	8.947	9.032	8.819	8.972	317000	2828181.00
2025/06/26	8.979	9.043	8.920	8.943	347703	3112338.00
2025/06/27	8.936	9.050	8.929	8.958	483603	4327323.00
2025/06/30	8.992	9.030	8.867	8.955	363003	3254068.00
2025/07/01	8.916	9.030	8.782	8.971	415787	3696444.00
2025/07/02	8.935	9.148	8.935	9.100	526830	4764772.00
2025/07/03	9.135	10.006	9.017	9.265	548100	5002746.00
2025/07/04	9.306	9.520	9.229	9.249	397701	3690561.00
2025/07/07	9.387	9.469	9.143	9.423	646706	6004311.00
2025/07/08	9.464	9.464	9.253	9.302	602003	5625085.00
2025/07/09	9.330	9.587	9.216	9.256	323500	3012290.00
2025/07/10	9.256	9.256	9.100	9.152	594631	5444776.00
2025/07/11	9.140	9.207	9.115	9.158	335700	3066374.00
2025/07/14	9.056	9.160	9.020	9.093	684500	6223471.00
2025/07/15	9.054	9.120	8.912	9.032	401200	3629919.00
2025/07/16	8.993	9.170	8.990	9.057	357201	3227716.00
2025/07/17	9.018	9.198	8.981	9.018	573562	5181614.00
2025/07/18	9.018	9.090	8.952	8.961	342900	3085771.00
2025/07/21	9.000	9.137	8.853	8.907	620900	5559832.00
2025/07/22	8.920	8.950	8.780	8.810	353101	3116498.00
2025/07/23	8.810	8.810	8.425	8.540	1230451	10463091.00
2025/07/24	8.501	8.597	8.361	8.408	823001	6934042.00
2025/07/25	8.437	8.437	8.170	8.200	1422600	11699446.00
2025/07/28	8.198	8.198	8.120	8.174	1231824	10061516.00
2025/07/29	8.150	8.197	8.084	8.130	939300	7639765.00
2025/07/30	8.158	8.158	8.098	8.109	1476600	11982546.00
2025/07/31	8.103	8.207	8.103	8.166	1568300	12817438.00
2025/08/01	8.198	8.199	8.130	8.146	1089100	8895562.00
2025/08/04	8.172	8.180	8.122	8.139	798800	6514326.00
2025/08/05	8.167	8.167	8.101	8.129	596305	4843350.00
2025/08/06	8.162	8.162	8.030	8.099	1212201	9798912.00
2025/08/07	8.099	8.108	8.038	8.084	803415	6502157.00
2025/08/08	8.109	8.109	8.008	8.017	1228015	9875922.00
2025/08/11	8.021	8.046	7.965	7.970	649600	5191220.00
2025/08/12	7.994	7.994	7.801	7.859	2221100	17509404.00
2025/08/13	7.872	7.872	7.766	7.810	1975120	15397297.00
2025/08/14	7.781	7.827	7.781	7.783	765300	5971936.00
2025/08/15	7.806	7.813	7.722	7.741	796500	6174929.00
2025/08/18	7.731	7.731	7.615	7.630	1636123	12503515.00
2025/08/19	7.628	7.682	7.572	7.585	760277	5778397.00
2025/08/20	7.585	7.630	7.557	7.610	978710	7433711.00
2025/08/21	7.610	7.758	7.578	7.756	1450101	11068775.00
2025/08/22	7.758	7.858	7.600	7.848	1058817	8208673.00
2025/08/25	7.857	7.890	7.789	7.876	824000	6462343.00
2025/08/26	7.875	7.937	7.783	7.929	2125141	16753442.00
2025/08/27	7.929	7.959	7.830	7.862	1203200	9480513.00
2025/08/28	7.860	7.886	7.802	7.852	997810	7806370.00
2025/08/29	7.856	7.884	7.801	7.857	750725	5875122.00
2025/09/01	7.821	7.874	7.802	7.805	893500	7005198.00
2025/09/02	7.835	7.898	7.712	7.896	931300	7302028.00
2025/09/03	7.895	7.900	7.812	7.898	1014800	7979752.00
2025/09/04	7.868	7.898	7.828	7.895	1005600	7919745.00
2025/09/05	7.861	7.895	7.841	7.873	884600	6950805.00
2025/09/08	7.837	7.893	7.829	7.879	657600	5168689.00
2025/09/09	7.855	7.879	7.810	7.876	1175500	9212625.00
2025/09/10	7.841	7.875	7.801	7.840	1124700	8807711.00
2025/09/11	7.820	7.850	7.760	7.826	1103300	8617930.00
2025/09/12	7.826	7.826	7.770	7.805	1295900	10103561.00
2025/09/15	7.773	7.819	7.770	7.819	1074720	8372996.00
2025/09/16	7.803	7.817	7.730	7.802	2088900	16269033.00
2025/09/17	7.790	7.819	7.763	7.807	813426	6333173.00
2025/09/18	7.807	7.849	7.773	7.823	898700	7006635.00
2025/09/19	7.823	7.848	7.752	7.846	1384800	10821195.00
2025/09/22	7.845	7.845	7.775	7.811	1490500	11649345.00
2025/09/23	7.791	7.823	7.761	7.801	908600	7085616.00
2025/09/24	7.614	7.614	7.520	7.568	753000	5694506.00
2025/09/25	7.554	7.604	7.484	7.524	1063831	8009611.00
2025/09/26	7.523	7.579	7.434	7.530	753967	5663234.00
2025/09/29	7.530	7.559	7.467	7.547	555880	4181499.00
2025/09/30	7.549	7.579	7.483	7.555	504201	3800669.00
2025/10/09	7.560	7.595	7.509	7.555	674700	5079535.00
2025/10/10	7.522	7.584	7.512	7.555	644200	4860981.00
2025/10/13	7.555	7.588	7.504	7.553	800694	6023087.00
2025/10/14	7.551	7.588	7.510	7.537	817101	6167019.00
2025/10/15	7.520	7.557	7.461	7.537	493000	3707814.00
2025/10/16	7.529	7.529	7.446	7.458	735600	5509500.00
2025/10/17	7.450	7.489	7.361	7.428	776400	5743218.00
2025/10/20	7.394	7.524	7.349	7.378	723100	5349056.00
2025/10/21	7.378	7.478	7.322	7.346	565000	4153822.00
2025/10/22	7.321	7.428	7.307	7.327	707300	5194911.00
2025/10/23	7.311	7.379	7.292	7.345	1032723	7565063.00
2025/10/24	7.329	7.428	7.276	7.423	1134400	8360872.00
2025/10/27	7.424	7.446	7.370	7.420	737100	5463055.00
2025/10/28	7.400	7.488	7.287	7.488	672100	4991201.00
2025/10/29	7.454	7.488	7.443	7.463	538400	4019152.00
2025/10/30	7.482	7.482	7.430	7.452	615200	4583378.00
2025/10/31	7.445	7.477	7.350	7.419	640810	4746907.00
2025/11/03	7.424	7.424	7.330	7.367	542800	4007562.00
2025/11/04	7.344	7.344	7.260	7.295	953600	6960594.00
2025/11/05	7.292	7.343	7.231	7.303	616400	4489242.00
2025/11/06	7.303	7.303	7.250	7.288	736900	5362471.00
2025/11/07	7.286	7.300	7.233	7.291	739700	5386943.00
2025/11/10	7.291	7.320	7.250	7.292	531800	3877044.00
2025/11/11	7.292	7.318	7.235	7.278	851500	6195336.00
2025/11/12	7.298	7.350	7.255	7.307	2637700	19231156.00
2025/11/13	7.330	7.330	7.244	7.257	978500	7115693.00
2025/11/14	7.256	7.278	7.235	7.260	758405	5503209.00
2025/11/17	7.259	7.279	7.200	7.263	774300	5616023.00
2025/11/18	7.266	7.277	7.227	7.237	667005	4832110.00
2025/11/19	7.248	7.248	7.087	7.205	1660500	11829339.00
2025/11/20	7.170	7.170	6.982	7.013	1276900	9007429.00
2025/11/21	6.979	7.030	6.855	6.907	1010400	6995049.00
2025/11/24	6.875	6.948	6.835	6.849	743800	5104978.00
2025/11/25	6.850	6.885	6.781	6.840	1175017	8000344.00
2025/11/26	6.840	6.842	6.772	6.831	570217	3884504.00
2025/11/27	6.831	6.831	6.799	6.819	288300	1961956.00
2025/11/28	6.805	6.815	6.781	6.782	511300	3475123.00
2025/12/01	6.782	6.789	6.711	6.786	1090000	7344023.00
2025/12/02	6.784	6.803	6.741	6.761	511300	3458017.00
2025/12/03	6.761	6.788	6.733	6.774	559900	3784251.00
2025/12/04	6.778	6.790	6.670	6.786	470200	3161833.00
2025/12/05	6.780	6.780	6.706	6.764	714849	4819790.00
2025/12/08	6.764	6.764	6.670	6.724	968600	6489497.00
2025/12/09	6.700	6.728	6.538	6.617	1537400	10157793.00
2025/12/10	6.587	6.726	6.583	6.706	932200	6177892.00
2025/12/11	6.705	6.760	6.598	6.695	476500	3190431.00
2025/12/12	6.695	6.763	6.621	6.755	655100	4387975.00
2025/12/15	6.741	6.768	6.661	6.690	468100	3137293.00
2025/12/16	6.683	6.759	6.609	6.705	468315	3123087.00
2025/12/17	6.704	6.742	6.601	6.704	585132	3915021.00
2025/12/18	6.703	6.707	6.633	6.676	836400	5573842.00
2025/12/19	6.679	6.679	6.430	6.475	2095600	13616779.00
2025/12/22	6.468	6.468	6.299	6.338	2137472	13544156.00
2025/12/23	6.309	6.309	6.200	6.295	1844848	11546961.00
2025/12/24	6.275	6.590	6.202	6.588	1540842	9913573.00
2025/12/25	6.588	6.819	6.587	6.790	2461205	16602975.00
2025/12/26	6.810	6.835	6.756	6.831	1425000	9702236.00
2025/12/29	6.831	6.860	6.804	6.843	2232005	15275699.00
2025/12/30	6.867	6.898	6.764	6.844	844800	5774549.00
2025/12/31	6.851	6.893	6.800	6.879	1344622	9223863.00
2026/01/05	6.879	6.938	6.803	6.856	775705	5336359.00
2026/01/06	6.867	6.880	6.790	6.865	1192200	8138375.00
2026/01/07	6.865	6.900	6.806	6.870	863200	5926149.00
2026/01/08	6.745	6.794	6.648	6.777	662000	4462892.00
2026/01/09	6.784	6.786	6.688	6.773	796500	5360714.00
2026/01/12	6.739	6.780	6.710	6.763	350307	2358797.00
2026/01/13	6.746	6.782	6.612	6.711	1122307	7525580.00
2026/01/14	6.678	6.747	6.580	6.669	1486300	9882375.00
2026/01/15	6.637	6.679	6.551	6.667	1214225	8005817.00
2026/01/16	6.655	6.689	6.541	6.565	1107000	7294334.00
2026/01/19	6.543	6.582	6.415	6.471	915524	5922554.00
2026/01/20	6.441	6.481	6.372	6.449	988500	6337692.00
2026/01/21	6.420	6.466	6.402	6.422	857800	5509279.00
2026/01/22	6.396	6.533	6.396	6.480	1502400	9719282.00
2026/01/23	6.482	6.533	6.452	6.500	760178	4934985.00
2026/01/26	6.500	6.564	6.485	6.539	595400	3882539.00
2026/01/27	6.517	6.586	6.517	6.542	798501	5225190.00
2026/01/28	6.540	6.620	6.529	6.619	989778	6509102.00
2026/01/29	6.619	6.766	6.600	6.759	896600	5990178.00
2026/01/30	6.759	6.782	6.678	6.723	1196300	8043585.00
2026/02/02	6.730	6.758	6.653	6.655	511400	3415106.00
2026/02/03	6.656	6.718	6.578	6.651	553700	3678713.00
2026/02/04	6.641	6.683	6.581	6.675	738000	4898759.00
2026/02/05	6.690	6.699	6.638	6.663	456200	3041887.00
2026/02/06	6.674	6.674	6.602	6.605	332000	2198046.00
2026/02/09	6.619	6.635	6.530	6.592	394600	2602052.00
2026/02/10	6.603	6.648	6.593	6.643	598300	3964206.00
2026/02/11	6.647	6.723	6.631	6.707	661179	4421455.00
2026/02/12	6.718	6.740	6.632	6.720	780603	5227083.00
2026/02/13	6.719	6.760	6.653	6.755	499300	3351655.00
2026/02/24	6.762	6.802	6.705	6.802	683900	4638191.00
2026/02/25	6.803	6.847	6.731	6.838	681700	4648517.00
2026/02/26	6.838	6.874	6.811	6.857	1058900	7238513.00
2026/02/27	6.855	6.876	6.804	6.847	1122500	7690444.00
2026/03/02	6.818	6.875	6.769	6.830	2092234	14320958.00
2026/03/03	6.830	6.909	6.739	6.885	1899900	12997817.00
2026/03/04	6.854	6.945	6.847	6.930	914400	6314354.00
2026/03/05	6.930	6.952	6.917	6.927	382302	2649922.00
2026/03/06	6.927	6.927	6.845	6.895	406300	2793526.00
2026/03/09	6.879	6.942	6.822	6.916	497300	3424845.00
2026/03/10	6.884	6.928	6.847	6.901	445970	3074936.00
2026/03/11	6.876	6.929	6.851	6.860	567900	3903839.00
2026/03/12	6.872	6.916	6.738	6.845	877700	5963498.00
2026/03/13	6.814	6.911	6.738	6.816	848800	5751943.00
2026/03/16	6.785	6.835	6.701	6.777	647700	4386116.00
2026/03/17	6.738	6.880	6.738	6.829	731600	4988688.00
2026/03/18	6.819	6.877	6.817	6.837	719900	4920564.00
2026/03/19	6.860	6.867	6.740	6.850	622700	4254547.00
2026/03/20	6.846	6.899	6.779	6.852	572300	3911900.00
2026/03/23	6.821	6.874	6.757	6.759	532800	3618104.00
2026/03/24	6.755	6.795	6.729	6.773	471800	3188769.00
2026/04/03	6.700	6.728	6.632	6.725	426600	2848003.00
#КэҫЭАҙФҙ:НЁҙпРЕ
