508084 汇添富九州通医药 日线 不复权
      日期	    开盘	    最高	    最低	    收盘	    成交量	    成交额
2025/02/27	3.764	3.764	3.506	3.712	24234721	90301112.00
2025/02/28	3.550	3.680	3.526	3.542	12588777	45083856.00
2025/03/03	3.526	3.550	3.492	3.530	3889939	13746879.00
2025/03/04	3.528	3.568	3.513	3.562	4741563	16806916.00
2025/03/05	3.567	3.606	3.551	3.604	3392585	12174927.00
2025/03/06	3.604	3.632	3.590	3.616	2162955	7819426.00
2025/03/07	3.626	3.639	3.600	3.612	1051620	3801044.00
2025/03/10	3.618	3.628	3.596	3.625	1088955	3942067.00
2025/03/11	3.629	3.629	3.607	3.610	1082862	3918437.00
2025/03/12	3.601	3.616	3.600	3.608	1087666	3926534.00
2025/03/13	3.596	3.625	3.596	3.625	1360579	4912160.00
2025/03/14	3.625	3.650	3.603	3.646	983917	3581173.00
2025/03/17	3.645	3.660	3.615	3.655	621931	2267564.00
2025/03/18	3.645	3.655	3.626	3.648	960456	3493736.00
2025/03/19	3.648	3.660	3.630	3.653	340600	1242877.00
2025/03/20	3.658	3.669	3.640	3.654	566965	2075689.00
2025/03/21	3.654	3.659	3.634	3.659	1979983	7209646.00
2025/03/24	3.645	3.671	3.645	3.661	403444	1476821.00
2025/03/25	3.656	3.680	3.656	3.677	1110270	4072433.00
2025/03/26	3.682	3.710	3.667	3.704	942799	3477756.00
2025/03/27	3.704	3.722	3.704	3.710	1179394	4383269.00
2025/03/28	3.714	3.749	3.702	3.747	1249217	4660248.00
2025/03/31	3.742	3.764	3.720	3.733	638417	2391383.00
2025/04/01	3.723	3.764	3.723	3.751	638312	2393837.00
2025/04/02	3.752	3.788	3.752	3.783	1309950	4933661.00
2025/04/03	3.799	3.875	3.788	3.873	1438316	5498455.00
2025/04/07	3.863	3.900	3.788	3.816	1343403	5149575.00
2025/04/08	3.810	3.820	3.690	3.803	465177	1755680.00
2025/04/09	3.788	3.788	3.740	3.765	1156115	4342513.00
2025/04/10	3.744	3.810	3.731	3.810	343975	1299203.00
2025/04/11	3.810	3.849	3.802	3.823	199046	763317.00
2025/04/14	3.810	3.920	3.791	3.919	1438414	5525441.00
2025/04/15	3.921	3.921	3.887	3.917	313114	1223325.00
2025/04/16	3.916	4.085	3.898	4.059	542408	2144922.00
2025/04/17	4.040	4.073	3.981	3.993	1362817	5478330.00
2025/04/18	3.977	3.990	3.950	3.965	218285	867011.00
2025/04/21	3.969	3.970	3.899	3.920	329457	1291883.00
2025/04/22	3.909	3.946	3.909	3.927	240910	946943.00
2025/04/23	3.924	3.968	3.909	3.938	497848	1961954.00
2025/04/24	3.931	3.938	3.914	3.928	353268	1384820.00
2025/04/25	3.912	3.942	3.910	3.923	65824	258272.00
2025/04/28	3.922	3.941	3.900	3.912	461676	1807870.00
2025/04/29	3.909	3.960	3.909	3.953	549333	2163318.00
2025/04/30	3.942	4.008	3.942	3.972	302510	1203957.00
2025/05/06	3.975	4.010	3.972	3.999	187422	749172.00
2025/05/07	4.008	4.008	3.986	3.987	97800	390705.00
2025/05/08	3.975	4.000	3.948	3.998	766708	3035348.00
2025/05/09	3.996	3.996	3.933	3.980	569891	2258609.00
2025/05/12	3.973	3.999	3.967	3.999	367272	1464207.00
2025/05/13	4.008	4.017	3.965	3.990	840162	3360933.00
2025/05/14	3.993	4.003	3.968	3.974	643395	2568549.00
2025/05/15	3.975	3.990	3.964	3.965	131258	521552.00
2025/05/16	3.966	4.030	3.955	4.006	1309966	5244563.00
2025/05/19	3.997	4.053	3.977	4.008	922986	3703868.00
2025/05/20	4.019	4.044	4.000	4.044	852259	3440820.00
2025/05/21	4.050	4.121	4.040	4.108	2237022	9134867.00
2025/05/22	4.105	4.106	4.068	4.092	711154	2903992.00
2025/05/23	4.092	4.138	4.000	4.101	825162	3380506.00
2025/05/26	4.073	4.118	4.073	4.104	1066688	4385575.00
2025/05/27	4.105	4.118	4.105	4.107	865863	3558355.00
2025/05/28	4.107	4.129	4.080	4.091	1167400	4780650.00
2025/05/29	4.097	4.147	4.030	4.147	1285670	5304806.00
2025/05/30	4.130	4.150	4.130	4.133	620552	2567651.00
2025/06/03	4.129	4.185	4.107	4.125	1187244	4915715.00
2025/06/04	4.085	4.140	4.085	4.115	564804	2325075.00
2025/06/05	4.118	4.173	4.096	4.105	1332765	5486393.00
2025/06/06	4.105	4.140	4.090	4.127	1907308	7840169.00
2025/06/09	4.129	4.170	4.129	4.154	707817	2940694.00
2025/06/10	4.154	4.230	4.118	4.166	1300128	5424679.00
2025/06/11	4.152	4.200	4.152	4.191	1220142	5096666.00
2025/06/12	4.204	4.238	4.180	4.198	1142642	4800920.00
2025/06/13	4.197	4.235	4.164	4.200	1390054	5836126.00
2025/06/16	4.183	4.262	4.177	4.205	1927424	8091279.00
2025/06/17	4.205	4.226	4.198	4.206	742386	3121458.00
2025/06/18	4.207	4.234	4.182	4.232	395657	1664844.00
2025/06/19	4.232	4.315	4.231	4.303	2564824	11007844.00
2025/06/20	4.340	4.421	4.300	4.394	1332108	5820183.00
2025/06/23	4.346	4.481	4.346	4.395	910441	4014033.00
2025/06/24	4.371	4.435	4.268	4.308	2213430	9569717.00
2025/06/25	4.291	4.353	4.257	4.306	951318	4085122.00
2025/06/26	4.291	4.310	4.280	4.289	990394	4254725.00
2025/06/27	4.289	4.301	4.238	4.253	1635218	6942347.00
2025/06/30	4.252	4.255	4.227	4.249	1484449	6294223.00
2025/07/01	4.254	4.261	4.241	4.255	2112735	8983819.00
2025/07/02	4.269	4.310	4.250	4.285	1112871	4767544.00
2025/07/03	4.285	4.311	4.260	4.279	1274702	5465443.00
2025/07/04	4.267	4.350	4.262	4.278	1388377	5952607.00
2025/07/07	4.291	4.325	4.278	4.311	1015127	4369789.00
2025/07/08	4.322	4.373	4.294	4.312	1261877	5444974.00
2025/07/09	4.321	4.321	4.261	4.279	1463475	6269434.00
2025/07/10	4.293	4.310	4.250	4.256	960258	4103567.00
2025/07/11	4.252	4.269	4.239	4.239	455500	1932544.00
2025/07/14	4.252	4.264	4.230	4.237	537424	2280725.00
2025/07/15	4.237	4.250	4.230	4.250	811733	3438780.00
2025/07/16	4.266	4.339	4.250	4.298	1036237	4433942.00
2025/07/17	4.281	4.301	4.260	4.260	347498	1485284.00
2025/07/18	4.260	4.270	4.220	4.223	1048660	4440274.00
2025/07/21	4.236	4.240	4.168	4.193	1043036	4366606.00
2025/07/22	4.178	4.181	4.103	4.108	1228273	5063510.00
2025/07/23	4.108	4.108	4.080	4.107	793665	3247060.00
2025/07/24	4.115	4.190	4.107	4.168	1694441	6997945.00
2025/07/25	4.166	4.200	4.131	4.173	1855317	7706423.00
2025/07/28	4.175	4.207	4.148	4.173	2217578	9226370.00
2025/07/29	4.173	4.178	4.114	4.121	802903	3316768.00
2025/07/30	4.125	4.195	4.095	4.185	2427023	10018262.00
2025/07/31	4.190	4.237	4.189	4.225	1219603	5133857.00
2025/08/01	4.214	4.295	4.192	4.273	998650	4234551.00
2025/08/04	4.273	4.302	4.233	4.235	270261	1152642.00
2025/08/05	4.238	4.268	4.177	4.229	898448	3790630.00
2025/08/06	4.223	4.289	4.193	4.237	1461431	6173417.00
2025/08/07	4.225	4.237	4.197	4.230	358743	1514349.00
2025/08/08	4.232	4.232	4.195	4.217	349083	1466929.00
2025/08/11	4.214	4.214	4.183	4.189	323519	1356218.00
2025/08/12	4.181	4.205	4.165	4.203	618423	2582882.00
2025/08/13	4.192	4.220	4.182	4.210	657968	2760283.00
2025/08/14	4.203	4.238	4.192	4.209	385373	1623811.00
2025/08/15	4.214	4.214	4.184	4.195	86020	360372.00
2025/08/18	4.192	4.192	4.085	4.097	1293197	5313151.00
2025/08/19	4.082	4.098	4.045	4.077	1026096	4169708.00
2025/08/20	4.082	4.126	4.080	4.095	238192	979165.00
2025/08/21	4.090	4.170	4.080	4.091	1344566	5514253.00
2025/08/22	4.082	4.132	4.052	4.081	795717	3234861.00
2025/08/25	4.071	4.100	4.052	4.085	561287	2292997.00
2025/08/26	4.099	4.131	4.082	4.120	1605045	6599168.00
2025/08/27	4.126	4.126	4.091	4.112	885774	3632620.00
2025/08/28	4.104	4.137	4.068	4.100	2527605	10342875.00
2025/08/29	4.082	4.112	4.049	4.098	460859	1885775.00
2025/09/01	4.098	4.114	4.078	4.093	133004	543847.00
2025/09/02	4.082	4.124	4.082	4.089	2495684	10248318.00
2025/09/03	4.103	4.116	4.080	4.099	1409484	5779316.00
2025/09/04	4.100	4.159	4.100	4.138	1197258	4944683.00
2025/09/05	4.139	4.148	4.110	4.144	887447	3667036.00
2025/09/08	4.130	4.148	4.110	4.135	1570003	6486777.00
2025/09/09	4.148	4.195	4.138	4.195	460415	1923424.00
2025/09/10	4.195	4.203	4.167	4.169	1019395	4271107.00
2025/09/11	4.167	4.185	4.148	4.170	418350	1743570.00
2025/09/12	4.158	4.192	4.156	4.177	207067	864401.00
2025/09/15	4.183	4.216	4.170	4.187	196767	825838.00
2025/09/16	4.203	4.236	4.175	4.175	779300	3286188.00
2025/09/17	4.174	4.220	4.173	4.175	268359	1121088.00
2025/09/18	4.175	4.199	4.175	4.175	255438	1068200.00
2025/09/19	4.170	4.186	4.159	4.175	71505	298338.00
2025/09/22	4.175	4.212	4.150	4.183	616596	2588605.00
2025/09/23	4.192	4.202	4.159	4.162	46000	192357.00
2025/09/24	4.170	4.176	4.123	4.141	444900	1847896.00
2025/09/25	4.141	4.170	4.101	4.105	1601414	6605695.00
2025/09/26	4.115	4.147	4.098	4.115	981997	4054489.00
2025/09/29	4.126	4.142	4.111	4.125	70765	291627.00
2025/09/30	4.126	4.148	4.126	4.148	163793	678579.00
2025/10/09	4.159	4.159	4.119	4.121	507162	2097956.00
2025/10/10	4.137	4.159	4.111	4.146	307158	1270641.00
2025/10/13	4.127	4.220	4.127	4.131	365373	1520535.00
2025/10/14	4.159	4.165	4.082	4.144	921060	3808481.00
2025/10/15	4.140	4.144	4.114	4.141	129033	532103.00
2025/10/16	4.126	4.140	4.105	4.137	438827	1807784.00
2025/10/17	4.126	4.192	4.115	4.187	1646563	6790144.00
2025/10/20	4.188	4.197	4.114	4.147	139945	579474.00
2025/10/21	4.148	4.203	4.058	4.075	2597248	10605391.00
2025/10/22	4.075	4.082	4.006	4.074	1945247	7895722.00
2025/10/23	4.060	4.094	4.059	4.071	768500	3139725.00
2025/10/24	4.082	4.100	4.070	4.085	584757	2390476.00
2025/10/27	4.092	4.105	4.072	4.088	747229	3054091.00
2025/10/28	4.096	4.163	4.096	4.139	1367251	5663167.00
2025/10/29	4.150	4.258	4.140	4.249	2370656	9950540.00
2025/10/30	4.249	4.250	4.209	4.244	1052465	4451919.00
2025/10/31	4.225	4.251	4.203	4.205	685994	2893343.00
2025/11/03	4.214	4.249	4.170	4.170	834300	3499951.00
2025/11/04	4.170	4.175	4.138	4.170	1278451	5326817.00
2025/11/05	4.159	4.247	4.132	4.214	1294355	5400891.00
2025/11/06	4.216	4.269	4.137	4.200	707011	2955696.00
2025/11/07	4.183	4.272	4.170	4.254	707645	3003234.00
2025/11/10	4.247	4.247	4.196	4.240	1181290	4984136.00
2025/11/11	4.236	4.270	4.225	4.240	753532	3199456.00
2025/11/12	4.236	4.270	4.214	4.259	1091188	4634043.00
2025/11/13	4.263	4.263	4.236	4.250	126720	539011.00
2025/11/14	4.236	4.280	4.236	4.274	1571514	6694849.00
2025/11/17	4.274	4.300	4.269	4.282	495805	2120389.00
2025/11/18	4.290	4.290	4.259	4.271	437706	1868834.00
2025/11/19	4.258	4.277	4.224	4.233	647700	2744547.00
2025/11/20	4.256	4.256	4.220	4.227	129423	547324.00
2025/11/21	4.249	4.249	4.170	4.197	781467	3276734.00
2025/11/24	4.222	4.222	4.173	4.197	239019	1003066.00
2025/11/25	4.210	4.235	4.103	4.200	902584	3774512.00
2025/11/26	4.219	4.222	4.133	4.222	712500	2986289.00
2025/11/27	4.222	4.302	4.205	4.205	407601	1722923.00
2025/11/28	4.230	4.250	4.161	4.233	573820	2414061.00
2025/12/01	4.208	4.262	4.159	4.262	337500	1422183.00
2025/12/02	4.230	4.267	4.221	4.260	34514	146696.00
2025/12/03	4.250	4.281	4.233	4.250	62400	265860.00
2025/12/04	4.233	4.255	4.194	4.227	178615	755273.00
2025/12/05	4.202	4.241	4.188	4.196	353600	1485607.00
2025/12/08	4.189	4.221	4.159	4.160	389913	1635621.00
2025/12/09	4.185	4.235	4.110	4.156	659600	2735665.00
2025/12/10	4.154	4.209	4.118	4.207	1119144	4649921.00
2025/12/11	4.208	4.208	4.185	4.197	245971	1031383.00
2025/12/12	4.181	4.181	4.103	4.119	787625	3244809.00
2025/12/15	4.105	4.156	4.060	4.089	601500	2457591.00
2025/12/16	4.088	4.128	4.050	4.099	1018102	4149725.00
2025/12/17	4.059	4.158	4.059	4.103	420213	1728066.00
2025/12/18	4.099	4.120	4.058	4.062	387718	1580638.00
2025/12/19	4.022	4.069	3.992	4.020	952521	3825918.00
2025/12/22	4.021	4.021	3.984	3.990	134803	538775.00
2025/12/23	4.025	4.025	3.929	3.984	381178	1516249.00
2025/12/24	3.945	4.057	3.945	4.047	1014828	4076667.00
2025/12/25	4.041	4.165	4.040	4.161	933048	3860420.00
2025/12/26	4.150	4.156	4.089	4.120	887190	3676376.00
2025/12/29	4.080	4.160	4.080	4.090	509708	2101418.00
2025/12/30	4.163	4.163	4.061	4.092	70022	287551.00
2025/12/31	4.057	4.162	4.056	4.088	301502	1233081.00
2026/01/05	4.155	4.160	4.060	4.159	327419	1352713.00
2026/01/06	4.166	4.250	4.119	4.227	1428658	6005865.00
2026/01/07	4.228	4.300	4.220	4.288	362857	1551360.00
2026/01/08	4.290	4.320	4.249	4.272	316798	1356337.00
2026/01/09	4.262	4.279	4.180	4.242	1143005	4847096.00
2026/01/12	4.171	4.238	4.171	4.210	242504	1020246.00
2026/01/13	4.175	4.295	4.172	4.210	479000	2015241.00
2026/01/14	4.165	4.215	4.143	4.206	1302980	5452473.00
2026/01/15	4.185	4.229	4.128	4.206	961100	4034412.00
2026/01/16	4.203	4.227	4.192	4.223	276910	1165363.00
2026/01/19	4.244	4.245	4.183	4.245	1021639	4330675.00
2026/01/20	4.220	4.299	4.208	4.266	812141	3472220.00
2026/01/21	4.279	4.279	4.220	4.251	2069526	8790938.00
2026/01/22	4.245	4.302	4.245	4.281	1479709	6331257.00
2026/01/23	4.298	4.415	4.269	4.281	2859045	12415371.00
2026/01/26	4.279	4.390	4.194	4.272	486160	2064789.00
2026/01/27	4.232	4.342	4.223	4.290	1632198	6966994.00
2026/01/28	4.288	4.320	4.250	4.255	674143	2882022.00
2026/01/29	4.242	4.375	4.239	4.370	551046	2373571.00
2026/01/30	4.370	4.406	4.310	4.310	788605	3423300.00
2026/02/02	4.310	4.310	4.245	4.265	337133	1438407.00
2026/02/03	4.259	4.278	4.256	4.263	508967	2170307.00
2026/02/04	4.264	4.290	4.242	4.271	434805	1854662.00
2026/02/05	4.271	4.271	4.244	4.257	171100	727755.00
2026/02/06	4.257	4.264	4.207	4.255	289601	1227171.00
2026/02/09	4.249	4.289	4.178	4.220	321502	1359585.00
2026/02/10	4.195	4.301	4.172	4.270	721660	3060075.00
2026/02/11	4.246	4.321	4.230	4.273	394050	1681568.00
2026/02/12	4.269	4.325	4.244	4.291	1260426	5408801.00
2026/02/13	4.326	4.326	4.250	4.276	130801	559589.00
2026/02/24	4.269	4.306	4.250	4.250	535800	2292297.00
2026/02/25	4.244	4.250	4.218	4.242	1227902	5192022.00
2026/02/26	4.225	4.293	4.202	4.223	688822	2907249.00
2026/02/27	4.211	4.227	4.173	4.187	330607	1394286.00
2026/03/02	4.187	4.206	4.123	4.145	1040305	4323549.00
2026/03/03	4.139	4.168	4.139	4.146	2048518	8497132.00
2026/03/04	4.170	4.173	4.145	4.153	1188700	4938281.00
2026/03/05	4.153	4.180	4.140	4.150	498264	2071105.00
2026/03/06	4.175	4.175	4.072	4.093	962633	3952021.00
2026/03/09	4.071	4.105	4.071	4.094	994923	4068108.00
2026/03/10	4.124	4.174	4.091	4.151	4432657	18193306.00
2026/03/11	4.171	4.171	4.112	4.144	830015	3426291.00
2026/03/12	4.117	4.190	4.105	4.131	282600	1173507.00
2026/03/13	4.109	4.181	4.101	4.169	383000	1591117.00
2026/03/16	4.151	4.200	4.129	4.142	1057205	4376196.00
2026/03/17	4.155	4.190	4.132	4.136	643300	2660676.00
2026/03/18	4.133	4.175	4.133	4.154	265902	1104405.00
2026/03/19	4.126	4.178	4.126	4.153	1129701	4705019.00
2026/03/20	4.126	4.176	4.125	4.153	1014890	4213686.00
2026/03/23	4.153	4.153	4.096	4.127	278831	1144882.00
2026/03/24	4.175	4.175	4.119	4.143	364501	1504745.00
2026/04/03	4.140	4.235	4.126	4.145	7560700	31338164.00
#数据来源:通达信
