508078 жаКНвзЩЬВжДЂЮяСї ШеЯп ВЛИДШЈ
      ШеЦк	    ПЊХЬ	    зюИп	    зюЕЭ	    ЪеХЬ	    ГЩНЛСП	    ГЩНЛЖю
2025/01/24	2.890	3.150	2.890	3.030	10218188	30260796.00
2025/01/27	3.025	3.098	2.984	3.069	2047968	6219028.00
2025/02/05	3.070	3.100	3.010	3.060	1970992	6008653.00
2025/02/06	3.051	3.069	3.000	3.049	3521585	10660204.00
2025/02/07	3.033	3.033	3.001	3.015	1719840	5188206.00
2025/02/10	3.006	3.020	2.969	3.008	6265365	18730814.00
2025/02/11	3.008	3.185	2.991	3.124	5616671	17168272.00
2025/02/12	3.116	3.128	3.087	3.100	2818402	8749268.00
2025/02/13	3.095	3.095	3.040	3.054	1721921	5275228.00
2025/02/14	3.030	3.074	3.008	3.068	1889298	5745786.00
2025/02/17	3.068	3.118	3.050	3.083	1248421	3846595.00
2025/02/18	3.070	3.144	3.050	3.066	3213588	9928449.00
2025/02/19	3.061	3.079	3.036	3.049	1383782	4216415.00
2025/02/20	3.050	3.057	3.030	3.030	1412460	4296868.00
2025/02/21	3.042	3.068	3.031	3.045	2130800	6499670.00
2025/02/24	3.045	3.045	2.990	2.993	1821260	5478471.00
2025/02/25	3.000	3.023	2.980	2.991	1860940	5584510.00
2025/02/26	3.010	3.019	2.976	2.984	1195809	3581448.00
2025/02/27	2.992	2.992	2.950	2.969	2087026	6197440.00
2025/02/28	2.957	2.970	2.943	2.949	1455960	4294193.00
2025/03/03	2.968	3.000	2.947	2.997	729901	2175127.00
2025/03/04	3.005	3.042	3.000	3.023	1873211	5672905.00
2025/03/05	3.023	3.032	3.013	3.023	552360	1669761.00
2025/03/06	3.022	3.030	3.002	3.012	561860	1691958.00
2025/03/07	3.019	3.019	3.002	3.004	393100	1181299.00
2025/03/10	3.018	3.018	3.006	3.008	183314	551481.00
2025/03/11	3.010	3.010	3.005	3.008	312600	940344.00
2025/03/12	3.005	3.010	2.997	3.002	791760	2375259.00
2025/03/13	3.006	3.011	2.990	2.998	746900	2240747.00
2025/03/14	3.003	3.003	2.989	3.000	1212700	3634245.00
2025/03/17	2.990	3.003	2.990	3.000	486191	1458325.00
2025/03/18	3.000	3.007	2.995	3.001	799299	2397326.00
2025/03/19	3.006	3.041	2.998	3.040	7593257	23004860.00
2025/03/20	3.045	3.050	3.039	3.041	1999960	6080355.00
2025/03/21	3.044	3.049	3.000	3.044	3305200	10005578.00
2025/03/24	3.029	3.043	3.020	3.035	412597	1250611.00
2025/03/25	3.030	3.051	3.030	3.044	803600	2446008.00
2025/03/26	3.048	3.048	3.015	3.042	1842394	5582169.00
2025/03/27	3.042	3.051	3.035	3.046	11054220	33558312.00
2025/03/28	3.059	3.089	3.030	3.046	2563422	7819717.00
2025/03/31	3.046	3.078	3.045	3.064	962200	2945660.00
2025/04/01	3.053	3.079	3.045	3.070	483000	1483284.00
2025/04/02	3.075	3.099	3.069	3.085	848900	2617279.00
2025/04/03	3.080	3.115	3.075	3.100	1216861	3757917.00
2025/04/07	3.067	3.098	3.000	3.011	2045600	6210590.00
2025/04/08	3.011	3.055	3.011	3.018	2729967	8249441.00
2025/04/09	3.039	3.039	3.009	3.022	612800	1849786.00
2025/04/10	3.040	3.060	3.022	3.059	1553807	4720587.00
2025/04/11	3.060	3.114	3.060	3.102	2308671	7149489.00
2025/04/14	3.102	3.136	3.078	3.112	1183329	3675371.00
2025/04/15	3.096	3.129	3.096	3.121	858221	2674207.00
2025/04/16	3.125	3.135	3.100	3.124	2000298	6247347.00
2025/04/17	3.135	3.200	3.114	3.155	1656800	5215414.00
2025/04/18	3.155	3.180	3.136	3.168	422600	1332432.00
2025/04/21	3.181	3.182	3.129	3.156	772500	2433514.00
2025/04/22	3.150	3.156	3.094	3.115	1635100	5107588.00
2025/04/23	3.115	3.137	3.094	3.113	1024700	3189106.00
2025/04/24	3.125	3.135	3.112	3.125	359500	1122033.00
2025/04/25	3.135	3.138	3.120	3.136	383500	1201412.00
2025/04/28	3.142	3.144	3.040	3.068	2006108	6166837.00
2025/04/29	3.070	3.095	3.066	3.082	641100	1971506.00
2025/04/30	3.116	3.116	3.078	3.099	311600	962371.00
2025/05/06	3.104	3.125	3.080	3.099	815260	2522284.00
2025/05/07	3.099	3.125	3.088	3.105	371700	1151622.00
2025/05/08	3.105	3.118	3.071	3.108	1013200	3126129.00
2025/05/09	3.107	3.141	3.096	3.120	480260	1497016.00
2025/05/12	3.132	3.157	3.112	3.154	457060	1430827.00
2025/05/13	3.167	3.200	3.130	3.149	765960	2410435.00
2025/05/14	3.142	3.180	3.137	3.170	519721	1641162.00
2025/05/15	3.183	3.209	3.150	3.189	1119354	3560988.00
2025/05/16	3.202	3.293	3.189	3.271	6822544	22272608.00
2025/05/19	3.271	3.355	3.232	3.330	2600811	8565036.00
2025/05/20	3.343	3.400	3.310	3.364	3240029	10899639.00
2025/05/21	3.385	3.424	3.363	3.418	2262500	7682283.00
2025/05/22	3.405	3.499	3.389	3.452	1062524	3629441.00
2025/05/23	3.497	3.497	3.414	3.419	1339800	4599813.00
2025/05/26	3.420	3.450	3.380	3.397	2767100	9482088.00
2025/05/27	3.411	3.448	3.360	3.391	966870	3278791.00
2025/05/28	3.377	3.458	3.339	3.398	1527267	5154340.00
2025/05/29	3.385	3.497	3.351	3.389	2907200	9860954.00
2025/05/30	3.401	3.462	3.376	3.384	1767300	5998479.00
2025/06/03	3.398	3.426	3.360	3.387	2928000	9889061.00
2025/06/04	3.387	3.415	3.370	3.380	3972700	13429628.00
2025/06/05	3.358	3.433	3.288	3.423	1375100	4577215.00
2025/06/06	3.422	3.423	3.393	3.410	519824	1771201.00
2025/06/09	3.420	3.538	3.392	3.418	414800	1419486.00
2025/06/10	3.420	3.447	3.410	3.414	646977	2214303.00
2025/06/11	3.416	3.439	3.386	3.428	855300	2924090.00
2025/06/12	3.442	3.455	3.399	3.409	1095700	3736560.00
2025/06/13	3.405	3.454	3.389	3.401	1527900	5204048.00
2025/06/16	3.412	3.428	3.388	3.414	1285086	4381715.00
2025/06/17	3.425	3.478	3.400	3.415	3562100	12205804.00
2025/06/18	3.401	3.469	3.401	3.444	1010560	3464737.00
2025/06/19	3.444	3.485	3.444	3.445	1224400	4227048.00
2025/06/20	3.442	3.595	3.418	3.540	2162100	7489397.00
2025/06/23	3.540	3.573	3.515	3.560	596138	2109750.00
2025/06/24	3.560	3.560	3.462	3.488	2138900	7484227.00
2025/06/25	3.485	3.515	3.436	3.507	783700	2716472.00
2025/06/26	3.506	3.533	3.480	3.502	406100	1420086.00
2025/06/27	3.488	3.528	3.460	3.500	298400	1039092.00
2025/06/30	3.520	3.520	3.414	3.468	880180	3047512.00
2025/07/01	3.468	3.468	3.422	3.439	1164260	4000588.00
2025/07/02	3.425	3.465	3.425	3.464	529560	1830773.00
2025/07/03	3.477	3.477	3.446	3.453	239500	827783.00
2025/07/04	3.439	3.474	3.438	3.466	208400	720856.00
2025/07/07	3.473	3.515	3.473	3.505	258189	902360.00
2025/07/08	3.535	3.535	3.490	3.499	325949	1139796.00
2025/07/09	3.496	3.526	3.429	3.467	692700	2407889.00
2025/07/10	3.466	3.494	3.441	3.459	361200	1253091.00
2025/07/11	3.445	3.480	3.420	3.452	709560	2439753.00
2025/07/14	3.462	3.466	3.412	3.434	113700	389925.00
2025/07/15	3.438	3.478	3.438	3.467	697800	2415143.00
2025/07/16	3.471	3.480	3.453	3.471	338900	1174921.00
2025/07/17	3.471	3.497	3.445	3.471	367600	1274186.00
2025/07/18	3.481	3.495	3.458	3.475	103900	360299.00
2025/07/21	3.485	3.494	3.434	3.437	480613	1662651.00
2025/07/22	3.447	3.447	3.354	3.371	1006000	3408085.00
2025/07/23	3.353	3.353	3.285	3.315	951300	3154393.00
2025/07/24	3.315	3.315	3.278	3.289	3703721	12168771.00
2025/07/25	3.289	3.306	3.245	3.264	900260	2932698.00
2025/07/28	3.251	3.271	3.222	3.260	1403938	4540109.00
2025/07/29	3.247	3.260	3.202	3.252	837860	2701705.00
2025/07/30	3.250	3.326	3.248	3.326	867290	2862290.00
2025/07/31	3.330	3.383	3.330	3.375	494000	1664321.00
2025/08/01	3.382	3.394	3.353	3.370	851800	2872083.00
2025/08/04	3.380	3.380	3.330	3.343	787560	2637237.00
2025/08/05	3.353	3.358	3.330	3.336	232100	774505.00
2025/08/06	3.349	3.349	3.310	3.329	879660	2922622.00
2025/08/07	3.338	3.338	3.279	3.324	1545000	5095354.00
2025/08/08	3.311	3.323	3.288	3.310	840560	2774647.00
2025/08/11	3.320	3.320	3.248	3.256	828100	2704837.00
2025/08/12	3.256	3.300	3.236	3.291	1633800	5348823.00
2025/08/13	3.305	3.308	3.278	3.294	370400	1217025.00
2025/08/14	3.304	3.314	3.250	3.275	761611	2483445.00
2025/08/15	3.271	3.300	3.221	3.235	1096700	3553019.00
2025/08/18	3.248	3.248	3.111	3.131	2497820	7833656.00
2025/08/19	3.130	3.133	3.027	3.087	1758400	5425850.00
2025/08/20	3.105	3.147	3.068	3.101	1885538	5881319.00
2025/08/21	3.120	3.132	3.089	3.128	1569060	4871341.00
2025/08/22	3.128	3.150	3.109	3.124	697300	2176634.00
2025/08/25	3.120	3.165	3.093	3.153	1442290	4527956.00
2025/08/26	3.140	3.275	3.140	3.268	1144600	3684472.00
2025/08/27	3.279	3.284	3.213	3.268	1858100	6011787.00
2025/08/28	3.248	3.266	3.230	3.266	534930	1740762.00
2025/08/29	3.246	3.266	3.195	3.258	645400	2077930.00
2025/09/01	3.238	3.256	3.219	3.243	168400	545065.00
2025/09/02	3.242	3.277	3.242	3.253	391400	1273171.00
2025/09/03	3.250	3.299	3.243	3.255	184800	601027.00
2025/09/04	3.275	3.298	3.245	3.261	1093460	3583675.00
2025/09/05	3.277	3.299	3.196	3.230	1982300	6381139.00
2025/09/08	3.211	3.241	3.184	3.186	462200	1475369.00
2025/09/09	3.190	3.196	3.154	3.166	357400	1131841.00
2025/09/10	3.167	3.185	3.114	3.145	2402238	7511976.00
2025/09/11	3.137	3.243	3.115	3.180	1486500	4737196.00
2025/09/12	3.199	3.245	3.181	3.207	543660	1740136.00
2025/09/15	3.207	3.225	3.196	3.224	133400	428650.00
2025/09/16	3.241	3.245	3.220	3.235	1104560	3573231.00
2025/09/17	3.216	3.290	3.209	3.275	229100	745818.00
2025/09/18	3.275	3.281	3.235	3.247	178200	581600.00
2025/09/19	3.266	3.283	3.237	3.251	139700	453650.00
2025/09/22	3.251	3.290	3.212	3.223	179100	578021.00
2025/09/23	3.223	3.230	3.206	3.222	69900	224943.00
2025/09/24	3.203	3.240	3.196	3.225	558800	1791151.00
2025/09/25	3.212	3.238	3.195	3.222	480200	1545624.00
2025/09/26	3.238	3.241	3.200	3.204	81600	262085.00
2025/09/29	3.204	3.220	3.190	3.211	270400	866854.00
2025/09/30	3.211	3.260	3.183	3.208	376400	1206158.00
2025/10/09	3.208	3.227	3.190	3.204	556600	1783272.00
2025/10/10	3.185	3.245	3.172	3.204	98300	314737.00
2025/10/13	3.185	3.228	3.100	3.214	430400	1380207.00
2025/10/14	3.195	3.214	3.176	3.194	287900	918312.00
2025/10/15	3.194	3.210	3.160	3.160	219300	695318.00
2025/10/16	3.130	3.200	3.130	3.141	398000	1254777.00
2025/10/17	3.131	3.200	3.122	3.130	179900	564793.00
2025/10/20	3.149	3.243	3.105	3.108	403000	1256579.00
2025/10/21	3.127	3.135	3.067	3.100	188900	583611.00
2025/10/22	3.081	3.168	3.081	3.162	350100	1096650.00
2025/10/23	3.168	3.200	3.168	3.187	166100	528870.00
2025/10/24	3.206	3.245	3.200	3.242	221500	714677.00
2025/10/27	3.223	3.260	3.208	3.223	686400	2215803.00
2025/10/28	3.223	3.261	3.200	3.230	406000	1315926.00
2025/10/29	3.230	3.298	3.227	3.255	509300	1652688.00
2025/10/30	3.252	3.295	3.235	3.245	202600	658794.00
2025/10/31	3.251	3.279	3.245	3.248	59000	192001.00
2025/11/03	3.267	3.278	3.208	3.243	191200	622383.00
2025/11/04	3.230	3.252	3.163	3.203	767600	2461030.00
2025/11/05	3.205	3.266	3.147	3.166	1246900	3952222.00
2025/11/06	3.163	3.196	3.157	3.167	183045	578797.00
2025/11/07	3.186	3.239	3.167	3.197	380900	1218587.00
2025/11/10	3.216	3.239	3.132	3.170	1869500	5917087.00
2025/11/11	3.168	3.197	3.156	3.194	225621	719182.00
2025/11/12	3.213	3.238	3.167	3.210	1432400	4594476.00
2025/11/13	3.210	3.226	3.197	3.197	2537400	8122624.00
2025/11/14	3.195	3.227	3.178	3.199	1326400	4243761.00
2025/11/17	3.176	3.179	3.114	3.130	488800	1534324.00
2025/11/18	3.142	3.161	3.123	3.125	576800	1804439.00
2025/11/19	3.110	3.161	3.087	3.098	1086900	3372741.00
2025/11/20	3.083	3.192	3.037	3.080	419600	1295565.00
2025/11/21	3.098	3.098	3.052	3.054	412560	1265988.00
2025/11/24	3.050	3.098	3.041	3.044	468800	1429965.00
2025/11/25	3.062	3.077	3.053	3.066	468800	1437954.00
2025/11/26	3.076	3.076	3.058	3.061	205400	629849.00
2025/11/27	3.079	3.079	3.056	3.069	192860	591821.00
2025/11/28	3.087	3.087	3.016	3.046	794160	2421587.00
2025/12/01	3.040	3.047	3.006	3.035	670460	2030251.00
2025/12/02	3.035	3.035	3.010	3.021	465500	1407247.00
2025/12/03	3.029	3.029	3.003	3.018	439600	1325858.00
2025/12/04	3.017	3.023	2.999	3.001	1174421	3534350.00
2025/12/05	2.983	3.024	2.983	3.018	620500	1871655.00
2025/12/08	3.033	3.036	3.004	3.008	109400	329393.00
2025/12/09	3.026	3.030	2.948	3.019	1257200	3747503.00
2025/12/10	3.023	3.039	2.983	3.017	771700	2336038.00
2025/12/11	3.004	3.020	2.990	3.010	442000	1328855.00
2025/12/12	3.030	3.030	2.988	3.008	1166600	3500402.00
2025/12/15	2.992	3.029	2.970	2.983	789900	2360724.00
2025/12/16	2.983	2.983	2.943	2.956	1464900	4328545.00
2025/12/17	2.972	2.972	2.938	2.949	1540900	4544416.00
2025/12/18	2.972	2.972	2.910	2.925	1336400	3907113.00
2025/12/19	2.930	2.955	2.895	2.910	378500	1099603.00
2025/12/22	2.943	2.955	2.873	2.903	1198500	3470050.00
2025/12/23	2.884	2.954	2.857	2.884	3112100	8971571.00
2025/12/24	2.857	3.030	2.831	2.949	1632321	4741322.00
2025/12/25	2.944	3.056	2.921	2.984	1303600	3912042.00
2025/12/26	2.972	2.999	2.880	2.927	9204900	26765552.00
2025/12/29	2.914	2.914	2.868	2.889	1144700	3300230.00
2025/12/30	2.889	2.909	2.855	2.884	724500	2083855.00
2025/12/31	2.884	2.912	2.860	2.895	1199860	3460549.00
2026/01/05	2.895	2.990	2.890	2.935	3718100	10810708.00
2026/01/06	2.916	2.960	2.916	2.936	1876700	5512740.00
2026/01/07	2.950	2.985	2.940	2.964	3148300	9317521.00
2026/01/08	2.964	2.991	2.948	2.961	2099360	6236681.00
2026/01/09	2.961	2.975	2.910	2.942	1124100	3298093.00
2026/01/12	2.937	2.957	2.893	2.928	3671800	10671465.00
2026/01/13	2.926	2.956	2.882	2.920	1347640	3921195.00
2026/01/14	2.931	2.936	2.888	2.928	6338000	18440928.00
2026/01/15	2.914	2.937	2.897	2.930	2932700	8550040.00
2026/01/16	2.929	2.940	2.908	2.911	2758000	8048404.00
2026/01/19	2.908	2.928	2.880	2.888	500400	1448941.00
2026/01/20	2.880	2.904	2.865	2.899	2686200	7746660.00
2026/01/21	2.906	2.930	2.881	2.914	2149300	6247865.00
2026/01/22	2.929	3.018	2.929	2.970	7393210	22010468.00
2026/01/23	2.987	3.018	2.955	2.970	6914100	20669192.00
2026/01/26	2.952	2.987	2.890	2.900	5263000	15334805.00
2026/01/27	2.895	2.935	2.885	2.909	4249307	12387921.00
2026/01/28	2.922	2.927	2.902	2.920	4036700	11785049.00
2026/01/29	2.937	2.978	2.920	2.945	7834500	23245528.00
2026/01/30	2.944	2.962	2.898	2.902	4077693	11971917.00
2026/02/02	2.899	2.902	2.877	2.885	5222300	15097598.00
2026/02/03	2.886	2.937	2.863	2.919	3552300	10327891.00
2026/02/04	2.910	2.945	2.885	2.923	1601200	4686037.00
2026/02/05	2.941	2.965	2.896	2.928	4189900	12194741.00
2026/02/06	2.915	2.933	2.876	2.895	1919900	5589510.00
2026/02/09	2.895	2.926	2.855	2.900	2449900	7093058.00
2026/02/10	2.899	2.916	2.887	2.895	2591600	7517151.00
2026/02/11	2.901	2.915	2.889	2.912	7906500	22968008.00
2026/02/12	2.897	2.915	2.897	2.912	4147000	12068953.00
2026/02/13	2.911	2.921	2.891	2.913	5250100	15248799.00
2026/02/24	2.913	2.928	2.905	2.910	3054300	8885705.00
2026/02/25	2.902	2.914	2.893	2.912	5327200	15490372.00
2026/02/26	2.902	2.913	2.882	2.910	6532300	18990096.00
2026/02/27	2.909	2.909	2.878	2.895	4170607	12059395.00
2026/03/02	2.896	2.896	2.857	2.873	2580900	7409320.00
2026/03/03	2.878	2.890	2.858	2.873	3389160	9743867.00
2026/03/04	2.873	2.876	2.861	2.871	2608500	7489193.00
2026/03/05	2.886	2.888	2.850	2.857	724500	2078306.00
2026/03/06	2.869	2.869	2.824	2.840	2442400	6947044.00
2026/03/09	2.853	2.853	2.800	2.839	5168600	14631336.00
2026/03/10	2.848	2.849	2.825	2.841	5980600	17001556.00
2026/03/11	2.841	2.847	2.816	2.841	5755100	16341649.00
2026/03/12	2.841	2.844	2.817	2.825	3063800	8658424.00
2026/03/13	2.842	2.843	2.802	2.836	3970100	11248902.00
2026/03/16	2.841	2.844	2.779	2.807	2198400	6157918.00
2026/03/17	2.800	2.823	2.781	2.812	323300	907593.00
2026/03/18	2.798	2.869	2.798	2.858	1865860	5298673.00
2026/03/19	2.850	2.865	2.826	2.843	1545460	4390823.00
2026/03/20	2.846	2.858	2.821	2.833	1478900	4197225.00
2026/03/23	2.832	2.832	2.818	2.822	39557	111610.00
2026/03/24	2.837	2.837	2.783	2.823	537100	1518349.00
2026/04/03	2.799	2.799	2.777	2.785	209300	582263.00
#Ъ§ОнРДдД:ЭЈДяаХ
