508033 ТЧ·ЅґпЙоёЯЛЩREIT ИХПЯ І»ёґИЁ
      ИХЖЪ	    їЄЕМ	    ЧоёЯ	    ЧоµН	    КХЕМ	    іЙЅ»Бї	    іЙЅ»¶о
2024/03/29	6.826	6.830	6.733	6.828	3121738	21263092.00
2024/04/01	6.829	6.830	6.641	6.825	1650665	11099595.00
2024/04/02	6.808	6.830	6.751	6.825	735575	5011294.00
2024/04/03	6.797	6.820	6.750	6.806	1349246	9177447.00
2024/04/08	6.772	6.805	6.770	6.802	936590	6370930.00
2024/04/09	6.803	6.810	6.798	6.800	960708	6535544.00
2024/04/10	6.802	6.830	6.799	6.830	945360	6434507.00
2024/04/11	6.830	6.855	6.829	6.850	438518	3002938.00
2024/04/12	6.854	6.855	6.831	6.841	1078102	7377386.00
2024/04/15	6.850	6.875	6.822	6.870	714752	4905352.00
2024/04/16	6.870	6.884	6.860	6.865	387045	2659265.00
2024/04/17	6.857	6.968	6.857	6.951	650435	4515109.00
2024/04/18	6.951	7.001	6.951	6.973	726354	5071157.00
2024/04/19	6.933	6.952	6.900	6.947	248111	1722811.00
2024/04/22	6.944	6.978	6.908	6.968	417520	2908032.00
2024/04/23	6.968	7.020	6.915	6.970	1963321	13650280.00
2024/04/24	7.002	7.010	6.985	7.002	1853926	12971669.00
2024/04/25	7.037	7.162	7.037	7.150	1794020	12803194.00
2024/04/26	7.159	7.255	7.159	7.250	1356875	9810771.00
2024/04/29	7.243	7.300	7.121	7.181	1918945	13790545.00
2024/04/30	6.744	6.805	6.728	6.785	2592380	17594448.00
2024/05/06	6.790	6.791	6.740	6.740	1126870	7611803.00
2024/05/07	6.739	6.739	6.725	6.735	1553510	10458240.00
2024/05/08	6.738	6.738	6.701	6.702	836997	5611641.00
2024/05/09	6.705	6.740	6.700	6.730	934571	6289898.00
2024/05/10	6.730	6.755	6.700	6.721	639993	4300369.00
2024/05/13	6.734	6.755	6.649	6.733	989554	6657660.00
2024/05/14	6.732	6.748	6.671	6.719	663962	4459246.00
2024/05/15	6.700	6.720	6.700	6.715	527494	3541973.00
2024/05/16	6.700	6.718	6.700	6.709	742346	4982356.00
2024/05/17	6.708	6.730	6.700	6.710	644005	4326070.00
2024/05/20	6.709	6.735	6.708	6.709	662755	4447182.00
2024/05/21	6.709	6.709	6.669	6.699	904872	6057880.00
2024/05/22	6.690	6.711	6.680	6.680	750178	5018227.00
2024/05/23	6.670	6.682	6.641	6.664	639961	4271427.00
2024/05/24	6.666	6.733	6.640	6.710	655813	4376175.00
2024/05/27	6.710	6.768	6.692	6.692	668155	4488852.00
2024/05/28	6.659	6.690	6.633	6.656	289258	1925998.00
2024/05/29	6.633	6.724	6.633	6.688	653024	4359548.00
2024/05/30	6.720	6.720	6.607	6.633	519733	3451065.00
2024/05/31	6.624	6.661	6.624	6.658	562474	3740391.00
2024/06/03	6.632	6.662	6.601	6.650	792154	5271487.00
2024/06/04	6.643	6.749	6.600	6.621	1809979	12064774.00
2024/06/05	6.638	6.709	6.610	6.620	742451	4930394.00
2024/06/06	6.600	6.615	6.580	6.580	901512	5950386.00
2024/06/07	6.580	6.698	6.580	6.590	1061565	7018921.00
2024/06/11	6.590	6.600	6.536	6.580	751323	4948044.00
2024/06/12	6.574	6.580	6.558	6.561	1011518	6642002.00
2024/06/13	6.560	6.575	6.560	6.564	1173698	7708051.00
2024/06/14	6.564	6.644	6.539	6.560	891767	5850784.00
2024/06/17	6.559	6.595	6.550	6.563	752755	4937638.00
2024/06/18	6.545	6.610	6.545	6.605	1250655	8215759.00
2024/06/19	6.605	6.650	6.580	6.650	783125	5171368.00
2024/06/20	6.650	6.700	6.601	6.662	786014	5197566.00
2024/06/21	6.655	6.695	6.603	6.645	1282658	8532588.00
2024/06/24	6.600	6.686	6.594	6.636	988988	6563595.00
2024/06/25	6.645	6.647	6.594	6.594	1437127	9518851.00
2024/06/26	6.594	6.662	6.570	6.600	1149330	7600831.00
2024/06/27	6.600	6.628	6.596	6.622	1059154	6993565.00
2024/06/28	6.590	6.629	6.590	6.611	1063578	7036249.00
2024/07/01	6.591	6.610	6.591	6.606	1119540	7397155.00
2024/07/02	6.600	6.610	6.600	6.604	1208668	7985914.00
2024/07/03	6.609	6.615	6.601	6.604	1364991	9016773.00
2024/07/04	6.603	6.614	6.590	6.590	668000	4411385.00
2024/07/05	6.589	6.589	6.558	6.561	830092	5449813.00
2024/07/08	6.500	6.625	6.500	6.548	1093490	7158325.00
2024/07/09	6.544	6.555	6.540	6.542	1093747	7158835.00
2024/07/10	6.535	6.536	6.529	6.532	621723	4061423.00
2024/07/11	6.527	6.530	6.509	6.514	715855	4664455.00
2024/07/12	6.500	6.650	6.500	6.583	1092263	7142349.00
2024/07/15	6.571	6.578	6.541	6.560	751663	4929475.00
2024/07/16	6.648	6.648	6.537	6.612	1002025	6593142.00
2024/07/17	6.600	6.625	6.600	6.617	991300	6560841.00
2024/07/18	6.602	6.652	6.602	6.636	897861	5958166.00
2024/07/19	6.636	6.650	6.636	6.650	773936	5140928.00
2024/07/22	6.650	6.670	6.650	6.670	910151	6063531.00
2024/07/23	6.670	6.671	6.641	6.655	1199524	7981396.00
2024/07/24	6.655	6.661	6.596	6.596	760758	5060643.00
2024/07/25	6.595	6.634	6.595	6.609	693862	4583465.00
2024/07/26	6.506	6.636	6.506	6.620	598602	3967113.00
2024/07/29	6.582	6.698	6.582	6.646	871861	5795098.00
2024/07/30	6.698	6.698	6.645	6.655	702770	4676592.00
2024/07/31	6.601	6.660	6.600	6.646	362703	2413163.00
2024/08/01	6.625	6.660	6.618	6.619	764900	5071711.00
2024/08/02	6.646	6.647	6.625	6.632	803963	5332055.00
2024/08/05	6.640	6.674	6.640	6.670	805272	5365998.00
2024/08/06	6.639	6.673	6.639	6.667	1316790	8774142.00
2024/08/07	6.650	6.740	6.650	6.734	1712565	11510578.00
2024/08/08	6.734	6.759	6.726	6.735	1102611	7431799.00
2024/08/09	6.720	6.745	6.672	6.738	1162394	7820159.00
2024/08/12	6.736	6.738	6.682	6.696	745500	5003947.00
2024/08/13	6.620	6.750	6.620	6.739	1178104	7899122.00
2024/08/14	6.719	6.759	6.699	6.746	1218585	8200911.00
2024/08/15	6.748	6.763	6.740	6.754	1296307	8754724.00
2024/08/16	6.717	6.758	6.717	6.751	1571437	10614745.00
2024/08/19	6.765	6.781	6.700	6.779	1361184	9199626.00
2024/08/20	6.779	6.794	6.760	6.791	1655614	11227836.00
2024/08/21	6.791	6.794	6.786	6.790	1148716	7801385.00
2024/08/22	6.800	6.802	6.790	6.794	1458000	9902243.00
2024/08/23	6.817	6.817	6.780	6.796	672136	4566146.00
2024/08/26	6.780	6.794	6.780	6.785	812403	5514012.00
2024/08/27	6.800	6.800	6.720	6.786	618462	4188395.00
2024/08/28	6.758	6.799	6.730	6.732	1145505	7712155.00
2024/08/29	6.710	6.747	6.710	6.742	617591	4161416.00
2024/08/30	6.706	6.791	6.706	6.730	891944	6008758.00
2024/09/02	6.715	6.760	6.660	6.720	500734	3361968.00
2024/09/03	6.664	6.718	6.639	6.659	1018246	6805520.00
2024/09/04	6.635	6.724	6.599	6.692	1100154	7319226.00
2024/09/05	6.720	6.765	6.638	6.756	1312165	8849518.00
2024/09/06	6.756	6.769	6.722	6.722	524264	3546229.00
2024/09/09	6.780	6.780	6.696	6.712	1341100	9000457.00
2024/09/10	6.650	6.758	6.650	6.750	1350523	9103357.00
2024/09/11	6.730	6.733	6.695	6.695	295187	1984946.00
2024/09/12	6.700	6.754	6.663	6.670	760540	5078564.00
2024/09/13	6.643	6.698	6.643	6.695	1205421	8044084.00
2024/09/18	6.691	6.724	6.691	6.708	1252195	8412840.00
2024/09/19	6.611	6.611	6.516	6.516	1290420	8458146.00
2024/09/20	6.516	6.516	6.485	6.507	940543	6108556.00
2024/09/23	6.487	6.570	6.487	6.498	1195449	7781580.00
2024/09/24	6.487	6.579	6.487	6.499	1231131	8003103.00
2024/09/25	6.492	6.495	6.440	6.483	1171778	7601866.00
2024/09/26	6.443	6.515	6.443	6.451	1013700	6547567.00
2024/09/27	6.450	6.467	6.412	6.420	167847	1077894.00
2024/09/30	6.420	6.496	6.020	6.434	730105	4660292.00
2024/10/08	6.427	6.456	6.218	6.456	1582837	10142358.00
2024/10/09	6.398	6.440	6.302	6.400	1230408	7868906.00
2024/10/10	6.496	6.496	6.393	6.463	843518	5438892.00
2024/10/11	6.340	6.499	6.340	6.431	1116331	7244145.00
2024/10/14	6.431	6.469	6.431	6.469	1116915	7213400.00
2024/10/15	6.479	6.500	6.454	6.470	1316322	8514435.00
2024/10/16	6.487	6.518	6.487	6.512	1168268	7600106.00
2024/10/17	6.500	6.543	6.500	6.539	806532	5252007.00
2024/10/18	6.539	6.540	6.500	6.500	784373	5104403.00
2024/10/21	6.500	6.578	6.303	6.539	1063380	6942274.00
2024/10/22	6.521	6.550	6.510	6.541	1099331	7170954.00
2024/10/23	6.560	6.574	6.539	6.569	1659602	10899797.00
2024/10/24	6.569	6.574	6.523	6.548	701058	4579530.00
2024/10/25	6.568	6.568	6.515	6.545	605216	3963548.00
2024/10/28	6.535	6.560	6.535	6.538	675558	4423240.00
2024/10/29	6.530	6.540	6.498	6.510	646200	4209773.00
2024/10/30	6.511	6.560	6.482	6.498	821772	5340127.00
2024/10/31	6.499	6.535	6.499	6.529	1034620	6748385.00
2024/11/01	6.489	6.559	6.489	6.520	697872	4555237.00
2024/11/04	6.492	6.540	6.488	6.493	267482	1741180.00
2024/11/05	6.490	6.490	6.462	6.463	266521	1723618.00
2024/11/06	6.430	6.471	6.430	6.455	1089717	7044697.00
2024/11/07	6.455	6.490	6.438	6.445	607454	3925373.00
2024/11/08	6.441	6.478	6.441	6.467	1277479	8257078.00
2024/11/11	6.510	6.510	6.451	6.482	77498	502109.00
2024/11/12	6.461	6.498	6.461	6.484	793563	5147511.00
2024/11/13	6.462	6.500	6.461	6.497	622922	4039510.00
2024/11/14	6.497	6.510	6.497	6.510	472512	3074307.00
2024/11/15	6.504	6.514	6.481	6.483	200138	1299984.00
2024/11/18	6.480	6.500	6.430	6.432	392000	2540057.00
2024/11/19	6.469	6.470	6.431	6.437	533489	3435141.00
2024/11/20	6.435	6.491	6.435	6.461	344312	2222036.00
2024/11/21	6.480	6.480	6.440	6.445	869148	5620415.00
2024/11/22	6.461	6.462	6.449	6.449	126205	814494.00
2024/11/25	6.459	6.459	6.448	6.454	528900	3411101.00
2024/11/26	6.451	6.451	6.440	6.442	852400	5493330.00
2024/11/27	6.442	6.448	6.442	6.443	393736	2537063.00
2024/11/28	6.452	6.492	6.447	6.480	332592	2151226.00
2024/11/29	6.480	6.482	6.449	6.449	489940	3170813.00
2024/12/02	6.520	6.520	6.430	6.431	546070	3524797.00
2024/12/03	6.484	6.490	6.400	6.415	468400	3011506.00
2024/12/04	6.416	6.444	6.411	6.419	39400	252701.00
2024/12/05	6.419	6.450	6.418	6.450	307400	1975337.00
2024/12/06	6.450	6.477	6.440	6.449	283680	1830030.00
2024/12/09	6.456	6.470	6.447	6.457	11759	75970.00
2024/12/10	6.489	6.515	6.456	6.507	1271398	8221536.00
2024/12/11	6.508	6.554	6.508	6.553	310938	2032302.00
2024/12/12	6.555	6.595	6.555	6.579	1031478	6790288.00
2024/12/13	6.367	6.367	6.318	6.356	106305	674427.00
2024/12/16	6.347	6.499	6.346	6.450	1290744	8249445.00
2024/12/17	6.460	6.481	6.421	6.442	1568622	10110587.00
2024/12/18	6.435	6.441	6.340	6.343	887821	5647500.00
2024/12/19	6.343	6.343	6.280	6.300	172240	1086660.00
2024/12/20	6.331	6.339	6.281	6.290	1352229	8539311.00
2024/12/23	6.283	6.314	6.236	6.314	565240	3542371.00
2024/12/24	6.314	6.321	6.282	6.286	957600	6035905.00
2024/12/25	6.286	6.313	6.260	6.295	964867	6070533.00
2024/12/26	6.301	6.325	6.300	6.324	1605082	10119127.00
2024/12/27	6.339	6.367	6.309	6.367	678517	4302645.00
2024/12/30	6.367	6.400	6.352	6.386	1263388	8073216.00
2024/12/31	6.400	6.408	6.350	6.400	1188234	7595966.00
2025/01/02	6.400	6.418	6.378	6.393	734128	4690828.00
2025/01/03	6.389	6.433	6.389	6.402	1401014	8974909.00
2025/01/06	6.439	6.454	6.384	6.398	4392749	28149764.00
2025/01/07	6.380	6.380	6.319	6.323	235476	1489673.00
2025/01/08	6.320	6.367	6.300	6.350	971409	6138229.00
2025/01/09	6.369	6.369	6.330	6.358	966240	6132364.00
2025/01/10	6.378	6.378	6.358	6.365	418200	2661720.00
2025/01/13	6.382	6.383	6.362	6.368	86000	547848.00
2025/01/14	6.368	6.379	6.360	6.360	151240	962202.00
2025/01/15	6.377	6.405	6.360	6.394	1263000	8044299.00
2025/01/16	6.404	6.404	6.367	6.379	661800	4217992.00
2025/01/17	6.360	6.415	6.358	6.415	868966	5536130.00
2025/01/20	6.408	6.420	6.380	6.396	417100	2668662.00
2025/01/21	6.370	6.390	6.370	6.389	903573	5772335.00
2025/01/22	6.407	6.456	6.389	6.423	1035657	6634796.00
2025/01/23	6.438	6.464	6.401	6.435	933673	5986274.00
2025/01/24	6.445	6.449	6.409	6.421	1269840	8152385.00
2025/01/27	6.421	6.450	6.400	6.436	194900	1254338.00
2025/02/05	6.436	6.436	6.381	6.419	1082561	6948928.00
2025/02/06	6.410	6.423	6.397	6.400	1332405	8532553.00
2025/02/07	6.390	6.400	6.378	6.392	694340	4439391.00
2025/02/10	6.350	6.420	6.350	6.396	2077540	13296599.00
2025/02/11	6.399	6.484	6.399	6.484	2060912	13326031.00
2025/02/12	6.480	6.511	6.450	6.477	852700	5548774.00
2025/02/13	6.518	6.518	6.446	6.456	974825	6293767.00
2025/02/14	6.456	6.524	6.446	6.500	1409752	9172167.00
2025/02/17	6.510	6.620	6.510	6.570	572337	3753966.00
2025/02/18	6.585	6.588	6.550	6.572	1214706	7985882.00
2025/02/19	6.600	6.606	6.580	6.603	679463	4480396.00
2025/02/20	6.600	6.689	6.563	6.649	1342122	8911594.00
2025/02/21	6.655	6.829	6.655	6.825	3350827	22650788.00
2025/02/24	6.909	6.949	6.796	6.805	1054600	7184420.00
2025/02/25	6.805	6.833	6.716	6.826	2447419	16580787.00
2025/02/26	6.786	6.888	6.786	6.853	1779022	12183182.00
2025/02/27	6.853	6.854	6.720	6.765	1181053	8079362.00
2025/02/28	6.730	6.730	6.681	6.685	1391640	9328941.00
2025/03/03	6.685	6.724	6.685	6.703	534867	3584180.00
2025/03/04	6.705	6.767	6.670	6.750	972339	6564325.00
2025/03/05	6.710	6.751	6.700	6.750	1162538	7843541.00
2025/03/06	6.750	6.850	6.740	6.750	1295505	8748073.00
2025/03/07	6.710	6.765	6.665	6.665	1568941	10500431.00
2025/03/10	6.674	6.691	6.674	6.675	1187640	7940936.00
2025/03/11	6.675	6.699	6.665	6.699	928000	6192245.00
2025/03/12	6.718	6.749	6.680	6.680	381040	2556990.00
2025/03/13	6.750	6.750	6.641	6.675	731340	4875986.00
2025/03/14	6.750	6.750	6.671	6.677	629323	4201687.00
2025/03/17	6.677	6.749	6.636	6.729	993108	6612677.00
2025/03/18	6.702	6.751	6.690	6.746	925004	6211675.00
2025/03/19	6.746	6.750	6.740	6.748	927650	6258761.00
2025/03/20	6.748	6.765	6.745	6.750	1517847	10246092.00
2025/03/21	6.792	6.792	6.740	6.740	1014781	6850367.00
2025/03/24	6.766	6.770	6.736	6.739	1058805	7144276.00
2025/03/25	6.735	6.747	6.719	6.733	715900	4822382.00
2025/03/26	6.732	6.735	6.715	6.715	1125000	7562108.00
2025/03/27	6.715	6.746	6.714	6.725	1173900	7900254.00
2025/03/28	6.759	6.759	6.716	6.735	636581	4288129.00
2025/03/31	6.731	6.798	6.708	6.763	3229767	21848406.00
2025/04/01	6.763	6.770	6.744	6.759	1276300	8629132.00
2025/04/02	6.755	6.825	6.748	6.801	1085710	7340552.00
2025/04/03	6.780	6.850	6.778	6.823	701000	4777889.00
2025/04/07	6.817	6.817	6.647	6.705	2442966	16485896.00
2025/04/08	6.671	6.798	6.670	6.750	1652280	11149634.00
2025/04/09	6.750	6.757	6.730	6.743	892440	6019926.00
2025/04/10	6.711	6.780	6.711	6.758	1971358	13315342.00
2025/04/11	6.792	6.820	6.757	6.812	4024800	27399740.00
2025/04/14	6.800	6.847	6.772	6.840	3202220	21841740.00
2025/04/15	6.806	6.865	6.806	6.840	3437700	23517064.00
2025/04/16	6.863	6.865	6.840	6.855	2646900	18150884.00
2025/04/17	6.856	6.926	6.855	6.924	2445440	16841720.00
2025/04/18	6.931	6.951	6.900	6.926	2643600	18278204.00
2025/04/21	6.934	6.954	6.910	6.923	3290349	22794764.00
2025/04/22	6.924	6.939	6.890	6.900	4260200	29431054.00
2025/04/23	6.900	6.928	6.881	6.900	1551140	10695277.00
2025/04/24	6.888	6.905	6.888	6.900	3709740	25592576.00
2025/04/25	6.790	6.795	6.667	6.730	1284440	8622232.00
2025/04/28	6.724	6.736	6.671	6.713	1114100	7449183.00
2025/04/29	6.673	6.749	6.671	6.747	1595722	10746722.00
2025/04/30	6.749	6.778	6.715	6.749	1740805	11763882.00
2025/05/06	6.749	6.749	6.707	6.743	877717	5901527.00
2025/05/07	6.743	6.753	6.719	6.740	1639500	11042513.00
2025/05/08	6.735	6.739	6.711	6.738	790909	5319470.00
2025/05/09	6.740	6.743	6.731	6.738	1246300	8399591.00
2025/05/12	6.733	6.743	6.716	6.740	1296505	8736208.00
2025/05/13	6.720	6.740	6.698	6.721	1018981	6850759.00
2025/05/14	6.725	6.732	6.717	6.718	1203240	8083850.00
2025/05/15	6.729	6.729	6.650	6.665	743640	4979225.00
2025/05/16	6.658	6.692	6.652	6.678	902640	6016564.00
2025/05/19	6.674	6.750	6.673	6.738	1196086	8038316.00
2025/05/20	6.737	6.810	6.711	6.808	1623685	11009213.00
2025/05/21	6.815	6.960	6.791	6.913	1832042	12619087.00
2025/05/22	6.913	6.933	6.880	6.896	1507440	10410125.00
2025/05/23	6.900	6.946	6.870	6.900	894700	6180354.00
2025/05/26	6.886	6.983	6.886	6.921	1323840	9168204.00
2025/05/27	6.901	6.943	6.901	6.926	2250400	15576231.00
2025/05/28	6.926	6.928	6.905	6.926	1666640	11524556.00
2025/05/29	6.919	6.954	6.915	6.941	1743600	12067964.00
2025/05/30	6.969	6.969	6.902	6.955	1703800	11792409.00
2025/06/03	6.927	7.067	6.901	7.051	1981165	13812597.00
2025/06/04	7.079	7.259	6.990	7.188	2279650	16205663.00
2025/06/05	7.195	7.288	7.188	7.260	2075510	15026404.00
2025/06/06	7.289	7.289	7.148	7.186	2570800	18560948.00
2025/06/09	7.186	7.186	7.101	7.130	1364422	9735774.00
2025/06/10	7.130	7.300	7.100	7.232	1594898	11436479.00
2025/06/11	7.250	7.312	7.237	7.265	1825426	13230953.00
2025/06/12	7.265	7.287	7.261	7.284	1495400	10880228.00
2025/06/13	7.385	7.385	7.283	7.317	1083123	7897274.00
2025/06/16	7.380	7.383	7.310	7.338	509640	3741245.00
2025/06/17	7.353	7.390	7.303	7.319	1051900	7713159.00
2025/06/18	7.348	7.348	7.310	7.331	1108048	8119010.00
2025/06/19	7.331	7.345	7.300	7.312	571800	4192840.00
2025/06/20	7.331	7.350	7.291	7.298	585100	4278208.00
2025/06/23	7.305	7.311	7.200	7.268	1574268	11394552.00
2025/06/24	7.268	7.271	7.151	7.181	923700	6652284.00
2025/06/25	7.171	7.211	7.131	7.199	480000	3447129.00
2025/06/26	7.228	7.231	7.160	7.198	1788650	12834766.00
2025/06/27	7.198	7.220	7.145	7.220	1128534	8092916.00
2025/06/30	7.220	7.250	7.131	7.239	222040	1595119.00
2025/07/01	7.199	7.210	7.190	7.200	1849900	13320428.00
2025/07/02	7.211	7.257	7.200	7.250	1213267	8796391.00
2025/07/03	7.271	7.291	7.231	7.260	628382	4564207.00
2025/07/04	7.261	7.261	7.231	7.255	689282	4995548.00
2025/07/07	7.245	7.265	7.216	7.231	431563	3128827.00
2025/07/08	7.225	7.227	7.213	7.219	1061200	7668319.00
2025/07/09	7.211	7.220	7.180	7.180	381400	2745603.00
2025/07/10	7.202	7.202	7.158	7.164	348100	2493974.00
2025/07/11	7.151	7.171	7.140	7.159	378300	2707193.00
2025/07/14	7.170	7.170	7.151	7.159	174505	1249504.00
2025/07/15	7.150	7.170	7.131	7.165	559840	4001752.00
2025/07/16	7.145	7.152	7.139	7.151	1350217	9650894.00
2025/07/17	7.140	7.165	7.132	7.162	604540	4320233.00
2025/07/18	7.160	7.160	7.135	7.155	430805	3081694.00
2025/07/21	7.145	7.150	7.098	7.137	521000	3718436.00
2025/07/22	7.131	7.145	7.040	7.056	1512400	10743327.00
2025/07/23	7.056	7.056	6.904	7.023	1769992	12326569.00
2025/07/24	7.000	7.139	6.952	7.118	2546500	17904352.00
2025/07/25	6.920	6.924	6.851	6.858	850700	5835253.00
2025/07/28	6.884	6.885	6.800	6.843	1008000	6864809.00
2025/07/29	6.845	6.845	6.796	6.823	450300	3076518.00
2025/07/30	6.805	6.830	6.780	6.823	840440	5723501.00
2025/07/31	6.823	6.844	6.812	6.834	639400	4369216.00
2025/08/01	6.815	6.831	6.807	6.827	664044	4529931.00
2025/08/04	6.827	6.856	6.827	6.856	1461164	10003299.00
2025/08/05	6.859	6.859	6.838	6.850	796500	5451380.00
2025/08/06	6.860	6.861	6.811	6.824	585396	3991259.00
2025/08/07	6.831	6.844	6.822	6.827	963000	6576145.00
2025/08/08	6.825	6.834	6.798	6.801	828400	5640953.00
2025/08/11	6.810	6.810	6.786	6.788	1566500	10659126.00
2025/08/12	6.811	6.811	6.765	6.766	990800	6716804.00
2025/08/13	6.785	6.785	6.731	6.757	1110601	7497347.00
2025/08/14	6.751	6.751	6.700	6.743	1088200	7324552.00
2025/08/15	6.743	6.751	6.711	6.720	1195165	8029952.00
2025/08/18	6.740	6.740	6.613	6.637	1221378	8104247.00
2025/08/19	6.634	6.650	6.568	6.569	1672021	11035510.00
2025/08/20	6.566	6.648	6.537	6.623	1393145	9152415.00
2025/08/21	6.611	6.622	6.584	6.622	991740	6559339.00
2025/08/22	6.591	6.654	6.591	6.654	638972	4245473.00
2025/08/25	6.654	6.690	6.630	6.685	481526	3215198.00
2025/08/26	6.666	6.766	6.666	6.748	514040	3453549.00
2025/08/27	6.731	6.785	6.731	6.771	473300	3194441.00
2025/08/28	6.770	6.804	6.740	6.780	477040	3231068.00
2025/08/29	6.765	6.800	6.731	6.791	739100	4994487.00
2025/09/01	6.765	6.778	6.752	6.753	985521	6666492.00
2025/09/02	6.778	6.778	6.744	6.750	954605	6444122.00
2025/09/03	6.765	6.771	6.746	6.755	784005	5293004.00
2025/09/04	6.785	6.785	6.751	6.764	839040	5673807.00
2025/09/05	6.770	6.797	6.750	6.790	981849	6630042.00
2025/09/08	6.785	6.805	6.775	6.793	1523382	10355206.00
2025/09/09	6.780	6.796	6.750	6.750	948500	6429916.00
2025/09/10	6.750	6.755	6.731	6.732	1403300	9465689.00
2025/09/11	6.751	6.764	6.732	6.744	1196700	8074506.00
2025/09/12	6.750	6.795	6.750	6.758	1248380	8470531.00
2025/09/15	6.771	6.784	6.747	6.783	345009	2335447.00
2025/09/16	6.751	6.793	6.751	6.789	714500	4846085.00
2025/09/17	6.792	6.892	6.788	6.883	885648	6039164.00
2025/09/18	6.890	6.890	6.811	6.844	870740	5987083.00
2025/09/19	6.844	6.889	6.828	6.864	1736367	11924708.00
2025/09/22	6.851	6.863	6.838	6.856	512840	3516811.00
2025/09/23	6.861	6.863	6.849	6.850	840667	5760048.00
2025/09/24	6.678	6.678	6.585	6.616	811200	5370390.00
2025/09/25	6.584	6.616	6.571	6.583	764122	5027773.00
2025/09/26	6.598	6.598	6.578	6.579	743700	4897086.00
2025/09/29	6.579	6.579	6.558	6.573	371800	2443099.00
2025/09/30	6.573	6.573	6.563	6.563	317197	2083311.00
2025/10/09	6.544	6.578	6.544	6.548	758840	4970740.00
2025/10/10	6.543	6.564	6.543	6.560	1103963	7235273.00
2025/10/13	6.550	6.572	6.550	6.570	980240	6428002.00
2025/10/14	6.570	6.582	6.559	6.569	2316500	15209246.00
2025/10/15	6.584	6.598	6.546	6.561	1413582	9275555.00
2025/10/16	6.552	6.561	6.544	6.548	1612000	10561305.00
2025/10/17	6.558	6.558	6.527	6.528	937700	6129953.00
2025/10/20	6.525	6.558	6.520	6.521	1243600	8112888.00
2025/10/21	6.521	6.521	6.490	6.500	904900	5877618.00
2025/10/22	6.500	6.506	6.476	6.497	603641	3922312.00
2025/10/23	6.500	6.544	6.500	6.530	1391600	9070261.00
2025/10/24	6.530	6.594	6.524	6.578	818900	5374002.00
2025/10/27	6.544	6.584	6.544	6.580	719500	4730095.00
2025/10/28	6.579	6.583	6.565	6.568	632140	4157323.00
2025/10/29	6.589	6.597	6.565	6.572	789400	5188898.00
2025/10/30	6.572	6.579	6.549	6.550	750400	4927137.00
2025/10/31	6.577	6.577	6.535	6.543	1185400	7752391.00
2025/11/03	6.558	6.560	6.541	6.543	621600	4068663.00
2025/11/04	6.564	6.564	6.510	6.512	401900	2618871.00
2025/11/05	6.512	6.550	6.504	6.545	339574	2223068.00
2025/11/06	6.547	6.547	6.528	6.534	560781	3663908.00
2025/11/07	6.557	6.579	6.531	6.555	471521	3091492.00
2025/11/10	6.550	6.580	6.543	6.546	1196400	7855724.00
2025/11/11	6.546	6.709	6.546	6.665	676518	4437107.00
2025/11/12	6.632	6.690	6.632	6.664	785400	5234297.00
2025/11/13	6.666	6.681	6.618	6.637	879440	5852145.00
2025/11/14	6.637	6.644	6.635	6.638	660200	4382477.00
2025/11/17	6.630	6.632	6.627	6.628	595300	3946808.00
2025/11/18	6.658	6.658	6.606	6.606	560000	3721494.00
2025/11/19	6.610	6.638	6.610	6.630	493782	3264461.00
2025/11/20	6.635	6.638	6.618	6.621	747882	4956604.00
2025/11/21	6.638	6.638	6.599	6.603	370600	2450720.00
2025/11/24	6.599	6.607	6.500	6.500	910040	5942629.00
2025/11/25	6.504	6.538	6.400	6.419	1149205	7377290.00
2025/11/26	6.455	6.455	6.379	6.438	956105	6108742.00
2025/11/27	6.422	6.567	6.375	6.549	330500	2115094.00
2025/11/28	6.439	6.519	6.439	6.501	998689	6466242.00
2025/12/01	6.480	6.499	6.459	6.470	842561	5458767.00
2025/12/02	6.458	6.478	6.450	6.475	333761	2153471.00
2025/12/03	6.446	6.475	6.446	6.460	4240	27382.00
2025/12/04	6.449	6.450	6.443	6.450	524850	3383184.00
2025/12/05	6.464	6.584	6.459	6.578	867369	5631111.00
2025/12/08	6.578	6.666	6.558	6.643	687260	4559663.00
2025/12/09	6.643	6.659	6.602	6.613	368905	2450685.00
2025/12/10	6.414	6.414	6.301	6.400	900422	5755012.00
2025/12/11	6.400	6.412	6.334	6.412	1241840	7908816.00
2025/12/12	6.399	6.412	6.300	6.338	909900	5781993.00
2025/12/15	6.318	6.320	6.240	6.299	469500	2944486.00
2025/12/16	6.299	6.299	6.258	6.266	767840	4813943.00
2025/12/17	6.273	6.273	6.180	6.195	405822	2518267.00
2025/12/18	6.195	6.207	6.074	6.138	618100	3816528.00
2025/12/19	6.134	6.134	6.010	6.065	1005100	6103413.00
2025/12/22	6.073	6.073	5.974	6.008	999300	6004099.00
2025/12/23	6.000	6.014	5.879	5.895	1001700	5908001.00
2025/12/24	5.881	6.120	5.875	6.089	1054689	6395535.00
2025/12/25	6.089	6.196	6.089	6.140	896054	5523990.00
2025/12/26	6.141	6.151	6.120	6.122	96181	589575.00
2025/12/29	6.140	6.189	6.100	6.103	718040	4417030.00
2025/12/30	6.103	6.103	6.054	6.080	685522	4163392.00
2025/12/31	6.050	6.112	6.050	6.100	410800	2489738.00
2026/01/05	6.100	6.160	6.080	6.148	596222	3654411.00
2026/01/06	6.170	6.170	6.121	6.160	985145	6057615.00
2026/01/07	6.174	6.260	6.150	6.243	820170	5088742.00
2026/01/08	6.240	6.280	6.228	6.233	1020480	6367037.00
2026/01/09	6.260	6.302	6.260	6.279	1354080	8502398.00
2026/01/12	6.280	6.294	6.254	6.257	459500	2875967.00
2026/01/13	6.279	6.280	6.235	6.266	654931	4094122.00
2026/01/14	6.280	6.314	6.241	6.313	206100	1297898.00
2026/01/15	6.306	6.320	6.261	6.280	622645	3908877.00
2026/01/16	6.285	6.294	6.260	6.275	991800	6216032.00
2026/01/19	6.270	6.337	6.257	6.297	1018313	6388138.00
2026/01/20	6.280	6.307	6.280	6.302	452941	2854812.00
2026/01/21	6.281	6.295	6.243	6.270	553700	3482724.00
2026/01/22	6.270	6.280	6.250	6.274	157547	987485.00
2026/01/23	6.263	6.270	6.244	6.263	456544	2859043.00
2026/01/26	6.260	6.274	6.245	6.271	43400	271683.00
2026/01/27	6.280	6.280	6.240	6.270	697740	4372209.00
2026/01/28	6.241	6.334	6.240	6.291	864919	5439158.00
2026/01/29	6.262	6.500	6.260	6.309	1052446	6633208.00
2026/01/30	6.313	6.316	6.285	6.298	776513	4891380.00
2026/02/02	6.305	6.310	6.260	6.299	769938	4833738.00
2026/02/03	6.299	6.320	6.277	6.319	607500	3816478.00
2026/02/04	6.318	6.334	6.305	6.330	1208500	7636666.00
2026/02/05	6.330	6.340	6.296	6.331	643200	4070971.00
2026/02/06	6.335	6.367	6.335	6.361	599581	3811200.00
2026/02/09	6.369	6.374	6.321	6.325	1220500	7737782.00
2026/02/10	6.324	6.350	6.320	6.350	738682	4683441.00
2026/02/11	6.340	6.370	6.339	6.366	1146700	7289612.00
2026/02/12	6.340	6.372	6.340	6.370	1050382	6688162.00
2026/02/13	6.370	6.374	6.353	6.367	747700	4754168.00
2026/02/24	6.367	6.397	6.367	6.392	95291	608915.00
2026/02/25	6.400	6.442	6.385	6.428	312205	2007505.00
2026/02/26	6.454	6.454	6.401	6.408	601300	3850495.00
2026/02/27	6.433	6.434	6.410	6.417	670027	4299794.00
2026/03/02	6.400	6.400	6.332	6.380	1002700	6382514.00
2026/03/03	6.359	6.394	6.354	6.368	1003289	6396198.00
2026/03/04	6.368	6.368	6.337	6.345	1377127	8736414.00
2026/03/05	6.320	6.354	6.320	6.349	807400	5118771.00
2026/03/06	6.340	6.403	6.340	6.390	968037	6181018.00
2026/03/09	6.385	6.394	6.360	6.374	577200	3676983.00
2026/03/10	6.374	6.380	6.355	6.371	709740	4521841.00
2026/03/11	6.370	6.479	6.370	6.461	1257558	8052303.00
2026/03/12	6.464	6.492	6.460	6.466	1178100	7623049.00
2026/03/13	6.454	6.482	6.454	6.468	1026009	6633275.00
2026/03/16	6.468	6.480	6.460	6.480	633200	4094821.00
2026/03/17	6.480	6.485	6.459	6.466	591381	3827127.00
2026/03/18	6.466	6.466	6.442	6.447	803361	5188798.00
2026/03/19	6.440	6.521	6.440	6.521	655700	4254851.00
2026/03/20	6.520	6.560	6.505	6.543	151840	992651.00
2026/03/23	6.574	6.574	6.460	6.461	610900	3955327.00
2026/03/24	6.460	6.460	6.440	6.459	672100	4332857.00
2026/04/03	6.348	6.353	6.316	6.333	809882	5133055.00
#КэѕЭАґФґ:НЁґпРЕ
