508021 벌揭베繫줄멍눼劤 휑窟 꼇릿홈
      휑퍅	    역턍	    離멕	    離됴	    澗턍	    냥슥좆	    냥슥띨
2022/10/13	5.356	5.356	5.356	5.356	17720484	94910912.00
2022/10/14	5.089	5.368	4.820	5.350	14773223	78915616.00
2022/10/17	5.347	5.444	5.230	5.429	4524266	24254704.00
2022/10/18	5.425	5.650	5.425	5.625	4127609	23050636.00
2022/10/19	5.630	5.697	5.585	5.610	1923198	10833885.00
2022/10/20	5.611	5.675	5.610	5.650	2138507	12051012.00
2022/10/21	5.650	5.713	5.650	5.710	3410100	19405888.00
2022/10/24	5.710	5.713	5.580	5.583	3612756	20444516.00
2022/10/25	5.582	5.582	5.470	5.516	5355345	29559312.00
2022/10/26	5.500	5.635	5.493	5.546	4127505	22901528.00
2022/10/27	5.527	5.586	5.527	5.535	1865490	10363955.00
2022/10/28	5.535	5.587	5.450	5.587	4704426	25796700.00
2022/10/31	5.584	5.641	5.489	5.569	5036618	27952818.00
2022/11/01	5.564	5.656	5.521	5.649	4908913	27598640.00
2022/11/02	5.649	5.670	5.619	5.640	4115003	23197128.00
2022/11/03	5.640	5.680	5.582	5.622	3693450	20728368.00
2022/11/04	5.617	5.668	5.608	5.640	5035799	28434512.00
2022/11/07	5.640	5.643	5.500	5.604	4220000	23631012.00
2022/11/08	5.591	5.603	5.552	5.577	5065580	28232084.00
2022/11/09	5.580	5.616	5.510	5.590	3618261	20215580.00
2022/11/10	5.585	5.592	5.552	5.584	3235982	18045924.00
2022/11/11	5.584	5.682	5.506	5.543	6469355	36064464.00
2022/11/14	5.533	5.570	5.513	5.521	4167015	23038240.00
2022/11/15	5.529	5.550	5.508	5.516	2200956	12149591.00
2022/11/16	5.520	5.565	5.482	5.493	3260297	17931928.00
2022/11/17	5.485	5.499	5.392	5.482	4682891	25480760.00
2022/11/18	5.474	5.560	5.415	5.462	3237742	17633628.00
2022/11/21	5.454	5.544	5.418	5.508	2688865	14795532.00
2022/11/22	5.470	5.533	5.470	5.523	2281309	12596525.00
2022/11/23	5.502	5.572	5.502	5.559	3405902	18924704.00
2022/11/24	5.558	5.571	5.520	5.545	4262981	23654678.00
2022/11/25	5.536	5.572	5.505	5.551	2442224	13555638.00
2022/11/28	5.545	5.590	5.500	5.520	4952009	27320872.00
2022/11/29	5.513	5.547	5.500	5.525	4756948	26231116.00
2022/11/30	5.519	5.567	5.501	5.530	2660276	14703010.00
2022/12/01	5.528	5.559	5.525	5.544	2969056	16452525.00
2022/12/02	5.549	5.566	5.519	5.554	3229277	17925514.00
2022/12/05	5.554	5.580	5.525	5.567	4068594	22650720.00
2022/12/06	5.573	5.601	5.534	5.551	3257363	18097952.00
2022/12/07	5.543	5.589	5.513	5.530	3962766	21915012.00
2022/12/08	5.534	5.548	5.506	5.538	3538788	19581960.00
2022/12/09	5.538	5.596	5.509	5.524	1689999	9353355.00
2022/12/12	5.520	5.529	5.498	5.499	1824390	10050776.00
2022/12/13	5.500	5.504	5.466	5.478	3557553	19499594.00
2022/12/14	5.478	5.499	5.451	5.482	4653173	25497660.00
2022/12/15	5.483	5.543	5.452	5.479	4084968	22403108.00
2022/12/16	5.479	5.535	5.453	5.475	4483288	24543812.00
2022/12/19	5.473	5.499	5.447	5.465	3533528	19323918.00
2022/12/20	5.456	5.472	5.341	5.380	4964148	26780164.00
2022/12/21	5.387	5.402	5.341	5.354	2180837	11696246.00
2022/12/22	5.361	5.373	5.329	5.349	4444555	23756900.00
2022/12/23	5.351	5.425	5.334	5.425	5108780	27422046.00
2022/12/26	5.425	5.425	5.371	5.387	4399118	23754408.00
2022/12/27	5.381	5.418	5.223	5.344	3427442	18434410.00
2022/12/28	5.338	5.338	5.260	5.260	2133295	11319218.00
2022/12/29	5.294	5.294	5.176	5.181	2937412	15397846.00
2022/12/30	5.187	5.343	5.090	5.190	5104554	26327586.00
2023/01/03	5.185	5.340	5.055	5.087	2988630	15278994.00
2023/01/04	5.175	5.175	4.890	5.022	4929096	24712622.00
2023/01/05	5.000	5.000	4.830	4.863	8064993	39559120.00
2023/01/06	4.900	5.070	4.800	5.068	5111706	24949080.00
2023/01/09	5.152	5.172	4.921	5.097	5126541	25790852.00
2023/01/10	5.087	5.167	5.000	5.166	3498199	17873072.00
2023/01/11	5.161	5.281	5.117	5.199	5556204	28814378.00
2023/01/12	5.190	5.238	5.170	5.180	6118576	31788196.00
2023/01/13	5.168	5.204	5.135	5.149	5594152	28861932.00
2023/01/16	5.134	5.200	5.112	5.158	3271150	16872644.00
2023/01/17	5.160	5.192	5.110	5.172	4418046	22834456.00
2023/01/18	5.171	5.269	5.147	5.180	4109760	21304420.00
2023/01/19	5.179	5.252	5.143	5.193	4596100	23862894.00
2023/01/20	5.206	5.252	5.166	5.217	5129101	26720454.00
2023/01/30	5.217	5.250	5.171	5.243	4056110	21180732.00
2023/01/31	5.253	5.412	5.231	5.409	5914237	31386196.00
2023/02/01	5.413	5.509	5.413	5.506	4415485	24082900.00
2023/02/02	5.510	5.511	5.466	5.478	6086267	33403140.00
2023/02/03	5.468	5.523	5.304	5.510	6246506	34226240.00
2023/02/06	5.504	5.538	5.406	5.502	7207363	39642936.00
2023/02/07	5.415	5.521	5.415	5.517	3966517	21775272.00
2023/02/08	5.507	5.572	5.507	5.544	3526500	19503532.00
2023/02/09	5.534	5.590	5.480	5.582	3801222	21119740.00
2023/02/10	5.571	5.686	5.571	5.599	4423798	24903656.00
2023/02/13	5.588	5.664	5.570	5.622	3163582	17785656.00
2023/02/14	5.612	5.658	5.572	5.657	2663556	15010979.00
2023/02/15	5.655	5.728	5.599	5.631	3193681	18205676.00
2023/02/16	5.628	5.697	5.617	5.641	2721016	15361819.00
2023/02/17	5.630	5.668	5.609	5.646	5532010	31208804.00
2023/02/20	5.603	5.692	5.603	5.668	2748609	15581336.00
2023/02/21	5.661	5.699	5.650	5.681	1749387	9941536.00
2023/02/22	5.694	5.707	5.637	5.648	1288806	7322628.00
2023/02/23	5.648	5.694	5.495	5.561	3121813	17385444.00
2023/02/24	5.550	5.550	5.428	5.431	3731130	20404520.00
2023/02/27	5.425	5.451	5.408	5.444	5413022	29455064.00
2023/02/28	5.462	5.490	5.437	5.477	5601132	30667988.00
2023/03/01	5.500	5.500	5.402	5.472	4940353	27050826.00
2023/03/02	5.472	5.493	5.441	5.445	4593392	25081300.00
2023/03/03	5.458	5.475	5.420	5.441	5557111	30243724.00
2023/03/06	5.441	5.500	5.441	5.453	4950537	27031624.00
2023/03/07	5.442	5.500	5.431	5.459	3007022	16423403.00
2023/03/08	5.459	5.495	5.430	5.448	2463340	13435699.00
2023/03/09	5.480	5.480	5.438	5.452	2537797	13828254.00
2023/03/10	5.454	5.469	5.435	5.451	4585616	24981840.00
2023/03/13	5.444	5.493	5.441	5.480	6061353	33135478.00
2023/03/14	5.480	5.648	5.450	5.500	6121901	33707104.00
2023/03/15	5.494	5.539	5.455	5.508	5957912	32834700.00
2023/03/16	5.507	5.546	5.465	5.500	3760871	20706130.00
2023/03/17	5.499	5.544	5.464	5.496	5362109	29478008.00
2023/03/20	5.467	5.528	5.466	5.489	4498211	24685794.00
2023/03/21	5.463	5.516	5.462	5.485	5161959	28309398.00
2023/03/22	5.485	5.499	5.462	5.495	2900163	15885408.00
2023/03/23	5.467	5.534	5.467	5.512	5918747	32562068.00
2023/03/24	5.512	5.532	5.479	5.524	5007504	27597872.00
2023/03/27	5.524	5.553	5.501	5.544	3393262	18774964.00
2023/03/28	5.544	5.587	5.513	5.531	4049415	22443154.00
2023/03/29	5.531	5.549	5.490	5.494	1807918	9959120.00
2023/03/30	5.494	5.530	5.436	5.456	6007809	32864968.00
2023/03/31	5.454	5.499	5.416	5.439	7340029	40045844.00
2023/04/03	5.439	5.472	5.390	5.405	3747344	20326640.00
2023/04/04	5.399	5.424	5.377	5.384	3475529	18732152.00
2023/04/06	5.382	5.399	5.340	5.373	3027301	16247779.00
2023/04/07	5.378	5.390	5.347	5.352	3833308	20545600.00
2023/04/10	5.352	5.366	5.317	5.324	3138970	16761252.00
2023/04/11	5.318	5.325	5.265	5.278	2325123	12304884.00
2023/04/12	5.278	5.298	5.250	5.292	2599264	13719597.00
2023/04/13	5.292	5.317	5.264	5.275	2122884	11202908.00
2023/04/14	5.275	5.286	5.250	5.273	2151646	11335259.00
2023/04/17	5.273	5.320	5.251	5.298	2268288	11982705.00
2023/04/18	5.238	5.258	5.230	5.256	2455316	12872687.00
2023/04/19	5.256	5.310	5.201	5.210	7970854	41808788.00
2023/04/20	5.210	5.239	5.161	5.197	3000430	15566540.00
2023/04/21	5.189	5.221	5.124	5.137	1465713	7572214.00
2023/04/24	5.137	5.160	5.130	5.143	992541	5102895.00
2023/04/25	5.136	5.136	5.100	5.115	1135337	5807894.00
2023/04/26	5.115	5.115	5.103	5.104	198924	1016079.00
2023/04/27	5.100	5.102	5.057	5.057	930020	4729162.00
2023/04/28	5.052	5.052	4.992	5.010	459257	2301281.00
2023/05/04	4.981	5.006	4.888	4.895	985302	4864925.00
2023/05/05	4.950	4.950	4.850	4.858	383979	1874713.00
2023/05/08	4.858	4.872	4.854	4.872	1630817	7925246.00
2023/05/09	4.870	4.926	4.802	4.917	2823485	13690362.00
2023/05/10	4.920	5.045	4.895	5.044	2335942	11600738.00
2023/05/11	5.015	5.134	5.015	5.122	3640679	18586608.00
2023/05/12	5.121	5.157	5.021	5.148	3674246	18811252.00
2023/05/15	5.120	5.173	5.070	5.118	4383127	22429604.00
2023/05/16	5.107	5.180	5.055	5.175	1376780	7036011.00
2023/05/17	5.187	5.213	5.122	5.152	898941	4650636.00
2023/05/18	5.148	5.193	5.100	5.150	1278354	6558643.00
2023/05/19	5.120	5.194	5.120	5.150	1853393	9546778.00
2023/05/22	5.150	5.201	5.126	5.189	2412337	12462258.00
2023/05/23	5.190	5.231	5.185	5.214	954018	4968142.00
2023/05/24	5.212	5.250	5.191	5.236	1738613	9089049.00
2023/05/25	5.242	5.287	5.204	5.230	2200594	11537007.00
2023/05/26	5.228	5.279	5.192	5.210	1540609	8038068.00
2023/05/29	5.210	5.250	5.124	5.151	1215961	6275149.00
2023/05/30	5.126	5.160	5.005	5.068	874137	4468111.00
2023/05/31	5.043	5.043	4.951	4.972	785244	3912520.00
2023/06/01	4.939	5.100	4.900	4.977	1391365	6867424.00
2023/06/02	4.985	4.997	4.904	4.940	1131719	5590237.00
2023/06/05	4.940	4.945	4.813	4.818	1053050	5129513.00
2023/06/06	4.818	4.964	4.735	4.878	932071	4443900.00
2023/06/07	4.873	5.005	4.811	4.993	5421218	26269644.00
2023/06/08	5.008	5.136	4.940	5.098	6555401	33009168.00
2023/06/09	5.098	5.155	5.057	5.121	3037414	15516324.00
2023/06/12	5.121	5.136	5.023	5.094	3478703	17703942.00
2023/06/13	5.094	5.170	5.019	5.075	3926573	19934320.00
2023/06/14	5.079	5.130	5.011	5.030	3396724	17268622.00
2023/06/15	5.015	5.085	4.920	5.073	4601539	22889560.00
2023/06/16	5.058	5.149	5.000	5.103	5329342	27149396.00
2023/06/19	5.082	5.129	5.051	5.080	990335	5038945.00
2023/06/20	5.080	5.136	5.021	5.072	1959771	9957917.00
2023/06/21	5.032	5.065	5.025	5.051	706227	3563057.00
2023/06/26	5.030	5.099	4.990	5.060	2562644	12920056.00
2023/06/27	5.030	5.107	5.011	5.045	1377398	6974230.00
2023/06/28	5.040	5.099	4.971	5.090	4809749	24184520.00
2023/06/29	5.094	5.094	5.035	5.074	2226896	11273311.00
2023/06/30	5.053	5.053	4.970	5.001	861822	4313177.00
2023/07/03	4.981	5.150	4.971	4.995	1824380	9114473.00
2023/07/04	4.970	5.079	4.872	5.012	2641832	13086031.00
2023/07/05	4.987	5.020	4.921	4.943	1789194	8883905.00
2023/07/06	4.918	5.050	4.870	4.959	4853900	24221380.00
2023/07/07	4.959	5.072	4.942	5.000	4140470	20692900.00
2023/07/10	5.005	5.084	4.954	5.059	3060278	15310695.00
2023/07/11	5.059	5.085	4.990	5.049	2054699	10302866.00
2023/07/12	5.023	5.049	4.965	4.972	2539208	12671661.00
2023/07/13	4.947	5.050	4.890	5.009	3707691	18430570.00
2023/07/14	4.984	5.049	4.978	5.020	3529710	17690472.00
2023/07/17	5.020	5.155	5.000	5.155	3950164	20081084.00
2023/07/18	5.173	5.240	5.155	5.205	3918795	20439944.00
2023/07/19	5.180	5.226	5.141	5.187	3117367	16168930.00
2023/07/20	5.162	5.220	5.150	5.168	1675625	8660065.00
2023/07/21	5.222	5.225	5.134	5.210	4508614	23354964.00
2023/07/24	5.211	5.280	5.153	5.216	4470747	23298256.00
2023/07/25	5.216	5.348	5.191	5.285	4655789	24479092.00
2023/07/26	5.259	5.350	5.225	5.350	4122089	21734798.00
2023/07/27	5.323	5.346	5.277	5.290	1224009	6495132.00
2023/07/28	5.268	5.310	5.195	5.255	4639878	24369244.00
2023/07/31	5.234	5.300	5.209	5.231	4460019	23462712.00
2023/08/01	5.210	5.287	5.122	5.254	5161515	27037588.00
2023/08/02	5.242	5.287	5.218	5.282	2213289	11613399.00
2023/08/03	5.260	5.300	5.230	5.260	2290273	12055372.00
2023/08/04	5.259	5.277	5.240	5.264	2761147	14532440.00
2023/08/07	5.260	5.280	5.211	5.244	1893527	9919892.00
2023/08/08	5.240	5.264	5.210	5.261	3200596	16747234.00
2023/08/09	5.242	5.296	5.242	5.272	894131	4710372.00
2023/08/10	5.273	5.315	5.240	5.272	2637078	13927712.00
2023/08/11	5.272	5.281	5.240	5.273	2411957	12700389.00
2023/08/14	5.260	5.275	5.215	5.275	1760300	9227743.00
2023/08/15	5.275	5.291	5.245	5.282	1968868	10392966.00
2023/08/16	5.262	5.275	5.243	5.260	1147320	6036095.00
2023/08/17	5.255	5.256	5.235	5.242	1498391	7860894.00
2023/08/18	5.248	5.259	5.218	5.253	1313373	6888345.00
2023/08/21	5.234	5.255	5.202	5.235	1832979	9581702.00
2023/08/22	5.214	5.246	5.185	5.207	1710047	8905143.00
2023/08/23	5.187	5.357	5.161	5.208	3804002	19831632.00
2023/08/24	5.195	5.275	5.187	5.196	4176579	21770986.00
2023/08/25	5.196	5.285	5.174	5.195	3355736	17516008.00
2023/08/28	5.190	5.256	5.186	5.196	2852455	14901441.00
2023/08/29	5.196	5.252	5.166	5.203	3619856	18809112.00
2023/08/30	5.203	5.255	5.185	5.186	6649461	34654832.00
2023/08/31	5.186	5.288	5.166	5.194	4813687	25109784.00
2023/09/01	5.195	5.250	5.171	5.192	5317332	27681790.00
2023/09/04	5.180	5.286	5.129	5.186	6642343	34529900.00
2023/09/05	5.185	5.250	5.185	5.210	4014271	20934014.00
2023/09/06	5.205	5.239	5.195	5.211	2207643	11506411.00
2023/09/07	5.201	5.239	5.192	5.208	3498914	18227740.00
2023/09/08	5.215	5.249	5.181	5.208	2788412	14517961.00
2023/09/11	5.215	5.261	5.205	5.229	2615979	13672878.00
2023/09/12	5.225	5.235	5.185	5.225	5567846	29046068.00
2023/09/13	5.218	5.230	5.190	5.214	1893039	9876322.00
2023/09/14	5.223	5.249	5.198	5.241	2479287	12951565.00
2023/09/15	5.242	5.283	5.217	5.249	1750696	9191755.00
2023/09/18	5.250	5.275	5.217	5.222	1606439	8402050.00
2023/09/19	5.216	5.233	5.193	5.222	2588414	13494273.00
2023/09/20	5.215	5.238	5.198	5.224	3022967	15768130.00
2023/09/21	5.224	5.224	5.187	5.207	1645664	8572185.00
2023/09/22	5.187	5.212	5.187	5.208	3116803	16216568.00
2023/09/25	5.198	5.213	5.191	5.197	3890522	20233264.00
2023/09/26	5.201	5.208	5.176	5.181	4586987	23818852.00
2023/09/27	5.181	5.188	5.160	5.169	4103967	21239176.00
2023/09/28	5.169	5.199	5.160	5.173	1680211	8696798.00
2023/10/09	5.156	5.180	5.142	5.173	4140707	21368280.00
2023/10/10	5.173	5.179	5.138	5.156	2300219	11868706.00
2023/10/11	5.156	5.191	5.070	5.085	1357637	6936114.00
2023/10/12	5.075	5.105	5.035	5.058	1365813	6935407.00
2023/10/13	5.058	5.058	4.960	4.969	1304768	6525362.00
2023/10/16	4.965	4.969	4.835	4.868	1028602	5024298.00
2023/10/17	4.850	4.867	4.840	4.847	1883873	9132260.00
2023/10/18	4.846	4.856	4.594	4.728	4125456	19506980.00
2023/10/19	4.704	4.704	4.582	4.625	2223836	10292405.00
2023/10/20	4.606	4.607	4.502	4.542	1285689	5840291.00
2023/10/23	4.523	4.550	4.436	4.438	710744	3179333.00
2023/10/24	4.450	4.551	4.368	4.530	2785030	12388224.00
2023/10/25	4.511	4.579	4.500	4.514	3803286	17264106.00
2023/10/26	4.494	4.509	4.455	4.497	2005959	8982340.00
2023/10/27	4.479	4.515	4.466	4.490	1411959	6341259.00
2023/10/30	4.472	4.490	4.444	4.457	3110382	13847904.00
2023/10/31	4.439	4.560	4.405	4.433	1961017	8683109.00
2023/11/01	4.415	4.433	4.371	4.375	1360881	5971761.00
2023/11/02	4.358	4.391	4.320	4.347	797249	3461646.00
2023/11/03	4.347	4.347	4.301	4.323	1760070	7615075.00
2023/11/06	4.323	4.332	4.209	4.253	2005461	8546400.00
2023/11/07	4.250	4.299	4.170	4.294	3929173	16525117.00
2023/11/08	4.306	4.495	4.306	4.464	1788373	7845202.00
2023/11/09	4.475	4.602	4.475	4.552	1788620	8154567.00
2023/11/10	4.552	4.552	4.460	4.490	2611248	11773681.00
2023/11/13	4.472	4.579	4.421	4.468	3099654	13884014.00
2023/11/14	4.450	4.519	4.417	4.467	2719243	12135987.00
2023/11/15	4.450	4.480	4.427	4.465	1657880	7392536.00
2023/11/16	4.450	4.496	4.432	4.445	2160983	9639936.00
2023/11/17	4.428	4.479	4.424	4.453	1687339	7488522.00
2023/11/20	4.465	4.465	4.436	4.445	1720526	7655476.00
2023/11/21	4.427	4.500	4.427	4.454	1636623	7297022.00
2023/11/22	4.436	4.456	4.436	4.448	820468	3645385.00
2023/11/23	4.430	4.448	4.398	4.447	1867172	8238632.00
2023/11/24	4.429	4.429	4.346	4.417	2255208	9901662.00
2023/11/27	4.399	4.417	4.357	4.394	977668	4291185.00
2023/11/28	4.376	4.394	4.268	4.361	1610358	6982434.00
2023/11/29	4.343	4.365	4.264	4.363	2512453	10822222.00
2023/11/30	4.342	4.449	4.220	4.420	4677786	20388710.00
2023/12/01	4.411	4.441	4.380	4.439	2404898	10588188.00
2023/12/04	4.439	4.480	4.408	4.450	3190543	14194955.00
2023/12/05	4.450	4.460	4.422	4.433	2808013	12445834.00
2023/12/06	4.415	4.490	4.412	4.447	2293973	10191114.00
2023/12/07	4.455	4.490	4.407	4.442	1626760	7225555.00
2023/12/08	4.451	4.451	4.404	4.435	1714083	7599852.00
2023/12/11	4.430	4.451	4.383	4.406	2367225	10464870.00
2023/12/12	4.406	4.416	4.321	4.330	2963297	12960154.00
2023/12/13	4.312	4.349	4.290	4.300	1744866	7531717.00
2023/12/14	4.398	4.398	4.294	4.294	2220985	9554574.00
2023/12/15	4.302	4.448	4.280	4.380	4766603	20483570.00
2023/12/18	4.395	4.395	4.365	4.374	1929357	8448356.00
2023/12/19	4.390	4.390	4.354	4.376	2456714	10745418.00
2023/12/20	4.380	4.380	4.280	4.368	2441124	10596630.00
2023/12/21	4.360	4.517	4.328	4.430	4614823	20419576.00
2023/12/22	4.446	4.550	4.421	4.502	4656405	20943332.00
2023/12/25	4.503	4.529	4.421	4.528	3894244	17346008.00
2023/12/26	4.509	4.600	4.480	4.519	3939218	17814548.00
2023/12/27	4.501	4.519	4.433	4.451	2165598	9692601.00
2023/12/28	4.433	4.472	4.411	4.464	1759462	7828909.00
2023/12/29	4.470	4.650	4.466	4.535	1805328	8116695.00
2024/01/02	4.550	4.550	4.474	4.515	1921163	8631748.00
2024/01/03	4.497	4.539	4.442	4.487	3925099	17706820.00
2024/01/04	4.469	4.479	4.441	4.457	1522782	6777540.00
2024/01/05	4.477	4.477	4.306	4.423	2225381	9793642.00
2024/01/08	4.405	4.429	4.308	4.374	1171647	5126769.00
2024/01/09	4.356	4.548	4.215	4.335	3193425	13787879.00
2024/01/10	4.317	4.340	4.193	4.237	1628578	6930651.00
2024/01/11	4.220	4.267	4.175	4.200	3221103	13610426.00
2024/01/12	4.193	4.321	4.056	4.072	3437496	14185808.00
2024/01/15	4.075	4.158	3.997	4.131	3311156	13378072.00
2024/01/16	4.100	4.255	4.091	4.216	3741282	15471297.00
2024/01/17	4.194	4.285	4.190	4.260	3966289	16911460.00
2024/01/18	4.220	4.260	4.141	4.189	2057626	8613805.00
2024/01/19	4.149	4.246	4.149	4.153	2938810	12323287.00
2024/01/22	4.152	4.152	4.025	4.030	2365640	9670245.00
2024/01/23	4.030	4.030	4.000	4.018	2286153	9192208.00
2024/01/24	4.018	4.113	3.917	3.929	1946223	7799335.00
2024/01/25	3.930	4.034	3.890	4.022	3740693	14732448.00
2024/01/26	4.028	4.130	3.933	3.967	4760387	18911240.00
2024/01/29	3.965	3.975	3.906	3.958	2807045	11090141.00
2024/01/30	3.958	4.020	3.896	3.905	1778274	7003689.00
2024/01/31	3.919	3.919	3.846	3.875	2030943	7864927.00
2024/02/01	3.871	3.948	3.827	3.932	1616441	6203017.00
2024/02/02	3.916	3.932	3.820	3.892	1474716	5711666.00
2024/02/05	3.852	3.889	3.766	3.809	3033445	11493112.00
2024/02/06	3.769	3.807	3.759	3.785	3746928	14184037.00
2024/02/07	3.785	3.870	3.777	3.847	2951422	11237390.00
2024/02/08	3.835	3.949	3.835	3.929	2242409	8699363.00
2024/02/19	3.937	4.133	3.928	4.112	2530766	10246072.00
2024/02/20	4.112	4.262	4.112	4.185	5281010	22234688.00
2024/02/21	4.184	4.208	4.113	4.190	1809316	7575500.00
2024/02/22	4.189	4.470	4.150	4.459	2939047	12485315.00
2024/02/23	4.473	4.500	4.381	4.459	4858141	21634210.00
2024/02/26	4.450	4.684	4.419	4.654	3039517	13759060.00
2024/02/27	4.600	4.666	4.210	4.558	4019153	18309114.00
2024/02/28	4.518	4.548	4.291	4.427	3080837	13780489.00
2024/02/29	4.378	4.445	4.354	4.396	4051692	17813410.00
2024/03/01	4.396	4.555	4.380	4.540	3658410	16156818.00
2024/03/04	4.517	4.649	4.517	4.589	3964103	18202242.00
2024/03/05	4.587	4.645	4.503	4.507	3350030	15313088.00
2024/03/06	4.469	4.505	4.424	4.451	4156584	18504112.00
2024/03/07	4.446	4.533	4.320	4.373	5592113	24746864.00
2024/03/08	4.353	4.414	4.320	4.410	4355140	19086176.00
2024/03/11	4.388	4.460	4.388	4.446	4260446	18898996.00
2024/03/12	4.424	4.445	4.384	4.416	3157909	13954756.00
2024/03/13	4.414	4.414	4.355	4.384	3008106	13176061.00
2024/03/14	4.355	4.398	4.340	4.365	2631869	11512260.00
2024/03/15	4.367	4.389	4.341	4.364	1372371	6001793.00
2024/03/18	4.385	4.396	4.325	4.361	2278306	9989851.00
2024/03/19	4.380	4.399	4.304	4.370	2208998	9594775.00
2024/03/20	4.369	4.413	4.306	4.357	3442172	14972523.00
2024/03/21	4.325	4.415	4.270	4.327	3495890	15128451.00
2024/03/22	4.295	4.399	4.200	4.380	4653755	19827928.00
2024/03/25	4.380	4.380	4.315	4.348	2460747	10709971.00
2024/03/26	4.325	4.488	4.325	4.465	2291516	10045549.00
2024/03/27	4.480	4.567	4.468	4.505	3772020	17077194.00
2024/03/28	4.505	4.681	4.473	4.542	4136745	18688204.00
2024/03/29	4.542	4.563	4.505	4.508	2520358	11387998.00
2024/04/01	4.508	4.579	4.475	4.551	1588241	7162586.00
2024/04/02	4.550	4.580	4.480	4.572	3887710	17723438.00
2024/04/03	4.554	4.573	4.527	4.572	3569467	16239221.00
2024/04/08	4.572	4.577	4.523	4.555	3703204	16861012.00
2024/04/09	4.554	4.565	4.483	4.510	3056655	13841291.00
2024/04/10	4.505	4.562	4.493	4.559	3576425	16124490.00
2024/04/11	4.550	4.589	4.546	4.576	3813370	17436994.00
2024/04/12	4.578	4.628	4.559	4.626	2592954	11895122.00
2024/04/15	4.618	4.618	4.560	4.590	3488908	16047739.00
2024/04/16	4.588	4.595	4.550	4.587	3055926	14011238.00
2024/04/17	4.582	4.665	4.555	4.664	4059612	18644328.00
2024/04/18	4.664	4.714	4.664	4.706	3361443	15798979.00
2024/04/19	4.715	4.715	4.666	4.702	3241722	15223925.00
2024/04/22	4.710	4.710	4.420	4.623	5943830	27406324.00
2024/04/23	4.417	4.426	4.316	4.356	3273592	14368101.00
2024/04/24	4.352	4.445	4.325	4.439	5041742	21943714.00
2024/04/25	4.430	4.482	4.415	4.471	2672561	11859701.00
2024/04/26	4.464	4.525	4.445	4.483	3539489	15892412.00
2024/04/29	4.480	4.494	4.393	4.488	3894554	17261598.00
2024/04/30	4.479	4.485	4.425	4.454	4686359	20862792.00
2024/05/06	4.425	4.471	4.396	4.457	2934928	12986947.00
2024/05/07	4.457	4.505	4.425	4.501	2919701	13032973.00
2024/05/08	4.504	4.554	4.445	4.499	3983390	17904770.00
2024/05/09	4.490	4.529	4.442	4.508	4572561	20497974.00
2024/05/10	4.508	4.508	4.469	4.479	5698709	25560622.00
2024/05/13	4.465	4.530	4.446	4.462	3145111	14051789.00
2024/05/14	4.460	4.500	4.436	4.450	2232303	9958752.00
2024/05/15	4.446	4.480	4.402	4.411	5217462	23063224.00
2024/05/16	4.405	4.442	4.386	4.405	4995904	22074552.00
2024/05/17	4.410	4.424	4.361	4.396	3142164	13817177.00
2024/05/20	4.405	4.416	4.370	4.397	3376096	14844286.00
2024/05/21	4.390	4.402	4.377	4.385	3020302	13242496.00
2024/05/22	4.383	4.394	4.333	4.363	2286097	9992182.00
2024/05/23	4.364	4.375	4.300	4.335	4636103	20076812.00
2024/05/24	4.320	4.457	4.305	4.438	1319975	5768727.00
2024/05/27	4.438	4.449	4.405	4.431	2499022	11078389.00
2024/05/28	4.413	4.462	4.412	4.454	2448057	10848705.00
2024/05/29	4.453	4.480	4.389	4.461	4982800	22037732.00
2024/05/30	4.445	4.459	4.405	4.436	4810287	21308672.00
2024/05/31	4.436	4.456	4.407	4.437	1934032	8570851.00
2024/06/03	4.449	4.467	4.410	4.452	2167226	9649412.00
2024/06/04	4.469	4.470	4.421	4.448	2747148	12183591.00
2024/06/05	4.425	4.447	4.420	4.435	5483140	24312358.00
2024/06/06	4.429	4.444	4.394	4.417	2310440	10214839.00
2024/06/07	4.413	4.416	4.390	4.406	4485211	19737212.00
2024/06/11	4.385	4.431	4.365	4.406	2782626	12189420.00
2024/06/12	4.386	4.413	4.372	4.392	2577226	11316494.00
2024/06/13	4.393	4.439	4.387	4.438	4563769	20139970.00
2024/06/14	4.417	4.445	4.413	4.433	4553042	20168614.00
2024/06/17	4.428	4.445	4.400	4.436	2803339	12397795.00
2024/06/18	4.424	4.477	4.408	4.475	3037340	13467733.00
2024/06/19	4.475	4.481	4.445	4.477	2053841	9170799.00
2024/06/20	4.446	4.485	4.440	4.484	3407749	15172554.00
2024/06/21	4.450	4.525	4.447	4.520	2845559	12742246.00
2024/06/24	4.505	4.556	4.474	4.506	2346136	10586726.00
2024/06/25	4.485	4.506	4.456	4.474	2703123	12102002.00
2024/06/26	4.472	4.483	4.441	4.475	3012843	13458591.00
2024/06/27	4.475	4.500	4.433	4.485	4193785	18803990.00
2024/06/28	4.485	4.500	4.425	4.433	3040828	13567811.00
2024/07/01	4.420	4.443	4.390	4.408	2719159	11983652.00
2024/07/02	4.385	4.465	4.376	4.460	2170930	9564735.00
2024/07/03	4.460	4.512	4.426	4.504	3794516	16882728.00
2024/07/04	4.490	4.546	4.466	4.505	3290423	14813148.00
2024/07/05	4.515	4.549	4.456	4.510	4002898	18045880.00
2024/07/08	4.519	4.519	4.466	4.496	3097936	13886658.00
2024/07/09	4.495	4.506	4.452	4.493	2905791	12993560.00
2024/07/10	4.493	4.522	4.425	4.503	3629608	16308020.00
2024/07/11	4.500	4.553	4.445	4.492	3274035	14703393.00
2024/07/12	4.505	4.508	4.449	4.456	4142901	18500644.00
2024/07/15	4.445	4.454	4.402	4.403	3065024	13536849.00
2024/07/16	4.399	4.409	4.375	4.381	5018551	22038856.00
2024/07/17	4.366	4.404	4.365	4.375	3881447	16992444.00
2024/07/18	4.365	4.373	4.319	4.365	5776472	25134464.00
2024/07/19	4.345	4.439	4.313	4.438	2650044	11634162.00
2024/07/22	4.438	4.438	4.402	4.425	4247634	18793884.00
2024/07/23	4.421	4.430	4.365	4.388	3790126	16705115.00
2024/07/24	4.384	4.403	4.350	4.393	4050788	17754348.00
2024/07/25	4.395	4.428	4.351	4.427	3532177	15498828.00
2024/07/26	4.426	4.459	4.385	4.448	3995835	17688000.00
2024/07/29	4.454	4.497	4.430	4.461	4042540	17982180.00
2024/07/30	4.476	4.506	4.450	4.477	4649289	20813072.00
2024/07/31	4.445	4.557	4.445	4.540	3609341	16141591.00
2024/08/01	4.525	4.585	4.481	4.575	4807285	21693384.00
2024/08/02	4.569	4.569	4.493	4.538	4372119	19811112.00
2024/08/05	4.524	4.571	4.474	4.566	3360907	15168582.00
2024/08/06	4.569	4.687	4.504	4.629	3088161	14140648.00
2024/08/07	4.615	4.765	4.604	4.729	4541974	21282320.00
2024/08/08	4.694	4.773	4.630	4.667	5046277	23833116.00
2024/08/09	4.685	4.708	4.525	4.708	2435000	11241803.00
2024/08/12	4.708	4.737	4.606	4.692	3934134	18441296.00
2024/08/13	4.684	4.691	4.640	4.657	2236684	10418671.00
2024/08/14	4.656	4.699	4.619	4.658	3023942	14100275.00
2024/08/15	4.688	4.690	4.614	4.645	5159813	23957792.00
2024/08/16	4.646	4.658	4.603	4.606	3808991	17586226.00
2024/08/19	4.594	4.606	4.570	4.580	3882755	17793516.00
2024/08/20	4.541	4.594	4.541	4.588	5046544	23089480.00
2024/08/21	4.580	4.644	4.534	4.611	3699442	17015428.00
2024/08/22	4.611	4.651	4.540	4.564	3634014	16670688.00
2024/08/23	4.534	4.579	4.529	4.577	4035970	18351728.00
2024/08/26	4.542	4.598	4.542	4.580	3923981	17941470.00
2024/08/27	4.571	4.590	4.550	4.564	2331650	10640948.00
2024/08/28	4.536	4.612	4.536	4.589	3227274	14755486.00
2024/08/29	4.589	4.653	4.538	4.552	2190338	10013783.00
2024/08/30	4.564	4.568	4.491	4.501	2620300	11842712.00
2024/09/02	4.500	4.527	4.459	4.475	2937236	13176869.00
2024/09/03	4.464	4.519	4.438	4.441	2330040	10429109.00
2024/09/04	4.468	4.489	4.420	4.431	2305532	10223852.00
2024/09/05	4.457	4.491	4.417	4.481	2275313	10132908.00
2024/09/06	4.489	4.525	4.445	4.487	2333215	10469195.00
2024/09/09	4.478	4.533	4.426	4.463	2183059	9783949.00
2024/09/10	4.467	4.503	4.411	4.452	1557513	6919145.00
2024/09/11	4.452	4.488	4.385	4.393	1965941	8695255.00
2024/09/12	4.356	4.391	4.330	4.357	3858752	16805176.00
2024/09/13	4.349	4.389	4.311	4.334	3650804	15810501.00
2024/09/18	4.321	4.379	4.267	4.285	1941787	8339181.00
2024/09/19	4.284	4.310	4.221	4.256	2758328	11755183.00
2024/09/20	4.248	4.294	4.208	4.273	3027884	12770084.00
2024/09/23	4.270	4.271	4.202	4.205	1312281	5545754.00
2024/09/24	4.202	4.296	4.119	4.291	1770972	7457206.00
2024/09/25	4.291	4.398	4.271	4.390	3592439	15529463.00
2024/09/26	4.394	4.438	4.299	4.430	3291992	14500143.00
2024/09/27	4.400	4.466	4.365	4.466	399918	1760428.00
2024/09/30	4.466	4.466	4.325	4.371	3281915	14381758.00
2024/10/08	4.358	4.473	4.316	4.369	3492434	15320949.00
2024/10/09	4.372	4.417	4.154	4.282	4450379	18924458.00
2024/10/10	4.250	4.383	4.181	4.359	6396587	27039980.00
2024/10/11	4.319	4.418	4.241	4.405	5014549	21837038.00
2024/10/14	4.405	4.430	4.291	4.321	5488707	23986624.00
2024/10/15	4.313	4.358	4.216	4.254	3793213	16286802.00
2024/10/16	4.250	4.319	4.240	4.319	4240480	18059548.00
2024/10/17	4.308	4.375	4.280	4.353	2409140	10478059.00
2024/10/18	4.398	4.417	4.325	4.401	3915630	17193248.00
2024/10/21	4.440	4.440	4.322	4.330	3812403	16722852.00
2024/10/22	4.315	4.396	4.250	4.389	5446556	23466384.00
2024/10/23	4.350	4.409	4.350	4.394	3004452	13212514.00
2024/10/24	4.355	4.403	4.293	4.304	2904851	12713549.00
2024/10/25	4.301	4.383	4.280	4.372	3572260	15355418.00
2024/10/28	4.368	4.400	4.318	4.338	3234363	14036946.00
2024/10/29	4.301	4.360	4.248	4.334	4300678	18491396.00
2024/10/30	4.294	4.333	4.252	4.304	8002259	34389688.00
2024/10/31	4.280	4.301	4.271	4.279	4150772	17777752.00
2024/11/01	4.279	4.295	4.253	4.265	4027625	17182716.00
2024/11/04	4.275	4.275	4.219	4.252	2139778	9096928.00
2024/11/05	4.256	4.300	4.213	4.262	4583839	19460478.00
2024/11/06	4.262	4.300	4.181	4.292	4936136	20867988.00
2024/11/07	4.278	4.298	4.250	4.261	4665987	19893108.00
2024/11/08	4.261	4.273	4.180	4.234	4550435	19212304.00
2024/11/11	4.228	4.305	4.196	4.295	4333373	18347632.00
2024/11/12	4.285	4.379	4.280	4.357	4910749	21147268.00
2024/11/13	4.364	4.364	4.255	4.268	4416047	18990240.00
2024/11/14	4.274	4.274	4.204	4.221	5059166	21356444.00
2024/11/15	4.214	4.257	4.213	4.254	5620251	23777638.00
2024/11/18	4.250	4.253	4.223	4.237	4971984	21058008.00
2024/11/19	4.241	4.256	4.201	4.207	4727683	19967336.00
2024/11/20	4.219	4.247	4.190	4.230	4015293	16860582.00
2024/11/21	4.226	4.366	4.196	4.359	4591641	19384092.00
2024/11/22	4.346	4.359	4.251	4.290	4248028	18255312.00
2024/11/25	4.271	4.322	4.219	4.311	4865754	20672120.00
2024/11/26	4.286	4.310	4.243	4.272	3367460	14380528.00
2024/11/27	4.256	4.288	4.235	4.239	3330034	14130520.00
2024/11/28	4.252	4.298	4.220	4.293	2983168	12640517.00
2024/11/29	4.294	4.294	4.236	4.261	3910973	16693441.00
2024/12/02	4.249	4.268	4.241	4.256	4449138	18905520.00
2024/12/03	4.241	4.264	4.214	4.240	4902408	20733784.00
2024/12/04	4.227	4.240	4.208	4.230	3785280	15987588.00
2024/12/05	4.230	4.231	4.177	4.196	6161495	25889588.00
2024/12/06	4.194	4.212	4.179	4.198	6342793	26576576.00
2024/12/09	4.198	4.211	4.182	4.189	3299468	13819806.00
2024/12/10	4.192	4.206	4.175	4.193	5910316	24735940.00
2024/12/11	4.193	4.245	4.186	4.232	4639552	19530060.00
2024/12/12	4.226	4.244	4.215	4.234	5707354	24136028.00
2024/12/13	4.236	4.239	4.215	4.219	5160919	21785812.00
2024/12/16	4.216	4.237	4.188	4.231	4123092	17324744.00
2024/12/17	4.224	4.229	4.181	4.190	4182761	17573846.00
2024/12/18	4.190	4.207	4.170	4.187	2677358	11212123.00
2024/12/19	4.194	4.225	4.181	4.205	3920166	16455144.00
2024/12/20	4.203	4.203	4.158	4.187	9371688	39093792.00
2024/12/23	4.187	4.214	4.162	4.187	4508454	18849836.00
2024/12/24	4.189	4.230	4.184	4.197	5177320	21718532.00
2024/12/25	4.198	4.301	4.187	4.279	4190883	17627324.00
2024/12/26	4.274	4.278	4.224	4.238	2916895	12389033.00
2024/12/27	4.237	4.247	4.214	4.239	2339422	9916878.00
2024/12/30	4.239	4.282	4.239	4.275	3633509	15502732.00
2024/12/31	4.271	4.306	4.242	4.300	4269021	18180294.00
2025/01/02	4.301	4.320	4.265	4.310	4115979	17637940.00
2025/01/03	4.299	4.363	4.297	4.316	7198257	31122808.00
2025/01/06	4.316	4.341	4.240	4.281	5903792	25478500.00
2025/01/07	4.275	4.275	4.202	4.205	3419438	14426953.00
2025/01/08	4.203	4.345	4.196	4.319	8283225	35613804.00
2025/01/09	4.316	4.368	4.281	4.367	7881120	34211912.00
2025/01/10	4.367	4.426	4.302	4.377	5447981	23874012.00
2025/01/13	4.361	4.375	4.325	4.337	3629437	15793387.00
2025/01/14	4.333	4.365	4.234	4.264	5136750	21985196.00
2025/01/15	4.262	4.389	4.255	4.389	3837280	16673576.00
2025/01/16	4.352	4.385	4.318	4.375	5612228	24550120.00
2025/01/17	4.370	4.400	4.335	4.383	4424165	19365902.00
2025/01/20	4.391	4.414	4.327	4.388	4516174	19674438.00
2025/01/21	4.376	4.400	4.335	4.389	4831150	21194036.00
2025/01/22	4.389	4.433	4.347	4.430	11661871	51244296.00
2025/01/23	4.406	4.429	4.400	4.413	2473241	10923363.00
2025/01/24	4.406	4.425	4.380	4.422	2759335	12165143.00
2025/01/27	4.422	4.444	4.396	4.442	1953582	8650044.00
2025/02/05	4.438	4.445	4.411	4.435	3643704	16168789.00
2025/02/06	4.438	4.460	4.421	4.443	3667197	16285898.00
2025/02/07	4.438	4.451	4.395	4.417	4976074	22046260.00
2025/02/10	4.406	4.450	4.386	4.443	2850556	12620548.00
2025/02/11	4.443	4.487	4.431	4.482	5312929	23686760.00
2025/02/12	4.482	4.487	4.406	4.444	5121316	22867012.00
2025/02/13	4.423	4.430	4.363	4.364	2445939	10753377.00
2025/02/14	4.374	4.430	4.311	4.415	2926921	12719753.00
2025/02/17	4.386	4.448	4.381	4.434	5102446	22590354.00
2025/02/18	4.418	4.453	4.410	4.430	4049842	17984528.00
2025/02/19	4.450	4.473	4.408	4.470	2700219	11990498.00
2025/02/20	4.470	4.543	4.451	4.540	4505939	20128608.00
2025/02/21	4.540	4.640	4.500	4.515	3919794	17962640.00
2025/02/24	4.515	4.526	4.388	4.415	2964105	13100324.00
2025/02/25	4.400	4.435	4.391	4.426	3117752	13773407.00
2025/02/26	4.423	4.521	4.409	4.472	6768241	30276164.00
2025/02/27	4.465	4.494	4.425	4.466	5691701	25479216.00
2025/02/28	4.464	4.464	4.378	4.421	3954521	17497252.00
2025/03/03	4.405	4.511	4.405	4.482	3747945	16697818.00
2025/03/04	4.500	4.604	4.440	4.499	7833789	35636012.00
2025/03/05	4.466	4.565	4.466	4.520	4830118	21860668.00
2025/03/06	4.511	4.556	4.484	4.552	4710394	21201392.00
2025/03/07	4.526	4.544	4.473	4.520	3853915	17465736.00
2025/03/10	4.519	4.526	4.495	4.518	3337394	15042155.00
2025/03/11	4.511	4.526	4.469	4.490	2003702	8994661.00
2025/03/12	4.490	4.494	4.450	4.470	4183406	18722220.00
2025/03/13	4.481	4.481	4.430	4.465	4688458	20887232.00
2025/03/14	4.461	4.480	4.437	4.477	2968379	13210575.00
2025/03/17	4.477	4.495	4.465	4.476	3009700	13461613.00
2025/03/18	4.477	4.481	4.440	4.449	3407280	15166859.00
2025/03/19	4.449	4.530	4.446	4.530	4167653	18700168.00
2025/03/20	4.534	4.549	4.511	4.529	2087541	9464273.00
2025/03/21	4.525	4.530	4.471	4.471	2582943	11595076.00
2025/03/24	4.464	4.525	4.464	4.515	3283484	14798972.00
2025/03/25	4.514	4.568	4.510	4.568	2236178	10185494.00
2025/03/26	4.558	4.600	4.522	4.589	2990842	13563889.00
2025/03/27	4.592	4.639	4.589	4.592	991545	4575168.00
2025/03/28	4.603	4.650	4.597	4.645	2342482	10838332.00
2025/03/31	4.630	4.655	4.600	4.643	1383168	6395043.00
2025/04/01	4.609	4.629	4.556	4.599	1460789	6698421.00
2025/04/02	4.576	4.685	4.571	4.683	2374735	10994546.00
2025/04/03	4.659	4.750	4.659	4.745	1797022	8451349.00
2025/04/07	4.728	4.729	4.578	4.666	2025006	9403456.00
2025/04/08	4.625	4.638	4.530	4.595	6163307	28147328.00
2025/04/09	4.569	4.569	4.400	4.501	3853530	17300286.00
2025/04/10	4.471	4.537	4.471	4.536	2084910	9428811.00
2025/04/11	4.536	4.638	4.531	4.598	2589931	11847068.00
2025/04/14	4.585	4.612	4.514	4.558	3655739	16576448.00
2025/04/15	4.545	4.561	4.520	4.555	1996254	9049579.00
2025/04/16	4.554	4.711	4.532	4.697	3700509	17181168.00
2025/04/17	4.678	4.744	4.651	4.707	2228627	10490608.00
2025/04/18	4.710	4.726	4.577	4.590	2877900	13272580.00
2025/04/21	4.549	4.639	4.533	4.634	1659435	7653555.00
2025/04/22	4.634	4.672	4.600	4.635	3018087	13991020.00
2025/04/23	4.616	4.653	4.598	4.627	2408296	11141609.00
2025/04/24	4.616	4.639	4.572	4.589	1686806	7741217.00
2025/04/25	4.439	4.439	4.340	4.382	2020259	8817162.00
2025/04/28	4.371	4.371	4.260	4.268	2059299	8847115.00
2025/04/29	4.270	4.301	4.242	4.282	2310420	9879922.00
2025/04/30	4.295	4.319	4.229	4.250	763203	3250982.00
2025/05/06	4.250	4.307	4.227	4.299	695518	2980458.00
2025/05/07	4.295	4.364	4.279	4.348	2172226	9380190.00
2025/05/08	4.355	4.365	4.305	4.345	2602253	11235503.00
2025/05/09	4.335	4.408	4.295	4.400	3086853	13434163.00
2025/05/12	4.360	4.400	4.355	4.397	2188904	9582641.00
2025/05/13	4.385	4.414	4.347	4.397	1902915	8336924.00
2025/05/14	4.386	4.400	4.380	4.395	2317724	10171008.00
2025/05/15	4.395	4.405	4.366	4.368	1522311	6662248.00
2025/05/16	4.368	4.420	4.368	4.409	2898862	12753409.00
2025/05/19	4.412	4.438	4.382	4.437	3757115	16588501.00
2025/05/20	4.428	4.526	4.428	4.523	4425504	19758344.00
2025/05/21	4.510	4.577	4.497	4.569	5590160	25468160.00
2025/05/22	4.538	4.595	4.538	4.583	3816629	17404348.00
2025/05/23	4.568	4.613	4.544	4.598	2912194	13306975.00
2025/05/26	4.595	4.618	4.540	4.545	3131864	14350653.00
2025/05/27	4.535	4.550	4.499	4.533	2054745	9321713.00
2025/05/28	4.525	4.562	4.515	4.530	2501449	11340293.00
2025/05/29	4.533	4.546	4.525	4.535	1271550	5763121.00
2025/05/30	4.525	4.555	4.510	4.539	4098463	18581374.00
2025/06/03	4.549	4.557	4.516	4.532	1181692	5348616.00
2025/06/04	4.542	4.586	4.512	4.565	1347932	6138878.00
2025/06/05	4.555	4.630	4.555	4.617	2564396	11804041.00
2025/06/06	4.611	4.744	4.599	4.672	7150175	33498620.00
2025/06/09	4.677	4.719	4.658	4.669	3886875	18234510.00
2025/06/10	4.669	4.720	4.654	4.695	5568165	26073480.00
2025/06/11	4.689	4.761	4.671	4.723	4108856	19342732.00
2025/06/12	4.713	4.794	4.649	4.724	5349928	25106368.00
2025/06/13	4.712	4.750	4.679	4.736	2688042	12696001.00
2025/06/16	4.727	4.736	4.695	4.707	1002988	4724588.00
2025/06/17	4.717	4.797	4.696	4.782	2318582	10956224.00
2025/06/18	4.786	4.836	4.780	4.782	885664	4254941.00
2025/06/19	4.773	4.888	4.763	4.850	2224118	10703127.00
2025/06/20	4.840	4.980	4.836	4.961	2088010	10288239.00
2025/06/23	4.971	4.998	4.901	4.960	1192093	5915447.00
2025/06/24	4.950	4.968	4.834	4.920	3526090	17283866.00
2025/06/25	4.900	5.040	4.866	5.011	1317547	6579141.00
2025/06/26	4.991	5.060	4.951	5.059	1027352	5142698.00
2025/06/27	5.059	5.059	4.961	4.969	420746	2099109.00
2025/06/30	4.949	4.961	4.819	4.899	1740371	8479043.00
2025/07/01	4.879	4.881	4.836	4.879	957379	4645918.00
2025/07/02	4.861	4.977	4.861	4.970	1066971	5263583.00
2025/07/03	4.952	4.990	4.945	4.946	323968	1610651.00
2025/07/04	4.939	4.939	4.877	4.892	722264	3535823.00
2025/07/07	4.911	4.911	4.879	4.897	72495	354539.00
2025/07/08	4.891	4.899	4.790	4.799	362806	1753337.00
2025/07/09	4.790	4.834	4.790	4.823	2081986	9984658.00
2025/07/10	4.805	4.880	4.805	4.831	1674676	8134316.00
2025/07/11	4.813	4.820	4.739	4.774	2844079	13654547.00
2025/07/14	4.755	4.772	4.702	4.757	1546849	7332049.00
2025/07/15	4.738	4.875	4.738	4.869	1483100	7129691.00
2025/07/16	4.869	4.869	4.832	4.859	312103	1511370.00
2025/07/17	4.841	4.842	4.792	4.829	1230100	5915435.00
2025/07/18	4.809	4.828	4.775	4.785	445954	2137843.00
2025/07/21	4.799	4.799	4.749	4.771	1151516	5501762.00
2025/07/22	4.753	4.785	4.704	4.715	593359	2806450.00
2025/07/23	4.700	4.785	4.640	4.713	1581106	7381135.00
2025/07/24	4.713	4.713	4.659	4.680	946038	4434385.00
2025/07/25	4.696	4.729	4.653	4.719	1302371	6105701.00
2025/07/29	4.719	4.729	4.657	4.659	995102	4662273.00
2025/07/30	4.659	4.694	4.635	4.689	645195	2996521.00
2025/07/31	4.671	4.761	4.669	4.743	1414281	6678546.00
2025/08/01	4.730	4.745	4.692	4.738	1335827	6313379.00
2025/08/04	4.745	4.745	4.704	4.715	490138	2311727.00
2025/08/05	4.719	4.719	4.653	4.658	961745	4484899.00
2025/08/06	4.639	4.672	4.619	4.644	580006	2691151.00
2025/08/07	4.644	4.658	4.611	4.647	1027994	4767806.00
2025/08/08	4.661	4.694	4.644	4.677	2050007	9570425.00
2025/08/11	4.676	4.677	4.625	4.640	1360346	6304215.00
2025/08/12	4.653	4.653	4.584	4.609	1464280	6755546.00
2025/08/13	4.627	4.627	4.517	4.536	1745628	7945528.00
2025/08/14	4.528	4.531	4.480	4.526	2809533	12655736.00
2025/08/15	4.507	4.526	4.470	4.492	800237	3602948.00
2025/08/18	4.492	4.492	4.375	4.382	2258977	9929372.00
2025/08/19	4.385	4.533	4.356	4.508	3996093	17878470.00
2025/08/20	4.515	4.550	4.490	4.533	691406	3130378.00
2025/08/21	4.513	4.593	4.513	4.579	1258290	5732470.00
2025/08/22	4.591	4.591	4.479	4.526	751554	3396382.00
2025/08/25	4.514	4.560	4.445	4.500	2541398	11458908.00
2025/08/26	4.482	4.580	4.460	4.567	1775622	8043651.00
2025/08/27	4.549	4.585	4.549	4.576	1003518	4590132.00
2025/08/28	4.556	4.576	4.505	4.534	514926	2334448.00
2025/08/29	4.549	4.602	4.509	4.557	2016697	9183416.00
2025/09/01	4.556	4.556	4.488	4.528	397276	1793818.00
2025/09/02	4.510	4.599	4.496	4.592	1274252	5805776.00
2025/09/03	4.590	4.606	4.552	4.576	1653827	7576423.00
2025/09/04	4.567	4.638	4.567	4.608	914120	4208862.00
2025/09/05	4.598	4.602	4.550	4.573	506782	2321987.00
2025/09/08	4.570	4.570	4.490	4.529	607039	2742809.00
2025/09/09	4.519	4.566	4.497	4.529	317128	1440305.00
2025/09/10	4.519	4.524	4.491	4.500	176708	796159.00
2025/09/11	4.500	4.513	4.488	4.492	750389	3374796.00
2025/09/12	4.492	4.502	4.465	4.475	364337	1629418.00
2025/09/15	4.469	4.469	4.448	4.450	145245	647460.00
2025/09/16	4.466	4.466	4.422	4.455	799247	3541793.00
2025/09/17	4.437	4.513	4.423	4.512	864365	3876029.00
2025/09/18	4.494	4.535	4.473	4.488	443838	1996839.00
2025/09/19	4.476	4.508	4.469	4.507	239125	1071510.00
2025/09/22	4.489	4.557	4.489	4.553	462671	2091754.00
2025/09/23	4.536	4.554	4.497	4.510	212696	961540.00
2025/09/24	4.509	4.510	4.471	4.484	122347	549174.00
2025/09/25	4.496	4.510	4.471	4.478	281138	1262316.00
2025/09/26	4.476	4.523	4.469	4.472	795272	3569815.00
2025/09/29	4.460	4.497	4.456	4.480	245188	1097657.00
2025/09/30	4.462	4.505	4.458	4.493	133457	599067.00
2025/10/09	4.491	4.491	4.460	4.469	583042	2603510.00
2025/10/10	4.469	4.477	4.447	4.475	8376	37417.00
2025/10/13	4.458	4.469	4.447	4.460	211215	940791.00
2025/10/14	4.447	4.450	4.440	4.449	98233	436581.00
2025/10/15	4.436	4.450	4.430	4.447	76914	341533.00
2025/10/16	4.456	4.458	4.441	4.448	45463	202198.00
2025/10/17	4.431	4.441	4.426	4.438	203157	900530.00
2025/10/20	4.465	4.465	4.400	4.419	244933	1082993.00
2025/10/21	4.422	4.422	4.376	4.390	302751	1327619.00
2025/10/22	4.390	4.420	4.374	4.420	97015	427799.00
2025/10/23	4.420	4.455	4.420	4.440	183437	812913.00
2025/10/24	4.457	4.476	4.414	4.461	100396	447361.00
2025/10/27	4.461	4.529	4.445	4.473	447869	2012771.00
2025/10/28	4.473	4.533	4.473	4.519	420848	1895019.00
2025/10/29	4.519	4.520	4.482	4.498	696712	3133285.00
2025/10/30	4.499	4.550	4.464	4.468	467020	2101297.00
2025/10/31	4.473	4.498	4.459	4.468	202137	903488.00
2025/11/03	4.468	4.500	4.440	4.460	1092130	4892922.00
2025/11/04	4.442	4.520	4.441	4.441	783800	3488093.00
2025/11/05	4.442	4.533	4.440	4.467	671212	3005086.00
2025/11/06	4.484	4.494	4.433	4.449	160222	712842.00
2025/11/07	4.466	4.499	4.431	4.478	346064	1547373.00
2025/11/10	4.478	4.520	4.451	4.520	530196	2382114.00
2025/11/11	4.521	4.550	4.503	4.516	726212	3282169.00
2025/11/12	4.516	4.530	4.507	4.515	68207	308308.00
2025/11/13	4.490	4.528	4.471	4.481	194202	871578.00
2025/11/14	4.484	4.528	4.481	4.482	252003	1132811.00
2025/11/17	4.482	4.527	4.477	4.480	235608	1059101.00
2025/11/18	4.479	4.526	4.476	4.488	268680	1207952.00
2025/11/19	4.473	4.507	4.460	4.462	464372	2086050.00
2025/11/20	4.489	4.530	4.420	4.450	277007	1232883.00
2025/11/21	4.461	4.461	4.432	4.437	260596	1158704.00
2025/11/24	4.437	4.464	4.437	4.460	151963	676969.00
2025/11/25	4.504	4.504	4.450	4.479	372646	1668735.00
2025/11/26	4.461	4.530	4.455	4.500	1499061	6753657.00
2025/11/27	4.487	4.503	4.459	4.474	675012	3025592.00
2025/11/28	4.456	4.499	4.455	4.480	224360	1001359.00
2025/12/01	4.455	4.495	4.453	4.483	166630	745968.00
2025/12/02	4.456	4.475	4.456	4.475	34976	156274.00
2025/12/03	4.457	4.481	4.457	4.471	186785	833979.00
2025/12/04	4.477	4.477	4.441	4.465	271478	1209392.00
2025/12/05	4.447	4.475	4.430	4.471	143160	637805.00
2025/12/08	4.444	4.470	4.425	4.443	604461	2685094.00
2025/12/09	4.443	4.470	4.400	4.442	529978	2341354.00
2025/12/10	4.439	4.474	4.407	4.474	844762	3753413.00
2025/12/11	4.481	4.501	4.451	4.475	572178	2558334.00
2025/12/12	4.480	4.494	4.453	4.462	307970	1377831.00
2025/12/15	4.447	4.472	4.411	4.448	207685	923093.00
2025/12/16	4.437	4.448	4.411	4.412	427902	1892962.00
2025/12/17	4.447	4.447	4.400	4.423	245705	1085718.00
2025/12/18	4.406	4.420	4.382	4.404	214597	943510.00
2025/12/19	4.387	4.403	4.293	4.392	955706	4149193.00
2025/12/22	4.374	4.430	4.368	4.430	465024	2043268.00
2025/12/23	4.430	4.435	4.353	4.383	342424	1496352.00
2025/12/24	4.365	4.496	4.330	4.490	848642	3747883.00
2025/12/25	4.475	4.528	4.473	4.517	1165540	5256346.00
2025/12/26	4.479	4.491	4.452	4.462	582169	2603903.00
2025/12/29	4.469	4.517	4.433	4.434	253614	1135476.00
2025/12/30	4.478	4.500	4.435	4.451	57460	255302.00
2025/12/31	4.434	4.481	4.434	4.475	183810	822393.00
2026/01/05	4.457	4.516	4.440	4.513	583884	2625136.00
2026/01/06	4.521	4.586	4.500	4.570	1863697	8501617.00
2026/01/07	4.570	4.600	4.548	4.590	919297	4210595.00
2026/01/08	4.571	4.617	4.571	4.616	1434103	6609798.00
2026/01/09	4.621	4.640	4.542	4.598	1810034	8351972.00
2026/01/12	4.598	4.619	4.550	4.556	454307	2083401.00
2026/01/13	4.533	4.647	4.521	4.600	1325608	6103876.00
2026/01/14	4.600	4.657	4.542	4.637	938351	4332556.00
2026/01/15	4.637	4.637	4.574	4.604	980755	4506499.00
2026/01/16	4.593	4.620	4.576	4.600	481289	2212761.00
2026/01/19	4.628	4.628	4.572	4.588	304624	1397296.00
2026/01/20	4.574	4.682	4.574	4.594	1468794	6796501.00
2026/01/21	4.612	4.654	4.576	4.650	1070503	4929370.00
2026/01/22	4.631	4.663	4.598	4.650	1470767	6818049.00
2026/01/23	4.636	4.659	4.600	4.604	1578684	7307925.00
2026/01/26	4.593	4.602	4.512	4.544	807963	3683892.00
2026/01/27	4.544	4.570	4.533	4.557	1084601	4939664.00
2026/01/28	4.538	4.672	4.538	4.624	2395566	11076131.00
2026/01/29	4.624	4.690	4.600	4.650	1891659	8795157.00
2026/01/30	4.650	4.665	4.613	4.620	533496	2472297.00
2026/02/02	4.593	4.602	4.552	4.572	799855	3660750.00
2026/02/03	4.585	4.634	4.533	4.623	937461	4298850.00
2026/02/04	4.600	4.639	4.600	4.620	557232	2575022.00
2026/02/05	4.620	4.620	4.592	4.599	206232	948444.00
2026/02/06	4.599	4.606	4.565	4.565	234400	1075165.00
2026/02/09	4.563	4.585	4.505	4.533	680058	3084730.00
2026/02/10	4.525	4.568	4.513	4.555	557676	2533626.00
2026/02/11	4.567	4.581	4.539	4.549	370295	1686153.00
2026/02/12	4.580	4.588	4.541	4.588	431817	1971431.00
2026/02/13	4.588	4.590	4.572	4.586	33482	153504.00
2026/02/24	4.586	4.593	4.533	4.534	220228	1001668.00
2026/02/25	4.532	4.556	4.532	4.535	363721	1651842.00
2026/02/26	4.542	4.552	4.474	4.489	296080	1328783.00
2026/02/27	4.487	4.487	4.440	4.450	818371	3645916.00
2026/03/02	4.432	4.474	4.414	4.454	1143992	5090372.00
2026/03/03	4.453	4.520	4.453	4.500	1567811	7037221.00
2026/03/04	4.481	4.503	4.450	4.458	405584	1811895.00
2026/03/05	4.439	4.501	4.413	4.434	408176	1808809.00
2026/03/06	4.434	4.434	4.359	4.390	411999	1805470.00
2026/03/09	4.355	4.389	4.315	4.362	536508	2336002.00
2026/03/10	4.343	4.420	4.329	4.393	1148465	5048886.00
2026/03/11	4.393	4.393	4.300	4.371	939162	4076586.00
2026/03/12	4.351	4.385	4.335	4.336	397724	1732265.00
2026/03/13	4.324	4.345	4.290	4.338	1123795	4851916.00
2026/03/16	4.338	4.360	4.293	4.306	369800	1595602.00
2026/03/17	4.306	4.346	4.306	4.310	690701	2984351.00
2026/03/18	4.300	4.405	4.300	4.380	624808	2722335.00
2026/03/19	4.360	4.418	4.340	4.390	299456	1312546.00
2026/03/20	4.372	4.417	4.336	4.350	794354	3481970.00
2026/03/23	4.348	4.348	4.300	4.324	353549	1526232.00
2026/03/24	4.321	4.336	4.306	4.325	101510	438673.00
2026/04/03	4.381	4.417	4.360	4.396	1216296	5350550.00
#鑒앴윱都:繫댐斤
