508096 жаКНОЉФмЙњМЪФмдД ШеЯп ВЛИДШЈ
      ШеЦк	    ПЊХЬ	    зюИп	    зюЕЭ	    ЪеХЬ	    ГЩНЛСП	    ГЩНЛЖю
2023/03/29	10.798	11.249	10.740	10.992	21410941	233750256.00
2023/03/30	10.995	11.000	10.870	10.909	2225125	24299704.00
2023/03/31	10.898	10.981	10.851	10.952	1892609	20697486.00
2023/04/03	10.948	10.950	10.870	10.949	1539026	16770615.00
2023/04/04	10.930	10.930	10.867	10.867	1229047	13367222.00
2023/04/06	10.867	10.869	10.838	10.839	1034369	11236343.00
2023/04/07	10.800	10.833	10.795	10.808	907142	9804905.00
2023/04/10	10.790	10.807	10.722	10.784	1053001	11312435.00
2023/04/11	10.779	10.785	10.746	10.783	528615	5686061.00
2023/04/12	10.784	10.784	10.760	10.768	284252	3061255.00
2023/04/13	10.768	10.768	10.726	10.727	417313	4478892.00
2023/04/14	10.726	10.779	10.698	10.777	435542	4673215.00
2023/04/17	10.777	10.923	10.777	10.915	831548	9009916.00
2023/04/18	10.915	10.927	10.900	10.921	1036031	11307865.00
2023/04/19	10.923	10.924	10.850	10.915	342922	3727533.00
2023/04/20	10.915	10.915	10.850	10.899	311603	3392614.00
2023/04/21	10.900	10.900	10.790	10.853	570518	6182624.00
2023/04/24	10.852	10.852	10.795	10.828	587139	6346848.00
2023/04/25	10.828	10.828	10.746	10.827	448748	4842117.00
2023/04/26	10.818	10.818	10.737	10.754	1617081	17390160.00
2023/04/27	10.751	10.751	10.591	10.606	619080	6588895.00
2023/04/28	10.596	10.640	10.520	10.639	575790	6099685.00
2023/05/04	10.638	10.643	10.381	10.420	1130210	11852608.00
2023/05/05	10.443	10.500	10.200	10.339	712629	7391986.00
2023/05/08	10.339	10.339	10.280	10.293	848062	8745407.00
2023/05/09	10.293	10.293	10.160	10.238	1014783	10377374.00
2023/05/10	10.220	10.366	10.169	10.356	2423067	24911868.00
2023/05/11	10.398	10.520	10.349	10.517	1251697	13055079.00
2023/05/12	10.517	10.616	10.470	10.616	605520	6355228.00
2023/05/15	10.616	10.616	10.501	10.519	515388	5434119.00
2023/05/16	10.519	10.609	10.519	10.569	711198	7491051.00
2023/05/17	10.570	10.570	10.528	10.529	552351	5828140.00
2023/05/18	10.432	10.543	10.430	10.530	588714	6184799.00
2023/05/19	10.500	10.518	10.449	10.518	527628	5537619.00
2023/05/22	10.518	10.518	10.471	10.481	626268	6565459.00
2023/05/23	10.481	10.529	10.481	10.490	537050	5634098.00
2023/05/24	10.434	10.604	10.434	10.568	737198	7736664.00
2023/05/25	10.571	10.628	10.570	10.604	896632	9503730.00
2023/05/26	10.600	10.628	10.557	10.587	1437547	15228050.00
2023/05/29	10.605	10.794	10.583	10.586	1011047	10806994.00
2023/05/30	10.585	10.715	10.546	10.570	482482	5107356.00
2023/05/31	10.569	10.569	10.386	10.421	541409	5661737.00
2023/06/01	10.425	10.425	10.335	10.338	1010430	10453520.00
2023/06/02	10.321	10.397	10.321	10.375	366657	3802722.00
2023/06/05	10.321	10.491	10.321	10.400	431928	4498315.00
2023/06/06	10.434	10.434	10.011	10.061	1226979	12472166.00
2023/06/07	10.047	10.190	10.041	10.113	812256	8209681.00
2023/06/08	10.113	10.430	10.113	10.418	969203	9903435.00
2023/06/09	10.419	10.499	10.300	10.407	1030505	10691182.00
2023/06/12	10.356	10.409	10.199	10.391	547310	5675635.00
2023/06/13	10.397	10.490	10.334	10.426	666313	6947714.00
2023/06/14	10.420	10.490	10.333	10.450	576093	6004537.00
2023/06/15	10.450	10.576	10.400	10.453	142873	1493686.00
2023/06/16	10.454	10.536	10.344	10.527	1031480	10784342.00
2023/06/19	10.527	10.527	10.324	10.460	860938	8984498.00
2023/06/20	10.460	10.490	10.338	10.459	326957	3406589.00
2023/06/21	10.432	10.512	10.380	10.470	380564	3978344.00
2023/06/26	10.464	10.580	10.359	10.431	532699	5555533.00
2023/06/27	10.431	10.489	10.276	10.353	996588	10334825.00
2023/06/28	10.353	10.353	10.160	10.191	475011	4854867.00
2023/06/29	10.184	10.260	10.110	10.159	445564	4515175.00
2023/06/30	10.159	10.194	10.007	10.180	858422	8658226.00
2023/07/03	10.179	10.179	9.990	10.003	1248577	12520461.00
2023/07/04	9.998	10.135	9.985	10.006	929973	9317964.00
2023/07/05	10.006	10.077	9.951	9.967	535279	5335990.00
2023/07/06	9.945	10.298	9.945	10.276	2499200	25319392.00
2023/07/07	10.276	10.467	10.144	10.364	2421905	25086668.00
2023/07/10	10.349	10.482	10.252	10.335	1411523	14641974.00
2023/07/11	10.340	10.435	10.261	10.312	369542	3825307.00
2023/07/12	10.330	10.375	10.190	10.268	713384	7303822.00
2023/07/13	10.270	10.378	10.216	10.373	563530	5799582.00
2023/07/14	10.374	10.480	10.231	10.436	618813	6447688.00
2023/07/17	10.498	10.626	10.428	10.592	1401453	14734196.00
2023/07/18	10.615	10.782	10.592	10.708	1115791	11931541.00
2023/07/19	10.700	10.799	10.625	10.670	1303086	13997942.00
2023/07/20	10.670	10.670	10.490	10.595	219314	2321862.00
2023/07/21	10.558	10.640	10.530	10.594	1566302	16583663.00
2023/07/24	10.580	10.628	10.553	10.597	1358914	14399779.00
2023/07/25	10.568	10.650	10.552	10.591	892864	9463171.00
2023/07/26	10.561	10.600	10.496	10.528	199414	2103600.00
2023/07/27	10.500	10.528	10.469	10.477	302795	3172476.00
2023/07/28	10.446	10.500	10.446	10.481	207336	2173163.00
2023/07/31	10.472	10.533	10.472	10.500	498776	5237143.00
2023/08/01	10.500	10.550	10.490	10.538	815232	8588049.00
2023/08/02	10.538	10.599	10.498	10.581	458666	4851030.00
2023/08/03	10.584	10.692	10.584	10.655	380148	4049933.00
2023/08/04	10.629	10.644	10.604	10.613	241193	2565390.00
2023/08/07	10.613	10.620	10.522	10.600	635839	6725211.00
2023/08/08	10.599	10.630	10.596	10.621	375470	3982576.00
2023/08/09	10.653	10.728	10.628	10.726	293058	3137058.00
2023/08/10	10.705	10.797	10.684	10.793	577769	6203150.00
2023/08/11	10.793	10.800	10.763	10.773	340497	3673976.00
2023/08/14	10.764	10.793	10.701	10.793	513340	5501023.00
2023/08/15	10.764	10.860	10.739	10.854	833946	9044765.00
2023/08/16	10.816	10.875	10.816	10.849	172492	1870760.00
2023/08/17	10.849	10.870	10.816	10.839	194266	2105099.00
2023/08/18	10.855	10.855	10.790	10.850	204515	2218124.00
2023/08/21	10.855	10.890	10.816	10.829	204259	2217009.00
2023/08/22	10.829	10.850	10.660	10.817	466613	5006435.00
2023/08/23	10.815	10.815	10.708	10.793	719333	7719329.00
2023/08/24	10.788	10.817	10.764	10.805	339529	3666196.00
2023/08/25	10.790	10.818	10.765	10.779	322294	3476139.00
2023/08/28	10.818	10.910	10.779	10.888	960715	10455714.00
2023/08/29	10.878	10.910	10.878	10.907	151846	1655600.00
2023/08/30	10.875	10.955	10.875	10.930	353523	3859564.00
2023/08/31	10.916	10.916	10.894	10.914	894494	9761228.00
2023/09/01	10.914	10.915	10.819	10.870	191154	2082024.00
2023/09/04	10.870	10.890	10.818	10.837	538000	5846800.00
2023/09/05	10.836	10.880	10.820	10.870	739259	8014806.00
2023/09/06	10.870	10.894	10.842	10.873	66171	719600.00
2023/09/07	10.886	10.894	10.879	10.894	102848	1119705.00
2023/09/08	10.877	10.910	10.877	10.903	98860	1078016.00
2023/09/11	10.919	10.972	10.911	10.940	297444	3253196.00
2023/09/12	10.945	10.972	10.869	10.947	539692	5904536.00
2023/09/13	10.920	10.950	10.907	10.950	417568	4569347.00
2023/09/14	10.949	10.971	10.903	10.941	467691	5120688.00
2023/09/15	10.940	10.941	10.894	10.907	421145	4599123.00
2023/09/18	10.899	10.899	10.860	10.881	289735	3153147.00
2023/09/19	10.870	10.870	10.764	10.845	207349	2247207.00
2023/09/20	10.845	10.850	10.794	10.850	432344	4675805.00
2023/09/21	10.840	10.969	10.761	10.868	413084	4479523.00
2023/09/22	10.860	10.883	10.819	10.866	384696	4169960.00
2023/09/25	10.877	10.877	10.836	10.847	380648	4126950.00
2023/09/26	10.842	10.890	10.842	10.890	624840	6779048.00
2023/09/27	10.890	10.890	10.846	10.885	226434	2462071.00
2023/09/28	10.885	10.998	10.885	10.969	302810	3311073.00
2023/10/09	10.960	10.960	10.920	10.959	930734	10185127.00
2023/10/10	10.920	10.976	10.919	10.968	642893	7044146.00
2023/10/11	10.969	10.976	10.924	10.959	693963	7609145.00
2023/10/12	10.969	10.970	10.918	10.934	460588	5038229.00
2023/10/13	10.929	10.950	10.850	10.858	383051	4167071.00
2023/10/16	10.842	10.858	10.665	10.857	298730	3219041.00
2023/10/17	10.765	10.765	10.660	10.671	722695	7728856.00
2023/10/18	10.660	10.670	10.609	10.627	1190805	12687640.00
2023/10/19	10.623	10.623	10.563	10.622	256091	2713891.00
2023/10/20	10.583	10.608	10.465	10.590	279467	2952682.00
2023/10/23	10.558	10.558	10.410	10.441	681709	7124923.00
2023/10/24	10.441	10.604	10.400	10.600	1259035	13197920.00
2023/10/25	10.593	10.797	10.593	10.629	819362	8759133.00
2023/10/26	10.629	10.777	10.410	10.598	1068012	11342702.00
2023/10/27	10.598	10.749	10.531	10.683	1682530	17884340.00
2023/10/30	10.709	10.709	10.601	10.660	664133	7081864.00
2023/10/31	10.666	10.701	10.630	10.695	581647	6209051.00
2023/11/01	10.690	10.690	10.600	10.678	578626	6174104.00
2023/11/02	10.652	10.652	10.600	10.621	823499	8738796.00
2023/11/03	10.632	10.688	10.600	10.613	742532	7904764.00
2023/11/06	10.613	10.629	10.552	10.626	1218102	12871337.00
2023/11/07	10.618	10.630	10.451	10.597	858209	9083978.00
2023/11/08	10.690	10.806	10.625	10.796	1619276	17385450.00
2023/11/09	10.801	10.988	10.801	10.960	734970	8045253.00
2023/11/10	11.000	11.002	10.938	10.943	961133	10522712.00
2023/11/13	9.850	9.850	9.509	9.798	712511	6993759.00
2023/11/14	9.796	9.797	9.700	9.707	819950	7960355.00
2023/11/15	9.686	9.710	9.667	9.674	332041	3212138.00
2023/11/16	9.674	9.674	9.225	9.614	752117	7267180.00
2023/11/17	9.614	9.630	9.581	9.599	379594	3644738.00
2023/11/20	9.583	9.626	9.583	9.587	1140408	10938179.00
2023/11/21	9.600	9.606	9.583	9.597	773212	7423549.00
2023/11/22	9.625	9.625	9.554	9.559	637626	6106480.00
2023/11/23	9.559	9.565	9.509	9.512	689777	6581471.00
2023/11/24	9.508	9.508	9.450	9.481	511477	4846111.00
2023/11/27	9.472	9.520	9.300	9.312	616608	5778256.00
2023/11/28	9.275	9.518	9.266	9.348	609559	5707244.00
2023/11/29	9.348	9.352	9.317	9.337	1380736	12887766.00
2023/11/30	9.337	9.560	9.337	9.555	2014682	19048816.00
2023/12/01	9.555	9.650	9.536	9.593	1345950	12884676.00
2023/12/04	9.612	9.700	9.583	9.664	635393	6111577.00
2023/12/05	9.625	9.700	9.475	9.585	1388409	13369227.00
2023/12/06	9.545	9.651	9.540	9.607	805624	7734953.00
2023/12/07	9.583	9.657	9.520	9.655	736945	7035950.00
2023/12/08	9.614	9.658	9.482	9.591	1315242	12566902.00
2023/12/11	9.588	9.588	9.505	9.534	1443210	13771143.00
2023/12/12	9.550	9.600	9.400	9.446	716161	6791711.00
2023/12/13	9.406	9.500	9.370	9.452	691022	6512634.00
2023/12/14	9.412	9.810	9.320	9.461	1061638	10032851.00
2023/12/15	9.421	9.510	9.305	9.399	861779	8115505.00
2023/12/18	9.399	9.430	9.331	9.342	801868	7491690.00
2023/12/19	9.500	9.500	9.293	9.345	985245	9225469.00
2023/12/20	9.370	9.465	9.281	9.461	978733	9151398.00
2023/12/21	9.481	9.698	9.461	9.649	1463661	14015903.00
2023/12/22	9.655	9.808	9.631	9.750	1429087	13837793.00
2023/12/25	9.749	9.791	9.547	9.693	2125531	20427308.00
2023/12/26	9.653	9.663	9.420	9.598	1745956	16693330.00
2023/12/27	9.558	9.638	9.447	9.464	1666843	15844235.00
2023/12/28	9.424	9.600	9.424	9.568	1008347	9592763.00
2023/12/29	9.570	9.770	9.546	9.701	879687	8438685.00
2024/01/02	9.657	9.676	9.529	9.529	1340247	12871218.00
2024/01/03	9.529	9.560	9.408	9.421	997209	9427619.00
2024/01/04	9.408	9.410	9.312	9.330	1265659	11837891.00
2024/01/05	9.330	9.388	9.270	9.274	1208420	11279899.00
2024/01/08	9.272	9.288	9.233	9.279	1260605	11665569.00
2024/01/09	9.280	9.371	9.245	9.254	1271190	11835088.00
2024/01/10	9.258	9.285	9.215	9.254	1232800	11404030.00
2024/01/11	9.254	9.359	9.240	9.358	1669177	15580148.00
2024/01/12	9.380	9.380	9.320	9.364	964413	9025075.00
2024/01/15	9.391	9.474	9.365	9.453	1672138	15687969.00
2024/01/16	9.453	9.519	9.453	9.504	1460870	13873509.00
2024/01/17	9.527	9.598	9.483	9.524	1281163	12223261.00
2024/01/18	9.525	9.548	9.476	9.502	832148	7909978.00
2024/01/19	9.506	9.506	9.420	9.421	772126	7283972.00
2024/01/22	9.397	9.485	9.350	9.369	904690	8485464.00
2024/01/23	9.363	9.363	9.250	9.289	1366397	12690523.00
2024/01/24	9.249	9.389	9.249	9.292	918943	8563656.00
2024/01/25	9.260	9.355	9.260	9.321	1776058	16564331.00
2024/01/26	9.320	9.659	9.280	9.313	876383	8171973.00
2024/01/29	9.310	9.332	9.285	9.291	1466108	13640661.00
2024/01/30	9.291	9.297	9.272	9.280	1271924	11808410.00
2024/01/31	9.280	9.295	9.250	9.275	1550698	14383852.00
2024/02/01	9.269	9.270	9.236	9.236	1047354	9687258.00
2024/02/02	9.252	9.252	9.207	9.225	1743158	16068636.00
2024/02/05	9.247	9.247	9.202	9.206	1663369	15322260.00
2024/02/06	9.205	9.239	9.205	9.218	952052	8776198.00
2024/02/07	9.220	9.224	9.206	9.221	1382524	12741510.00
2024/02/08	9.328	9.331	9.221	9.330	683937	6367341.00
2024/02/19	9.330	9.522	9.330	9.521	1691160	15935235.00
2024/02/20	9.540	9.689	9.399	9.486	1239493	11871063.00
2024/02/21	9.452	9.580	9.446	9.540	1522093	14460671.00
2024/02/22	9.540	9.650	9.456	9.650	1770329	17004682.00
2024/02/23	9.644	9.800	9.644	9.790	1731945	16863712.00
2024/02/26	9.790	10.350	9.761	10.127	1785389	17959176.00
2024/02/27	10.129	10.253	9.804	9.884	2197955	21989088.00
2024/02/28	9.883	9.960	9.802	9.848	2254977	22305020.00
2024/02/29	9.812	10.079	9.779	9.933	2166422	21551164.00
2024/03/01	9.933	10.100	9.933	10.056	2008719	20192208.00
2024/03/04	10.057	10.300	10.016	10.296	1989788	20323372.00
2024/03/05	10.256	10.488	10.256	10.429	2774632	28991260.00
2024/03/06	10.356	10.480	10.096	10.200	2034080	20994404.00
2024/03/07	10.198	10.342	10.163	10.229	2530996	25814192.00
2024/03/08	10.213	10.400	10.213	10.399	1324065	13683261.00
2024/03/11	10.400	10.442	10.395	10.425	1541744	16070772.00
2024/03/12	10.426	10.426	10.373	10.400	1866396	19387632.00
2024/03/13	10.400	10.401	10.170	10.259	1950665	20166432.00
2024/03/14	10.219	10.280	10.176	10.220	706216	7214958.00
2024/03/15	10.221	10.350	10.000	10.196	1156936	11802768.00
2024/03/18	10.211	10.211	10.147	10.185	1016270	10352163.00
2024/03/19	10.185	10.186	10.062	10.176	560355	5690813.00
2024/03/20	10.164	10.190	10.090	10.100	764420	7745578.00
2024/03/21	10.086	10.110	10.045	10.080	1093311	11029220.00
2024/03/22	10.062	10.080	9.945	9.996	1447862	14476892.00
2024/03/25	9.996	10.023	9.954	9.970	1089115	10892330.00
2024/03/26	9.970	9.980	9.923	9.946	1291743	12865097.00
2024/03/27	9.946	10.010	9.946	9.994	1535620	15342121.00
2024/03/28	9.994	10.050	9.926	9.980	978723	9771140.00
2024/03/29	9.980	9.980	9.720	9.841	4384713	43187768.00
2024/04/01	9.840	9.840	9.612	9.764	5162275	50201620.00
2024/04/02	9.768	9.780	9.682	9.710	3932471	38154160.00
2024/04/03	9.711	9.970	9.697	9.877	4076674	40124176.00
2024/04/08	9.878	10.014	9.852	10.004	2747043	27346712.00
2024/04/09	10.012	10.100	9.960	10.071	2546419	25571160.00
2024/04/10	10.069	10.110	10.031	10.095	2056964	20725592.00
2024/04/11	10.095	10.140	10.086	10.114	2801064	28327036.00
2024/04/12	10.115	10.115	10.000	10.112	2792842	28082096.00
2024/04/15	10.072	10.072	9.914	9.980	4199768	41929592.00
2024/04/16	9.940	10.018	9.829	9.989	3464647	34469836.00
2024/04/17	9.969	10.100	9.860	10.073	1408725	14142627.00
2024/04/18	10.074	10.180	10.036	10.167	2166555	21966962.00
2024/04/19	10.200	10.250	10.127	10.195	1778060	18108132.00
2024/04/22	10.250	10.352	10.234	10.266	3655270	37654068.00
2024/04/23	10.261	10.339	10.060	10.300	3797849	39121608.00
2024/04/24	10.298	10.399	10.279	10.364	3371234	34828296.00
2024/04/25	9.840	10.060	9.812	9.938	1705728	16954368.00
2024/04/26	9.898	10.131	9.898	10.112	2567688	25921148.00
2024/04/29	10.130	10.160	9.980	10.097	2902695	29218102.00
2024/04/30	10.090	10.180	10.051	10.164	1465293	14839019.00
2024/05/06	10.161	10.220	10.144	10.210	1193808	12164145.00
2024/05/07	10.210	10.243	10.167	10.170	1608521	16422482.00
2024/05/08	10.140	10.200	10.100	10.193	1381959	14045357.00
2024/05/09	10.190	10.200	10.170	10.192	1840475	18764370.00
2024/05/10	10.180	10.190	10.141	10.144	941367	9563869.00
2024/05/13	10.144	10.159	10.090	10.145	1503363	15245404.00
2024/05/14	10.145	10.150	10.103	10.108	646970	6560663.00
2024/05/15	10.100	10.100	10.050	10.056	1433986	14439474.00
2024/05/16	10.056	10.240	10.056	10.135	1743721	17614370.00
2024/05/17	10.136	10.200	10.136	10.181	1525423	15502950.00
2024/05/20	10.182	10.182	10.060	10.060	2971346	29995652.00
2024/05/21	10.059	10.060	10.000	10.003	2343303	23468530.00
2024/05/22	10.003	10.080	9.993	9.997	2441138	24409166.00
2024/05/23	9.996	9.996	9.901	9.903	1975143	19610752.00
2024/05/24	9.903	9.955	9.903	9.919	3190309	31687910.00
2024/05/27	9.919	9.978	9.841	9.912	1986387	19732956.00
2024/05/28	9.900	9.969	9.900	9.925	3632036	36038180.00
2024/05/29	9.923	9.950	9.920	9.930	2171345	21568996.00
2024/05/30	9.919	9.938	9.919	9.920	1207649	11990360.00
2024/05/31	9.920	9.922	9.880	9.904	1663828	16486766.00
2024/06/03	9.949	9.949	9.900	9.900	1541880	15282666.00
2024/06/04	9.900	9.900	9.849	9.856	2067013	20389966.00
2024/06/05	9.849	9.897	9.849	9.885	1877798	18566784.00
2024/06/06	9.885	9.908	9.881	9.904	5538973	54856424.00
2024/06/07	9.929	10.143	9.908	10.046	1418572	14091859.00
2024/06/11	10.040	10.090	10.040	10.079	1177769	11848027.00
2024/06/12	10.079	10.096	10.005	10.048	965465	9715224.00
2024/06/13	10.008	10.175	10.000	10.146	1624196	16351948.00
2024/06/14	10.106	10.166	10.075	10.161	1321617	13387747.00
2024/06/17	10.121	10.150	10.058	10.106	1571600	15827936.00
2024/06/18	10.067	10.093	10.060	10.062	1334817	13439563.00
2024/06/19	10.062	10.110	10.023	10.109	1155720	11627931.00
2024/06/20	9.996	10.090	9.996	10.090	983118	9890493.00
2024/06/21	10.150	10.170	10.070	10.098	1609337	16224057.00
2024/06/24	10.098	10.199	10.082	10.162	1291130	13088936.00
2024/06/25	10.162	10.185	10.140	10.163	1291811	13122941.00
2024/06/26	10.163	10.193	10.103	10.175	1324884	13402725.00
2024/06/27	10.082	10.300	10.082	10.300	1078289	11019240.00
2024/06/28	10.300	10.330	10.174	10.305	1415876	14554589.00
2024/07/01	10.305	10.335	10.280	10.330	1130891	11645081.00
2024/07/02	10.300	10.530	10.300	10.516	2089417	21716696.00
2024/07/03	10.513	10.515	10.353	10.505	1873190	19663852.00
2024/07/04	10.465	10.505	10.398	10.400	1721435	17930392.00
2024/07/05	10.352	10.352	10.262	10.314	1288482	13271498.00
2024/07/08	10.311	10.361	10.311	10.341	935548	9690622.00
2024/07/09	10.350	10.420	10.350	10.370	971345	10074883.00
2024/07/10	10.442	10.469	10.352	10.398	1693508	17693054.00
2024/07/11	10.400	10.562	10.360	10.403	1353115	14086406.00
2024/07/12	10.352	10.497	10.301	10.429	829521	8633895.00
2024/07/15	10.411	10.539	10.411	10.493	807295	8469169.00
2024/07/16	10.530	10.560	10.480	10.557	1433288	15072532.00
2024/07/17	10.453	10.614	10.453	10.568	1506456	15902124.00
2024/07/18	10.568	10.598	10.400	10.474	868857	9115029.00
2024/07/19	10.474	10.480	10.420	10.480	1906782	19956902.00
2024/07/22	10.475	10.529	10.443	10.469	1217731	12753237.00
2024/07/23	10.450	10.474	10.401	10.426	1116955	11644480.00
2024/07/24	10.352	10.424	10.352	10.401	989097	10289131.00
2024/07/25	10.381	10.381	10.333	10.353	1251026	12958033.00
2024/07/26	10.354	10.496	10.353	10.440	1296350	13534054.00
2024/07/29	10.439	10.464	10.354	10.386	714236	7450946.00
2024/07/30	10.378	10.460	10.362	10.403	1640248	17017404.00
2024/07/31	10.374	10.468	10.374	10.430	770317	8040502.00
2024/08/01	10.391	10.435	10.374	10.401	825628	8589915.00
2024/08/02	10.401	10.450	10.401	10.437	942957	9819113.00
2024/08/05	10.468	10.468	10.354	10.446	1430792	14948655.00
2024/08/06	10.359	10.522	10.359	10.471	997831	10472540.00
2024/08/07	10.490	10.599	10.476	10.548	1700683	17931094.00
2024/08/08	10.584	10.599	10.549	10.598	1570061	16580309.00
2024/08/09	10.590	10.694	10.500	10.583	1555122	16475620.00
2024/08/12	10.585	10.585	10.482	10.550	1492203	15696090.00
2024/08/13	10.569	10.569	10.477	10.535	1581065	16655354.00
2024/08/14	10.545	10.545	10.510	10.544	1395202	14700826.00
2024/08/15	10.510	10.549	10.510	10.535	1121848	11824434.00
2024/08/16	10.501	10.555	10.481	10.525	896902	9445746.00
2024/08/19	10.525	10.559	10.520	10.547	522817	5502090.00
2024/08/20	10.547	10.560	10.547	10.551	1402126	14797673.00
2024/08/21	10.552	10.570	10.549	10.560	977504	10323440.00
2024/08/22	10.559	10.569	10.476	10.535	1135376	11979042.00
2024/08/23	10.544	10.556	10.525	10.528	1275614	13456318.00
2024/08/26	10.528	10.630	10.528	10.629	1099950	11668439.00
2024/08/27	10.630	10.649	10.606	10.649	787863	8374340.00
2024/08/28	10.695	10.762	10.556	10.599	814704	8625877.00
2024/08/29	10.622	10.726	10.622	10.645	1250502	13308455.00
2024/08/30	10.648	10.660	10.625	10.654	1026398	10935650.00
2024/09/02	10.656	10.699	10.651	10.652	1196169	12749700.00
2024/09/03	10.652	10.722	10.500	10.597	940645	9937795.00
2024/09/04	10.593	10.595	10.555	10.583	847528	8965550.00
2024/09/05	10.583	10.609	10.494	10.572	1316307	13893721.00
2024/09/06	10.576	10.576	10.510	10.531	720400	7580775.00
2024/09/09	10.538	10.617	10.443	10.491	959594	10057614.00
2024/09/10	10.539	10.539	10.375	10.511	1390545	14529315.00
2024/09/11	10.500	10.500	10.397	10.473	1104058	11500607.00
2024/09/12	10.401	10.482	10.401	10.477	1533736	15993940.00
2024/09/13	10.448	10.517	10.408	10.509	1116505	11643251.00
2024/09/18	10.543	10.617	10.400	10.449	1006029	10527791.00
2024/09/19	10.448	10.495	10.401	10.441	2182784	22733544.00
2024/09/20	10.420	10.465	10.420	10.447	787895	8231710.00
2024/09/23	10.401	10.447	10.329	10.402	1698881	17596740.00
2024/09/24	10.402	10.470	10.350	10.463	1153236	11997824.00
2024/09/25	10.390	10.480	10.372	10.465	1331479	13907166.00
2024/09/26	10.425	10.482	10.412	10.464	1228748	12844805.00
2024/09/27	10.421	10.463	10.342	10.426	153148	1594679.00
2024/09/30	10.417	10.417	10.016	10.378	1282200	13090801.00
2024/10/08	10.300	10.406	10.100	10.391	878070	9048980.00
2024/10/09	10.386	10.386	10.201	10.369	991183	10282545.00
2024/10/10	10.329	10.405	10.300	10.370	1234950	12829494.00
2024/10/11	10.370	10.490	10.370	10.490	959451	10030299.00
2024/10/14	10.494	10.508	10.493	10.497	1073068	11269172.00
2024/10/15	10.493	10.539	10.493	10.539	1361756	14347852.00
2024/10/16	10.540	10.546	10.499	10.502	1133396	11930238.00
2024/10/17	10.500	10.500	10.479	10.489	955821	10020430.00
2024/10/18	10.483	10.515	10.473	10.495	886686	9301141.00
2024/10/21	10.600	10.610	10.497	10.498	1419404	14907627.00
2024/10/22	10.473	10.560	10.473	10.493	915168	9604943.00
2024/10/23	10.453	10.578	10.453	10.566	901730	9463770.00
2024/10/24	10.570	10.600	10.500	10.570	1252212	13193489.00
2024/10/25	10.599	10.599	10.494	10.500	973374	10230333.00
2024/10/28	10.500	10.566	10.478	10.500	483293	5072604.00
2024/10/29	10.470	10.530	10.470	10.500	803522	8437070.00
2024/10/30	10.501	10.591	10.500	10.584	1873019	19764492.00
2024/10/31	10.580	10.588	10.565	10.578	2105091	22253782.00
2024/11/01	10.594	10.734	10.542	10.550	2640456	28025724.00
2024/11/04	10.170	10.170	9.928	9.942	455649	4546966.00
2024/11/05	9.943	10.050	9.941	9.943	849749	8470877.00
2024/11/06	9.959	9.999	9.541	9.964	1056631	10509831.00
2024/11/07	9.965	9.979	9.958	9.960	1685335	16798412.00
2024/11/08	9.953	9.969	9.935	9.965	1372559	13675447.00
2024/11/11	9.968	9.996	9.951	9.996	824522	8220284.00
2024/11/12	10.007	10.058	9.997	10.039	1259392	12640433.00
2024/11/13	10.051	10.056	9.981	10.012	863697	8653748.00
2024/11/14	10.060	10.061	9.970	9.973	1933830	19293128.00
2024/11/15	9.997	10.000	9.980	9.983	1393408	13910538.00
2024/11/18	9.983	10.009	9.961	9.965	980415	9790427.00
2024/11/19	9.965	9.995	9.960	9.972	511279	5099630.00
2024/11/20	9.951	9.995	9.951	9.995	443265	4424693.00
2024/11/21	9.980	10.013	9.980	10.009	843545	8438977.00
2024/11/22	10.010	10.072	10.009	10.064	926058	9286068.00
2024/11/25	10.070	10.098	10.024	10.056	1211314	12154339.00
2024/11/26	10.056	10.059	10.041	10.051	857407	8620016.00
2024/11/27	10.039	10.052	10.022	10.035	146648	1470806.00
2024/11/28	10.012	10.035	10.012	10.026	796929	7986219.00
2024/11/29	10.026	10.050	10.026	10.048	923811	9275528.00
2024/12/02	10.016	10.140	10.016	10.140	859411	8653906.00
2024/12/03	10.139	10.185	10.110	10.183	799075	8096701.00
2024/12/04	10.179	10.183	10.143	10.179	320174	3252502.00
2024/12/05	10.173	10.173	10.150	10.164	1107338	11251598.00
2024/12/06	10.126	10.180	10.126	10.174	628271	6383891.00
2024/12/09	10.170	10.170	10.102	10.107	796807	8069008.00
2024/12/10	10.098	10.128	10.050	10.104	3329357	33647656.00
2024/12/11	10.097	10.240	10.097	10.210	492152	5011926.00
2024/12/12	10.210	10.259	10.203	10.258	890674	9117773.00
2024/12/13	10.300	10.300	10.200	10.297	432135	4442045.00
2024/12/16	10.297	10.448	10.257	10.321	619272	6421552.00
2024/12/17	10.364	10.466	10.320	10.375	996731	10403102.00
2024/12/18	10.467	10.490	10.297	10.351	550530	5728799.00
2024/12/19	10.351	10.388	10.326	10.350	360341	3726248.00
2024/12/20	10.355	10.489	10.355	10.484	532273	5571481.00
2024/12/23	10.484	10.567	10.444	10.503	793515	8369856.00
2024/12/24	10.503	10.600	10.452	10.503	963008	10174478.00
2024/12/25	10.608	10.608	10.412	10.453	935236	9827743.00
2024/12/26	10.456	10.550	10.414	10.530	726870	7617925.00
2024/12/27	10.530	10.635	10.508	10.586	587130	6204863.00
2024/12/30	10.586	10.635	10.400	10.492	857747	9079056.00
2024/12/31	10.500	10.678	10.450	10.556	1269008	13361244.00
2025/01/02	10.556	10.677	10.556	10.670	986024	10493067.00
2025/01/03	10.670	10.910	10.670	10.839	594076	6434863.00
2025/01/06	10.839	11.020	10.839	10.968	949378	10411705.00
2025/01/07	10.969	10.994	10.391	10.988	439262	4785670.00
2025/01/08	10.984	11.098	10.948	10.989	1015072	11180220.00
2025/01/09	10.990	11.191	10.961	11.023	1376654	15238214.00
2025/01/10	11.023	11.188	10.971	10.993	581435	6401666.00
2025/01/13	11.000	11.100	10.963	10.963	618426	6793811.00
2025/01/14	10.971	10.974	10.900	10.937	1447938	15863154.00
2025/01/15	10.937	10.937	10.897	10.937	842823	9209089.00
2025/01/16	10.939	10.993	10.917	10.937	1220034	13335141.00
2025/01/17	10.999	11.000	10.902	10.918	888057	9686226.00
2025/01/20	10.885	10.900	10.840	10.862	679175	7384304.00
2025/01/21	10.823	10.823	10.602	10.711	3556606	38022944.00
2025/01/22	10.671	10.822	10.609	10.802	763490	8179718.00
2025/01/23	10.815	10.830	10.768	10.830	1263080	13658662.00
2025/01/24	10.830	10.960	10.828	10.960	1274020	13821815.00
2025/01/27	10.920	11.010	10.920	10.990	416939	4575794.00
2025/02/05	10.977	10.990	10.900	10.902	555281	6081556.00
2025/02/06	10.880	10.977	10.800	10.809	548606	5950377.00
2025/02/07	10.801	10.910	10.801	10.848	868570	9405150.00
2025/02/10	10.844	11.100	10.821	11.070	892004	9824988.00
2025/02/11	11.360	11.360	11.080	11.305	1091552	12305104.00
2025/02/12	11.380	11.380	11.307	11.346	1131925	12813314.00
2025/02/13	11.306	11.380	11.306	11.358	768136	8724373.00
2025/02/14	11.358	11.585	11.330	11.573	1115552	12755967.00
2025/02/17	11.575	11.999	11.575	11.994	990540	11784037.00
2025/02/18	11.991	12.170	11.852	11.920	2952213	35286160.00
2025/02/19	11.899	11.999	11.806	11.958	2452970	29355810.00
2025/02/20	11.925	11.998	11.925	11.958	1737624	20759626.00
2025/02/21	11.957	12.070	11.888	12.063	1018243	12129573.00
2025/02/24	12.063	12.085	11.988	12.031	1562496	18799248.00
2025/02/25	12.040	12.200	11.952	11.954	777366	9316278.00
2025/02/26	11.914	12.206	11.759	11.822	1361164	16258526.00
2025/02/27	11.812	11.812	11.666	11.670	1403772	16436001.00
2025/02/28	11.650	11.749	11.418	11.431	1060620	12145239.00
2025/03/03	11.423	11.795	11.423	11.705	1005302	11624176.00
2025/03/04	11.800	11.800	11.715	11.747	1010347	11852739.00
2025/03/05	11.747	11.750	11.715	11.735	1262037	14808946.00
2025/03/06	11.735	11.798	11.726	11.784	1440812	16968184.00
2025/03/07	11.784	11.958	11.761	11.781	313396	3692231.00
2025/03/10	11.781	11.943	11.781	11.890	1301356	15505519.00
2025/03/11	11.861	11.960	11.861	11.892	1051873	12516684.00
2025/03/12	11.899	11.954	11.852	11.891	1282706	15256568.00
2025/03/13	11.891	11.900	11.872	11.894	1164972	13845085.00
2025/03/14	11.855	11.920	11.854	11.912	1233438	14674786.00
2025/03/17	11.920	12.000	11.873	11.983	1104826	13166350.00
2025/03/18	12.000	12.000	11.947	11.987	1044595	12523534.00
2025/03/19	11.987	11.992	11.972	11.978	1123442	13465364.00
2025/03/20	11.984	12.000	11.973	11.981	1148454	13759557.00
2025/03/21	12.000	12.038	11.999	12.035	1173273	14119669.00
2025/03/24	12.001	12.200	12.001	12.121	322125	3900621.00
2025/03/25	12.120	12.142	12.035	12.121	657644	7975357.00
2025/03/26	12.081	12.121	12.080	12.099	1336566	16168240.00
2025/03/27	12.099	12.236	12.099	12.210	706561	8609393.00
2025/03/28	12.210	12.322	12.140	12.310	613543	7537871.00
2025/03/31	12.314	12.335	12.314	12.317	683527	8427358.00
2025/04/01	12.310	12.310	12.045	12.149	640383	7792050.00
2025/04/02	12.120	12.208	11.910	12.169	470656	5714263.00
2025/04/03	12.129	12.275	12.129	12.210	1211000	14772068.00
2025/04/07	12.207	12.328	11.906	12.250	849774	10360474.00
2025/04/08	12.297	12.394	12.250	12.301	725997	8920066.00
2025/04/09	12.261	12.309	12.240	12.259	481203	5911056.00
2025/04/10	12.257	12.264	12.130	12.230	463580	5673894.00
2025/04/11	12.214	12.253	12.190	12.244	792014	9694976.00
2025/04/14	12.245	12.354	12.245	12.316	301217	3701411.00
2025/04/15	12.316	12.490	12.300	12.421	967089	11925309.00
2025/04/16	12.502	12.597	12.420	12.500	1273436	15945064.00
2025/04/17	12.649	12.649	12.501	12.567	1005505	12614269.00
2025/04/18	12.579	12.750	12.527	12.533	817109	10325620.00
2025/04/21	12.570	12.590	12.166	12.174	743894	9116751.00
2025/04/22	12.120	12.130	11.868	11.900	1972100	23502688.00
2025/04/23	11.909	12.042	11.909	11.924	1057303	12635052.00
2025/04/24	11.924	11.972	11.801	11.822	567614	6754256.00
2025/04/25	11.802	11.820	11.653	11.682	1789268	21001716.00
2025/04/28	11.654	11.654	11.443	11.507	2373902	27372994.00
2025/04/29	11.459	11.478	11.278	11.337	1784796	20256208.00
2025/04/30	11.337	11.496	11.300	11.441	2158352	24678896.00
2025/05/06	11.448	11.585	11.448	11.570	544756	6292756.00
2025/05/07	11.649	11.649	11.530	11.562	531003	6142206.00
2025/05/08	11.556	11.608	11.518	11.580	1037509	11991455.00
2025/05/09	11.626	11.626	11.518	11.551	399823	4634071.00
2025/05/12	11.521	11.580	11.515	11.570	739313	8536996.00
2025/05/13	11.570	11.653	11.497	11.499	757072	8731158.00
2025/05/14	11.499	11.543	11.470	11.493	1195245	13747839.00
2025/05/15	11.499	11.499	11.425	11.429	318402	3647572.00
2025/05/16	11.400	11.473	11.383	11.446	1348638	15403655.00
2025/05/19	11.445	11.510	11.384	11.489	293404	3358908.00
2025/05/20	11.493	11.523	11.444	11.469	1347600	15453405.00
2025/05/21	11.469	11.494	11.458	11.480	654277	7507522.00
2025/05/22	11.463	11.530	11.463	11.485	1241675	14270619.00
2025/05/23	11.499	11.530	11.499	11.509	1029000	11844930.00
2025/05/26	11.487	11.878	11.487	11.877	948315	11076044.00
2025/05/27	11.878	11.878	11.663	11.720	615503	7213154.00
2025/05/28	11.720	11.805	11.673	11.781	952269	11180704.00
2025/05/29	11.741	11.779	11.741	11.766	424862	5000614.00
2025/05/30	11.780	11.788	11.740	11.761	313134	3680433.00
2025/06/03	11.808	11.808	11.740	11.765	147202	1730384.00
2025/06/04	11.726	11.850	11.726	11.834	152057	1792836.00
2025/06/05	11.800	12.120	11.800	12.105	386746	4611939.00
2025/06/06	12.065	12.068	11.917	11.960	352512	4228280.00
2025/06/09	11.959	12.054	11.912	12.043	506606	6063390.00
2025/06/10	12.043	12.050	12.012	12.031	351401	4227034.00
2025/06/11	12.012	12.080	12.012	12.030	93702	1128637.00
2025/06/12	11.991	12.077	11.977	11.997	176505	2120492.00
2025/06/13	11.976	12.045	11.976	11.999	276716	3320193.00
2025/06/16	11.999	12.099	11.963	12.094	451989	5436830.00
2025/06/17	12.154	12.175	12.025	12.123	204427	2477813.00
2025/06/18	12.139	12.171	12.139	12.152	394011	4789025.00
2025/06/19	12.200	12.200	12.090	12.127	812925	9856194.00
2025/06/20	12.127	12.136	12.088	12.124	301626	3650657.00
2025/06/23	12.118	12.140	12.087	12.137	595324	7215904.00
2025/06/24	12.185	12.260	12.132	12.254	567438	6920187.00
2025/06/25	12.256	12.480	12.256	12.430	304305	3778388.00
2025/06/26	12.480	12.480	12.330	12.430	777332	9659440.00
2025/06/27	12.382	12.382	12.112	12.239	469899	5743999.00
2025/06/30	12.250	12.250	11.912	12.104	560303	6782589.00
2025/07/01	12.144	12.144	12.025	12.130	260862	3149984.00
2025/07/02	12.108	12.374	12.090	12.369	296124	3637688.00
2025/07/03	12.329	12.456	12.329	12.455	333116	4139445.00
2025/07/04	12.416	12.470	12.416	12.463	414492	5163553.00
2025/07/07	12.424	12.649	12.422	12.646	662613	8344487.00
2025/07/08	12.655	12.655	12.330	12.553	438253	5508875.00
2025/07/09	12.600	12.602	12.500	12.564	359548	4514527.00
2025/07/10	12.524	12.619	12.524	12.560	622769	7827500.00
2025/07/11	12.560	12.575	12.510	12.543	993409	12463864.00
2025/07/14	12.449	12.543	12.427	12.434	447022	5562978.00
2025/07/15	12.394	12.480	12.200	12.400	572303	7084212.00
2025/07/16	12.398	12.544	12.360	12.396	723070	8971940.00
2025/07/17	12.358	12.549	12.358	12.390	441124	5475655.00
2025/07/18	12.390	12.549	12.261	12.293	682278	8445907.00
2025/07/21	12.280	12.280	11.064	11.910	1043824	12435864.00
2025/07/22	11.800	11.880	11.459	11.765	1019977	11955039.00
2025/07/23	11.735	11.821	11.650	11.776	1251842	14748130.00
2025/07/24	11.736	11.906	11.736	11.875	975538	11498688.00
2025/07/25	11.870	11.871	11.620	11.715	906859	10622004.00
2025/07/28	11.736	11.853	11.736	11.810	610393	7203099.00
2025/07/29	11.810	11.857	11.700	11.763	676140	7949139.00
2025/07/30	11.723	11.904	11.715	11.850	383151	4539728.00
2025/07/31	11.879	11.999	11.879	11.993	687866	8206416.00
2025/08/01	11.993	12.154	11.890	12.089	758496	9104057.00
2025/08/04	12.130	12.150	12.050	12.089	531140	6420095.00
2025/08/05	12.115	12.115	11.945	12.090	654143	7861243.00
2025/08/06	12.050	12.200	12.041	12.118	404621	4906634.00
2025/08/07	12.165	12.262	12.118	12.135	666251	8108758.00
2025/08/08	12.156	12.243	12.059	12.179	1339919	16337394.00
2025/08/11	12.179	12.228	12.083	12.179	1099907	13382263.00
2025/08/12	12.179	12.575	12.179	12.316	2822482	34613696.00
2025/08/13	12.318	12.499	12.318	12.373	784139	9712327.00
2025/08/14	12.422	12.504	12.358	12.407	1264898	15752793.00
2025/08/15	12.170	12.180	11.871	11.987	1150833	13875151.00
2025/08/18	11.947	11.947	11.350	11.406	2432404	27873532.00
2025/08/19	11.346	11.431	11.100	11.397	1505452	17038896.00
2025/08/20	11.357	11.530	11.357	11.512	1106909	12719201.00
2025/08/21	11.512	11.574	11.315	11.449	1102763	12622339.00
2025/08/22	11.443	11.587	11.380	11.450	1093365	12508715.00
2025/08/25	11.440	11.460	11.381	11.412	931270	10652211.00
2025/08/26	11.440	11.453	11.329	11.338	1219584	13941300.00
2025/08/27	11.339	11.402	11.320	11.329	825528	9378629.00
2025/08/28	11.326	11.349	11.151	11.305	1108841	12538162.00
2025/08/29	11.372	11.372	11.273	11.301	1910634	21605308.00
2025/09/01	11.261	11.366	11.232	11.300	1446351	16343941.00
2025/09/02	11.302	11.347	11.238	11.304	1207639	13651289.00
2025/09/03	11.305	11.306	11.206	11.305	1669100	18858526.00
2025/09/04	11.305	11.340	11.249	11.294	1384670	15650025.00
2025/09/05	11.350	11.350	11.221	11.265	1299502	14683924.00
2025/09/08	11.255	11.299	11.150	11.245	1183044	13329475.00
2025/09/09	11.245	11.264	11.188	11.260	1112167	12519482.00
2025/09/10	11.270	11.270	11.231	11.231	947225	10662165.00
2025/09/11	11.260	11.260	11.135	11.169	1027244	11503642.00
2025/09/12	11.135	11.215	11.135	11.175	1150696	12878002.00
2025/09/15	11.136	11.335	11.068	11.168	580426	6485875.00
2025/09/16	11.130	11.192	11.130	11.152	513396	5726791.00
2025/09/17	11.152	11.277	11.120	11.171	989223	11050227.00
2025/09/18	11.132	11.268	11.132	11.231	1107399	12419183.00
2025/09/19	11.231	11.305	11.230	11.303	889092	10036991.00
2025/09/22	11.378	11.438	11.378	11.401	557407	6358409.00
2025/09/23	11.361	11.500	11.306	11.444	493407	5652033.00
2025/09/24	11.404	11.459	11.404	11.439	818828	9370524.00
2025/09/25	11.399	11.447	11.371	11.375	436480	4978612.00
2025/09/26	11.400	11.410	11.306	11.376	426037	4848320.00
2025/09/29	11.376	11.420	11.196	11.350	120805	1365931.00
2025/09/30	11.350	11.416	11.309	11.331	366505	4151183.00
2025/10/09	11.308	11.398	11.241	11.302	741537	8378883.00
2025/10/10	11.263	11.393	11.263	11.295	405851	4582291.00
2025/10/13	11.295	11.362	11.135	11.231	534403	6020871.00
2025/10/14	11.250	11.270	11.148	11.154	769552	8607000.00
2025/10/15	11.139	11.219	11.126	11.148	551605	6141887.00
2025/10/16	11.148	11.148	10.974	11.110	502835	5578982.00
2025/10/17	11.100	11.100	10.981	11.043	665966	7332964.00
2025/10/20	11.043	11.099	10.898	10.933	543571	5966554.00
2025/10/21	10.910	10.920	10.740	10.784	1010130	10959293.00
2025/10/22	10.784	10.816	10.650	10.676	831815	8895872.00
2025/10/23	10.676	10.780	10.636	10.779	507723	5412583.00
2025/10/24	10.739	10.884	10.739	10.856	411622	4458995.00
2025/10/27	10.856	10.985	10.745	10.804	410054	4440288.00
2025/10/28	10.804	10.972	10.719	10.969	591156	6401868.00
2025/10/29	10.969	11.099	10.847	11.043	611658	6703813.00
2025/10/30	11.089	11.108	10.975	11.035	499474	5503350.00
2025/10/31	11.034	11.034	10.850	10.902	576019	6276094.00
2025/11/03	10.902	10.999	10.820	10.839	497800	5417745.00
2025/11/04	10.799	10.799	10.756	10.758	533233	5748302.00
2025/11/05	10.750	10.969	10.680	10.961	468612	5050136.00
2025/11/06	10.960	10.960	10.825	10.910	1331535	14526929.00
2025/11/07	10.880	10.907	10.815	10.829	309913	3368862.00
2025/11/10	10.829	10.829	10.758	10.825	687606	7433866.00
2025/11/11	10.787	10.827	10.715	10.728	799000	8618381.00
2025/11/12	10.782	10.782	10.689	10.780	1149425	12342443.00
2025/11/13	10.780	10.780	10.650	10.730	1103664	11826541.00
2025/11/14	10.719	11.054	10.690	10.883	1957904	21330448.00
2025/11/17	10.883	10.950	10.880	10.905	1196986	13048901.00
2025/11/18	10.905	10.987	10.840	10.861	671628	7300972.00
2025/11/19	10.858	10.873	10.770	10.770	331131	3582406.00
2025/11/20	10.828	10.828	10.750	10.755	725086	7817268.00
2025/11/21	10.750	10.785	10.716	10.755	523684	5627818.00
2025/11/24	10.716	10.756	10.716	10.735	601111	6457236.00
2025/11/25	10.720	10.919	10.702	10.841	1757365	18893456.00
2025/11/26	10.895	10.895	10.802	10.839	1004006	10883054.00
2025/11/27	10.893	10.893	10.805	10.871	234924	2547990.00
2025/11/28	10.831	10.886	10.831	10.851	456226	4958986.00
2025/12/01	10.850	10.878	10.800	10.859	755294	8195382.00
2025/12/02	10.855	10.887	10.680	10.816	392300	4255877.00
2025/12/03	10.783	10.865	10.701	10.759	744456	8025953.00
2025/12/04	10.719	10.793	10.700	10.710	689800	7390636.00
2025/12/08	10.710	10.776	10.665	10.671	350106	3749285.00
2025/12/09	10.660	10.732	10.651	10.651	149919	1599843.00
2025/12/10	10.640	10.708	10.620	10.625	611377	6504531.00
2025/12/11	10.624	10.629	10.611	10.629	823801	8750439.00
2025/12/12	10.612	10.682	10.612	10.649	653197	6943897.00
2025/12/15	10.638	10.679	10.581	10.592	117003	1241578.00
2025/12/16	10.591	10.764	10.501	10.706	164049	1733969.00
2025/12/17	10.706	10.736	10.356	10.579	594033	6275250.00
2025/12/18	10.539	10.540	10.392	10.479	703838	7349800.00
2025/12/19	10.450	10.450	10.205	10.317	1023100	10492057.00
2025/12/22	10.277	10.389	10.099	10.129	887539	9001870.00
2025/12/23	10.100	10.100	9.772	9.805	2407793	23644486.00
2025/12/24	9.838	9.980	9.702	9.889	2185113	21413176.00
2025/12/25	9.886	10.097	9.886	10.069	1094682	10996612.00
2025/12/26	10.066	10.245	9.911	10.130	220688	2234415.00
2025/12/29	10.248	10.248	10.137	10.157	368836	3754263.00
2025/12/30	10.120	10.200	10.024	10.128	344040	3485542.00
2025/12/31	10.125	10.195	10.099	10.100	655747	6638881.00
2026/01/05	10.105	10.240	9.977	10.120	673434	6821322.00
2026/01/06	10.080	10.221	10.005	10.180	598150	6080307.00
2026/01/07	10.168	10.199	10.031	10.188	847099	8619904.00
2026/01/08	10.148	10.260	10.069	10.221	1178224	12033368.00
2026/01/09	10.203	10.279	10.118	10.197	1264318	12885952.00
2026/01/12	10.200	10.226	10.052	10.160	893612	9050152.00
2026/01/13	10.139	10.199	10.030	10.164	800998	8100435.00
2026/01/14	10.163	10.680	10.050	10.160	580907	5883890.00
2026/01/15	10.145	10.258	10.063	10.160	1647449	16782024.00
2026/01/16	10.150	10.240	10.100	10.148	1833525	18621724.00
2026/01/19	10.148	10.188	10.000	10.123	2643314	26768516.00
2026/01/20	9.893	9.893	9.700	9.770	1772370	17359944.00
2026/01/21	9.770	9.875	9.763	9.787	1019132	9972900.00
2026/01/22	9.840	9.840	9.771	9.781	576717	5652197.00
2026/01/23	9.755	9.901	9.754	9.765	1061042	10384032.00
2026/01/26	9.760	9.880	9.622	9.711	932810	9039848.00
2026/01/27	9.700	9.799	9.622	9.784	807410	7860124.00
2026/01/28	9.785	9.820	9.744	9.795	832311	8148818.00
2026/01/29	9.803	9.950	9.752	9.949	2381138	23354138.00
2026/01/30	9.946	10.063	9.852	10.000	1618262	16108895.00
2026/02/02	10.007	10.007	9.886	9.944	955806	9486019.00
2026/02/03	9.942	9.942	9.861	9.890	1030375	10206003.00
2026/02/04	9.891	10.036	9.870	9.969	592713	5859130.00
2026/02/05	10.031	10.031	9.903	9.939	289107	2876186.00
2026/02/06	9.973	9.973	9.910	9.914	225770	2239369.00
2026/02/09	9.916	10.059	9.887	10.026	982536	9730063.00
2026/02/10	10.025	10.070	9.938	10.000	657279	6561201.00
2026/02/11	9.985	10.045	9.960	9.969	683756	6825466.00
2026/02/12	9.995	10.069	9.931	10.033	474015	4728019.00
2026/02/13	10.033	10.055	9.969	9.989	593612	5930338.00
2026/02/24	9.970	9.992	9.965	9.978	391014	3901976.00
2026/02/25	9.971	10.053	9.971	10.050	215622	2157728.00
2026/02/26	10.048	10.104	9.970	10.085	756226	7568060.00
2026/02/27	10.045	10.099	9.988	10.024	619330	6200116.00
2026/03/02	10.019	10.083	9.921	9.941	781473	7789181.00
2026/03/03	9.910	10.075	9.910	10.050	729813	7303245.00
2026/03/04	10.052	10.090	9.986	10.084	711307	7118319.00
2026/03/05	10.044	10.069	9.991	10.024	582508	5837379.00
2026/03/06	10.022	10.027	9.971	9.993	728651	7271798.00
2026/03/09	9.965	10.099	9.964	10.069	571120	5733367.00
2026/03/10	10.066	10.188	10.029	10.093	618638	6236275.00
2026/03/11	10.104	10.104	10.036	10.098	464164	4666698.00
2026/03/12	10.080	10.130	10.035	10.038	489625	4921428.00
2026/03/13	10.036	10.050	10.005	10.025	411982	4131549.00
2026/03/16	10.032	10.048	9.995	10.017	1017413	10180785.00
2026/03/17	10.033	10.050	10.014	10.041	314192	3148947.00
2026/03/18	10.015	10.110	10.000	10.084	675526	6780253.00
2026/03/19	10.078	10.132	10.016	10.043	434158	4367018.00
2026/03/20	10.039	10.079	9.985	10.065	490447	4922290.00
2026/03/23	10.067	10.085	9.985	10.010	594033	5945986.00
2026/03/24	9.987	10.059	9.986	10.016	337435	3377448.00
2026/04/03	9.877	9.983	9.877	9.947	525602	5225241.00
#Ъ§ОнРДдД:ЭЈДяаХ
