508000 빽갛蠟쉭끓撚蹈RE 휑窟 꼇릿홈
      휑퍅	    역턍	    離멕	    離됴	    澗턍	    냥슥좆	    냥슥띨
2021/06/21	3.200	3.200	3.050	3.166	64708153	204138032.00
2021/06/22	3.159	3.159	2.990	3.121	19410059	59265320.00
2021/06/23	3.110	3.110	3.050	3.059	6699489	20536248.00
2021/06/24	3.059	3.072	3.041	3.062	5437790	16614125.00
2021/06/25	3.061	3.061	3.045	3.051	3533664	10777688.00
2021/06/28	3.054	3.054	3.029	3.031	4519466	13715778.00
2021/06/29	3.030	3.030	3.013	3.016	2105275	6355915.00
2021/06/30	3.018	3.025	3.013	3.020	1291786	3899893.00
2021/07/01	3.020	3.130	3.020	3.107	2970224	9076304.00
2021/07/02	3.097	3.097	3.020	3.056	2682540	8170754.00
2021/07/05	3.055	3.064	3.051	3.055	1431710	4378275.00
2021/07/06	3.056	3.060	3.037	3.039	1818542	5535045.00
2021/07/07	3.039	3.044	3.022	3.024	2364535	7163181.00
2021/07/08	3.027	3.030	3.013	3.014	2438816	7355041.00
2021/07/09	3.013	3.014	3.005	3.010	1954458	5883203.00
2021/07/12	3.010	3.011	3.002	3.004	2658327	7984626.00
2021/07/13	3.004	3.009	3.000	3.009	1576547	4737951.00
2021/07/14	3.009	3.010	3.004	3.007	1355078	4072801.00
2021/07/15	3.007	3.020	3.005	3.012	1186529	3573422.00
2021/07/16	3.014	3.029	3.012	3.027	1870298	5658379.00
2021/07/19	3.024	3.031	3.023	3.028	2104469	6371550.00
2021/07/20	3.028	3.030	3.024	3.029	1039433	3146385.00
2021/07/21	3.033	3.033	3.023	3.024	807728	2443771.00
2021/07/22	3.025	3.026	3.021	3.023	686666	2075673.00
2021/07/23	3.022	3.027	3.020	3.026	780998	2360841.00
2021/07/26	3.026	3.027	3.003	3.008	2430297	7315270.00
2021/07/27	3.008	3.013	3.002	3.002	1456431	4377568.00
2021/07/28	3.002	3.006	3.001	3.003	1594918	4789438.00
2021/07/29	3.003	3.010	3.003	3.009	1577675	4744590.00
2021/07/30	3.009	3.009	3.004	3.005	1363282	4097919.00
2021/08/02	3.005	3.011	3.001	3.007	2492336	7496783.00
2021/08/03	3.007	3.017	3.007	3.012	2449029	7378399.00
2021/08/04	3.013	3.015	3.009	3.012	1471309	4430851.00
2021/08/05	3.013	3.013	3.004	3.008	2214695	6659761.00
2021/08/06	3.008	3.009	3.003	3.008	1743206	5239902.00
2021/08/09	3.008	3.010	3.004	3.005	1436063	4316615.00
2021/08/10	3.005	3.008	3.003	3.004	1430789	4299296.00
2021/08/11	3.004	3.007	3.001	3.001	2063005	6195795.00
2021/08/12	3.001	3.007	3.001	3.003	1134597	3408180.00
2021/08/13	3.003	3.006	3.001	3.003	996942	2993492.00
2021/08/16	3.003	3.005	3.002	3.004	842402	2529505.00
2021/08/17	3.004	3.005	3.002	3.002	709994	2131958.00
2021/08/18	3.002	3.005	3.001	3.002	709677	2131212.00
2021/08/19	3.003	3.007	3.003	3.006	1332059	4003320.00
2021/08/20	3.006	3.008	3.004	3.005	783464	2354530.00
2021/08/23	3.005	3.008	3.005	3.006	988510	2972085.00
2021/08/24	3.006	3.012	3.006	3.009	2292897	6899517.00
2021/08/25	3.009	3.021	3.008	3.020	2963432	8939792.00
2021/08/26	3.021	3.049	3.020	3.044	3225478	9800186.00
2021/08/27	3.045	3.093	3.040	3.082	4816108	14808428.00
2021/08/30	3.081	3.148	3.081	3.132	8279413	25873268.00
2021/08/31	3.133	3.145	3.111	3.125	3415042	10692731.00
2021/09/01	3.126	3.130	3.090	3.106	4007317	12444841.00
2021/09/02	3.106	3.122	3.101	3.121	2119875	6603867.00
2021/09/03	3.121	3.128	3.110	3.123	2383680	7438680.00
2021/09/06	3.123	3.125	3.114	3.120	1698423	5296021.00
2021/09/07	3.120	3.122	3.118	3.119	796977	2486249.00
2021/09/08	3.119	3.120	3.117	3.119	989932	3087030.00
2021/09/09	3.118	3.122	3.114	3.115	3192890	9957790.00
2021/09/10	3.116	3.116	3.105	3.107	1529409	4754934.00
2021/09/13	3.106	3.109	3.104	3.106	1435474	4458570.00
2021/09/14	3.106	3.116	3.105	3.115	1789866	5564589.00
2021/09/15	3.115	3.145	3.113	3.135	2396685	7515942.00
2021/09/16	3.136	3.160	3.118	3.119	4050990	12699843.00
2021/09/17	3.120	3.160	3.114	3.128	3344020	10491046.00
2021/09/22	3.127	3.128	3.109	3.127	1154072	3602122.00
2021/09/23	3.128	3.185	3.128	3.175	3718493	11776210.00
2021/09/24	3.175	3.186	3.173	3.174	2518052	7999991.00
2021/09/27	3.174	3.205	3.143	3.162	7125095	22678340.00
2021/09/28	3.162	3.187	3.055	3.164	10037796	31327058.00
2021/09/29	3.163	3.179	3.153	3.163	8413353	26628076.00
2021/09/30	3.163	3.199	3.159	3.196	2571735	8195193.00
2021/10/08	3.196	3.202	3.196	3.202	1141905	3655034.00
2021/10/11	3.202	3.207	3.198	3.203	1626093	5209128.00
2021/10/12	3.203	3.204	3.194	3.201	3077414	9845663.00
2021/10/13	3.201	3.219	3.197	3.210	1651956	5301490.00
2021/10/14	3.210	3.214	3.199	3.202	1989081	6374809.00
2021/10/15	3.203	3.205	3.198	3.205	771523	2470332.00
2021/10/18	3.205	3.206	3.190	3.202	1637870	5243408.00
2021/10/19	3.202	3.211	3.193	3.203	3289668	10534331.00
2021/10/20	3.202	3.220	3.201	3.213	1160600	3729171.00
2021/10/21	3.214	3.257	3.210	3.237	2299787	7447272.00
2021/10/22	3.238	3.286	3.236	3.281	4216901	13823638.00
2021/10/25	3.282	3.343	3.282	3.343	2646712	8768872.00
2021/10/26	3.343	3.410	3.321	3.355	5893481	19907124.00
2021/10/27	3.356	3.384	3.310	3.362	2934504	9841184.00
2021/10/28	3.362	3.419	3.362	3.418	3151952	10701226.00
2021/10/29	3.419	3.520	3.418	3.499	5795343	20185872.00
2021/11/01	3.500	3.556	3.500	3.541	7499510	26492804.00
2021/11/02	3.541	3.542	3.410	3.443	8110686	27978980.00
2021/11/03	3.442	3.443	3.330	3.420	6110603	20753094.00
2021/11/04	3.410	3.420	3.370	3.416	4767037	16156013.00
2021/11/05	3.417	3.448	3.416	3.446	2608795	8972247.00
2021/11/08	3.447	3.448	3.436	3.437	1303284	4484137.00
2021/11/09	3.436	3.441	3.434	3.440	1026329	3528341.00
2021/11/10	3.440	3.442	3.438	3.440	945021	3250195.00
2021/11/11	3.440	3.503	3.438	3.503	1688701	5851604.00
2021/11/12	3.503	3.530	3.503	3.528	1454012	5127361.00
2021/11/15	3.528	3.528	3.500	3.509	2447471	8596038.00
2021/11/16	3.509	3.535	3.505	3.525	2323805	8173534.00
2021/11/17	3.526	3.526	3.370	3.514	6345893	22004852.00
2021/11/18	3.514	3.518	3.502	3.507	1560248	5473735.00
2021/11/19	3.507	3.533	3.496	3.499	7751316	27187538.00
2021/11/22	3.499	3.499	3.460	3.463	7734587	26873196.00
2021/11/23	3.463	3.478	3.459	3.472	1336879	4637239.00
2021/11/24	3.472	3.500	3.472	3.500	1553247	5423216.00
2021/11/25	3.500	3.508	3.492	3.503	4048822	14174614.00
2021/11/26	3.503	3.512	3.496	3.508	3004172	10527262.00
2021/11/29	3.508	3.531	3.495	3.518	3032622	10646064.00
2021/11/30	3.509	3.531	3.507	3.530	2670861	9411650.00
2021/12/01	3.531	3.584	3.530	3.583	3879785	13817288.00
2021/12/02	3.584	3.603	3.582	3.595	4383968	15755068.00
2021/12/03	3.596	3.609	3.584	3.589	2917074	10479355.00
2021/12/06	3.589	3.610	3.575	3.607	5336833	19156304.00
2021/12/07	3.606	3.608	3.590	3.602	5149681	18533182.00
2021/12/08	3.603	3.638	3.596	3.637	4908038	17741176.00
2021/12/09	3.638	3.696	3.636	3.675	6657468	24450096.00
2021/12/10	3.675	3.710	3.672	3.709	4607327	17002636.00
2021/12/13	3.709	3.737	3.700	3.706	8574882	31904148.00
2021/12/14	3.708	3.814	3.699	3.809	6561562	24599756.00
2021/12/15	3.730	3.993	3.730	3.924	10442677	40641796.00
2021/12/16	3.926	3.940	3.825	3.836	8982093	34802752.00
2021/12/17	3.832	3.860	3.745	3.823	3494595	13303716.00
2021/12/20	3.823	3.825	3.758	3.768	3435077	12953138.00
2021/12/21	3.768	3.768	3.731	3.743	1789104	6689738.00
2021/12/22	3.742	3.765	3.720	3.754	2528190	9463588.00
2021/12/23	3.764	3.810	3.757	3.808	2838141	10756023.00
2021/12/24	3.808	3.825	3.781	3.800	3256828	12366998.00
2021/12/27	3.799	3.878	3.785	3.832	3491491	13321759.00
2021/12/28	3.835	3.848	3.813	3.822	3754168	14375869.00
2021/12/29	3.824	3.825	3.772	3.782	5624429	21361254.00
2021/12/30	3.781	3.781	3.738	3.749	7231765	27115756.00
2021/12/31	3.749	3.749	3.724	3.725	5653874	21073550.00
2022/01/04	3.780	3.850	3.724	3.804	4444689	16890318.00
2022/01/05	3.752	3.838	3.752	3.838	1934167	7407370.00
2022/01/06	3.838	3.844	3.792	3.842	1947081	7441365.00
2022/01/07	3.841	3.848	3.823	3.840	2038683	7825181.00
2022/01/10	3.838	3.887	3.825	3.885	1851183	7139259.00
2022/01/11	3.885	3.944	3.885	3.940	2336846	9159774.00
2022/01/12	3.941	3.999	3.908	3.940	4381326	17331380.00
2022/01/13	3.940	3.971	3.914	3.938	3550717	13982064.00
2022/01/14	3.936	3.938	3.894	3.897	3811257	14919276.00
2022/01/17	3.896	3.950	3.874	3.905	5938609	23156992.00
2022/01/18	3.905	3.940	3.884	3.904	2866298	11188090.00
2022/01/19	3.904	3.904	3.887	3.894	2325188	9050889.00
2022/01/20	3.894	3.916	3.880	3.882	3335756	12980296.00
2022/01/21	3.882	4.010	3.871	3.963	5762492	22557628.00
2022/01/24	3.963	4.105	3.915	4.006	9162283	36739256.00
2022/01/25	4.006	4.013	3.921	3.940	3853350	15201590.00
2022/01/26	3.942	3.959	3.922	3.928	1838564	7230255.00
2022/01/27	3.937	3.948	3.913	3.929	2555928	10029457.00
2022/01/28	3.929	3.997	3.924	3.990	2929689	11600819.00
2022/02/07	3.989	4.123	3.989	4.119	5925889	24173968.00
2022/02/08	4.130	4.391	4.125	4.377	8691806	37119948.00
2022/02/09	4.377	4.479	4.236	4.327	7923082	34049576.00
2022/02/10	4.322	4.427	4.170	4.321	8173915	35412416.00
2022/02/11	4.318	4.490	4.318	4.487	10910982	48002800.00
2022/02/14	4.480	4.615	4.100	4.567	8631906	39192448.00
2022/02/15	4.561	4.620	4.480	4.527	9407442	42955112.00
2022/02/16	4.521	4.521	4.320	4.432	6082971	26886706.00
2022/02/17	4.426	4.426	4.247	4.275	8188397	35431228.00
2022/02/18	4.272	4.398	4.151	4.384	8912201	37623704.00
2022/02/21	4.382	4.432	4.276	4.370	5710249	24989044.00
2022/02/22	4.364	4.364	4.187	4.199	6989354	29526916.00
2022/02/23	4.193	4.250	4.031	4.166	9491904	38935288.00
2022/02/24	4.150	4.150	3.970	3.999	7891675	31885306.00
2022/02/25	3.995	4.062	3.992	4.014	6120361	24543922.00
2022/02/28	4.007	4.008	3.919	3.998	4045392	16047134.00
2022/03/01	3.994	3.994	3.900	3.912	7097388	27899348.00
2022/03/02	3.905	4.059	3.735	4.047	7596061	29748472.00
2022/03/03	4.043	4.209	4.040	4.178	6848800	28223354.00
2022/03/04	4.180	4.219	4.060	4.170	9092872	37665056.00
2022/03/07	4.163	4.163	3.995	3.999	4096459	16689952.00
2022/03/08	3.992	3.996	3.892	3.928	2838352	11169594.00
2022/03/09	3.920	3.960	3.780	3.895	3742214	14529579.00
2022/03/10	3.897	4.003	3.849	3.874	4664380	18247568.00
2022/03/11	3.869	3.912	3.750	3.858	5490460	21055124.00
2022/03/14	3.850	3.858	3.780	3.822	3142084	12044104.00
2022/03/15	3.816	3.816	3.521	3.604	9814310	35970176.00
2022/03/16	3.599	3.660	3.450	3.618	7451477	26652084.00
2022/03/17	3.625	3.719	3.565	3.623	5885515	21362508.00
2022/03/18	3.623	3.633	3.560	3.619	5001165	17990616.00
2022/03/21	3.617	3.743	3.611	3.730	4362603	15965679.00
2022/03/22	3.738	3.880	3.717	3.878	4675172	17703598.00
2022/03/23	3.880	3.917	3.773	3.836	7435512	28589364.00
2022/03/24	3.828	3.873	3.700	3.815	3827632	14509510.00
2022/03/25	3.806	3.820	3.731	3.753	3238531	12201311.00
2022/03/28	3.743	3.755	3.690	3.752	1774103	6596595.00
2022/03/29	3.760	3.800	3.712	3.795	3602528	13542799.00
2022/03/30	3.802	3.825	3.770	3.795	2293064	8700716.00
2022/03/31	3.796	3.803	3.756	3.758	1684324	6347819.00
2022/04/01	3.750	3.826	3.714	3.812	2756570	10402695.00
2022/04/06	3.812	3.813	3.770	3.809	1708319	6483896.00
2022/04/07	3.805	3.805	3.740	3.742	1992022	7498269.00
2022/04/08	3.737	3.863	3.733	3.859	4447768	16873716.00
2022/04/11	3.859	3.865	3.800	3.838	3234443	12415673.00
2022/04/12	3.837	3.944	3.830	3.927	4773367	18523408.00
2022/04/13	3.855	3.865	3.780	3.845	5292393	20315744.00
2022/04/14	3.839	3.850	3.805	3.813	4692641	17922960.00
2022/04/15	3.806	3.813	3.757	3.773	3512234	13271745.00
2022/04/18	3.777	3.800	3.735	3.793	3769756	14228945.00
2022/04/19	3.787	3.798	3.760	3.782	3473461	13128789.00
2022/04/20	3.779	3.794	3.765	3.786	2051255	7762281.00
2022/04/21	3.787	3.812	3.731	3.742	2930307	11005074.00
2022/04/22	3.737	3.742	3.679	3.729	2228769	8266378.00
2022/04/25	3.723	3.729	3.611	3.614	2047903	7477652.00
2022/04/26	3.614	3.640	3.581	3.616	2336294	8428369.00
2022/04/27	3.609	3.684	3.550	3.679	2841614	10344031.00
2022/04/28	3.672	3.684	3.625	3.637	1918007	6974471.00
2022/04/29	3.635	3.664	3.631	3.651	1062485	3874376.00
2022/05/05	3.650	3.650	3.618	3.625	646538	2344534.00
2022/05/06	3.619	3.634	3.547	3.633	1141277	4103798.00
2022/05/09	3.625	3.632	3.610	3.616	898513	3249551.00
2022/05/10	3.613	3.618	3.588	3.611	942880	3402293.00
2022/05/11	3.607	3.634	3.596	3.620	1542169	5579682.00
2022/05/12	3.615	3.641	3.615	3.639	1088792	3955812.00
2022/05/13	3.634	3.652	3.634	3.640	918794	3343939.00
2022/05/16	3.640	3.650	3.622	3.623	1024668	3721759.00
2022/05/17	3.623	3.627	3.598	3.615	1225388	4425982.00
2022/05/18	3.619	3.619	3.597	3.600	969144	3491166.00
2022/05/19	3.594	3.595	3.544	3.558	2465715	8776964.00
2022/05/20	3.558	3.593	3.558	3.563	735289	2622098.00
2022/05/23	3.563	3.570	3.551	3.557	1086301	3861249.00
2022/05/24	3.555	3.557	3.550	3.555	981149	3485784.00
2022/05/25	3.556	3.572	3.552	3.571	659814	2348014.00
2022/05/26	3.572	3.589	3.572	3.580	1727958	6184933.00
2022/05/27	3.581	3.598	3.573	3.580	898975	3220449.00
2022/05/30	3.580	3.581	3.563	3.566	658346	2350766.00
2022/05/31	3.565	3.565	3.545	3.553	1207451	4293038.00
2022/06/01	3.552	3.557	3.546	3.556	1578191	5607006.00
2022/06/02	3.555	3.589	3.549	3.583	2083140	7402262.00
2022/06/06	3.581	3.656	3.574	3.643	1522736	5512804.00
2022/06/07	3.643	3.735	3.643	3.703	1684296	6234367.00
2022/06/08	3.704	3.780	3.666	3.708	1825809	6791283.00
2022/06/09	3.703	3.744	3.657	3.735	2638971	9773657.00
2022/06/10	3.709	3.759	3.697	3.743	2024726	7585090.00
2022/06/13	3.710	3.724	3.703	3.717	757008	2809768.00
2022/06/14	3.698	3.738	3.682	3.732	969330	3605836.00
2022/06/15	3.710	3.735	3.702	3.728	1149227	4282446.00
2022/06/16	3.710	3.725	3.698	3.713	1092647	4059920.00
2022/06/17	3.709	3.714	3.698	3.709	759527	2818301.00
2022/06/20	3.698	3.700	3.680	3.688	1033968	3815106.00
2022/06/21	3.698	3.708	3.625	3.683	10231106	37471264.00
2022/06/22	3.698	3.708	3.631	3.684	8507387	31122388.00
2022/06/23	3.684	3.707	3.665	3.705	1087691	4014216.00
2022/06/24	3.705	3.800	3.700	3.797	3040566	11414446.00
2022/06/27	3.800	3.894	3.787	3.850	4881638	18751372.00
2022/06/28	3.846	3.914	3.841	3.913	3631486	14059980.00
2022/06/29	3.912	3.939	3.890	3.908	3269257	12803984.00
2022/06/30	3.905	3.942	3.905	3.941	1590141	6248711.00
2022/07/01	3.939	3.946	3.920	3.946	1838669	7238662.00
2022/07/04	3.934	4.006	3.847	3.997	1665526	6633209.00
2022/07/05	3.996	4.001	3.926	3.975	2113012	8383569.00
2022/07/06	3.965	3.975	3.920	3.967	1906280	7547171.00
2022/07/07	3.963	4.002	3.896	3.983	1942853	7728868.00
2022/07/08	3.979	4.010	3.946	4.007	2780454	11119980.00
2022/07/11	4.005	4.018	3.991	4.009	2171205	8698040.00
2022/07/12	4.010	4.015	4.010	4.010	855841	3432896.00
2022/07/13	4.007	4.011	3.987	4.007	2208076	8832376.00
2022/07/14	4.007	4.019	4.007	4.014	2344951	9413783.00
2022/07/15	4.014	4.058	4.000	4.051	2573641	10347596.00
2022/07/18	4.046	4.088	4.031	4.087	2008135	8147643.00
2022/07/19	4.088	4.121	4.065	4.087	2989197	12230011.00
2022/07/20	4.082	4.116	4.072	4.112	1366874	5606248.00
2022/07/21	4.112	4.137	4.095	4.111	2687936	11065546.00
2022/07/22	4.111	4.165	4.070	4.139	3075645	12698076.00
2022/07/25	4.139	4.139	4.080	4.102	3403262	13961645.00
2022/07/26	4.094	4.094	4.024	4.076	2371697	9594071.00
2022/07/27	4.068	4.095	4.017	4.060	2336849	9489480.00
2022/07/28	4.051	4.084	4.051	4.072	1139705	4639833.00
2022/07/29	4.065	4.094	4.022	4.092	1214104	4940089.00
2022/08/01	4.084	4.120	4.073	4.120	1210734	4947267.00
2022/08/02	4.116	4.117	4.072	4.091	1383646	5663998.00
2022/08/03	4.082	4.123	4.068	4.105	1036908	4244120.00
2022/08/04	4.100	4.124	4.080	4.117	1114751	4580296.00
2022/08/05	4.120	4.138	4.095	4.105	881508	3625113.00
2022/08/08	4.096	4.103	4.085	4.096	1067505	4365775.00
2022/08/09	4.094	4.106	4.070	4.086	1686830	6897197.00
2022/08/10	4.085	4.104	4.071	4.086	1038330	4247533.00
2022/08/11	4.086	4.101	4.072	4.085	827640	3381536.00
2022/08/12	4.083	4.092	4.074	4.089	829740	3387875.00
2022/08/15	4.089	4.120	4.089	4.108	1803963	7409056.00
2022/08/16	4.110	4.179	4.110	4.173	3180128	13200221.00
2022/08/17	4.172	4.230	4.148	4.220	2822346	11801644.00
2022/08/18	4.223	4.252	4.221	4.240	2525864	10714162.00
2022/08/19	4.240	4.339	4.240	4.319	2726082	11684876.00
2022/08/22	4.319	4.345	4.263	4.291	4284619	18445690.00
2022/08/23	4.280	4.325	4.246	4.325	1935301	8311283.00
2022/08/24	4.319	4.320	4.266	4.306	2984181	12795350.00
2022/08/25	4.293	4.321	4.266	4.307	2153318	9250710.00
2022/08/26	4.299	4.320	4.280	4.306	1767629	7606467.00
2022/08/29	4.299	4.300	4.262	4.287	2164212	9268450.00
2022/08/30	4.286	4.325	4.218	4.295	1875560	8048321.00
2022/08/31	4.282	4.330	4.282	4.305	2828404	12188353.00
2022/09/01	4.306	4.312	4.269	4.291	3889270	16678499.00
2022/09/02	4.286	4.403	4.250	4.329	3189893	13765444.00
2022/09/05	4.321	4.329	4.290	4.318	890110	3837662.00
2022/09/06	4.309	4.346	4.304	4.337	950764	4120863.00
2022/09/07	4.328	4.345	4.328	4.339	971498	4212604.00
2022/09/08	4.335	4.429	4.325	4.399	2215064	9702970.00
2022/09/09	4.399	4.418	4.392	4.417	1480125	6523495.00
2022/09/13	4.416	4.417	4.374	4.391	2721721	11971734.00
2022/09/14	4.385	4.410	4.372	4.383	1579963	6938537.00
2022/09/15	4.383	4.411	4.381	4.399	1326261	5828332.00
2022/09/16	4.397	4.401	4.368	4.380	2453865	10756545.00
2022/09/19	4.379	4.380	4.331	4.370	2041729	8900093.00
2022/09/20	4.360	4.387	4.343	4.351	1395020	6084524.00
2022/09/21	4.339	4.356	4.329	4.350	1889273	8196862.00
2022/09/22	4.355	4.444	4.355	4.429	4963591	21852344.00
2022/09/23	4.434	4.499	4.390	4.423	4038784	17942980.00
2022/09/26	4.423	4.457	4.406	4.442	2555750	11342184.00
2022/09/27	4.430	4.430	4.364	4.385	2493133	10932126.00
2022/09/28	4.416	4.510	4.412	4.500	8592547	38591580.00
2022/09/29	4.503	4.545	4.469	4.500	5079793	22858044.00
2022/09/30	4.497	4.498	4.419	4.479	3117092	13905451.00
2022/10/10	4.405	4.478	4.405	4.442	3081137	13725372.00
2022/10/11	4.433	4.445	4.300	4.349	6837094	29915416.00
2022/10/12	4.353	4.364	4.285	4.350	2086287	8989760.00
2022/10/13	4.342	4.358	4.301	4.351	1514029	6546693.00
2022/10/14	4.351	4.380	4.336	4.379	1772566	7722644.00
2022/10/17	4.370	4.377	4.353	4.364	680247	2968495.00
2022/10/18	4.360	4.468	4.331	4.375	4369446	19160160.00
2022/10/19	4.375	4.450	4.335	4.394	4004444	17577880.00
2022/10/20	4.394	4.433	4.394	4.418	2246299	9912725.00
2022/10/21	4.415	4.437	4.397	4.433	1147542	5071174.00
2022/10/24	4.432	4.432	4.340	4.395	4397780	19393298.00
2022/10/25	4.385	4.410	4.340	4.400	4597916	20209352.00
2022/10/26	4.400	4.407	4.358	4.379	3028710	13292121.00
2022/10/27	4.377	4.403	4.324	4.327	5652414	24636348.00
2022/10/28	4.327	4.348	4.238	4.335	8210408	35180648.00
2022/10/31	4.327	4.339	4.275	4.304	4118789	17720864.00
2022/11/01	4.297	4.318	4.276	4.306	2564608	11023612.00
2022/11/02	4.310	4.350	4.310	4.325	3120386	13483858.00
2022/11/03	4.315	4.350	4.260	4.344	4194369	18105840.00
2022/11/04	4.354	4.401	4.287	4.356	6321404	27554988.00
2022/11/07	4.359	4.359	4.301	4.338	2989125	12960072.00
2022/11/08	4.335	4.335	4.290	4.311	3840878	16563951.00
2022/11/09	4.320	4.320	4.281	4.299	2361217	10154813.00
2022/11/10	4.298	4.337	4.288	4.299	2635688	11338902.00
2022/11/11	4.294	4.322	4.275	4.300	3070520	13203871.00
2022/11/14	4.300	4.316	4.261	4.292	6384938	27423892.00
2022/11/15	4.292	4.308	4.240	4.285	4663645	19938396.00
2022/11/16	4.275	4.282	4.242	4.253	3535039	15053944.00
2022/11/17	4.247	4.333	4.195	4.252	4080129	17278108.00
2022/11/18	4.251	4.267	4.193	4.255	3141726	13284895.00
2022/11/21	4.252	4.280	4.211	4.264	1061296	4514184.00
2022/11/22	4.253	4.302	4.240	4.255	2341715	9980536.00
2022/11/23	4.245	4.293	4.230	4.246	2663701	11317413.00
2022/11/24	4.252	4.283	4.211	4.229	3475469	14692638.00
2022/11/25	4.227	4.241	4.194	4.231	3275359	13825641.00
2022/11/28	4.231	4.233	4.198	4.219	4258350	17958708.00
2022/11/29	4.214	4.229	4.181	4.227	6649653	27951732.00
2022/11/30	4.225	4.233	4.170	4.193	8483648	35601300.00
2022/12/01	4.191	4.205	4.170	4.188	4747644	19888968.00
2022/12/02	4.182	4.199	4.171	4.182	4095942	17138670.00
2022/12/05	4.180	4.187	4.161	4.182	3656119	15279473.00
2022/12/06	4.182	4.190	4.161	4.181	4945367	20652608.00
2022/12/07	4.180	4.180	4.165	4.167	4178893	17423060.00
2022/12/08	4.167	4.179	4.155	4.166	6387130	26632794.00
2022/12/09	4.166	4.170	4.156	4.165	2345681	9764645.00
2022/12/12	4.165	4.175	4.139	4.160	3458325	14373487.00
2022/12/13	4.160	4.167	4.141	4.149	4382034	18191136.00
2022/12/14	4.143	4.157	4.109	4.127	4728025	19547596.00
2022/12/15	4.119	4.129	4.072	4.074	4902415	20080412.00
2022/12/16	4.068	4.068	4.014	4.023	5607675	22595280.00
2022/12/19	4.024	4.059	3.996	4.010	5340444	21441166.00
2022/12/20	4.010	4.010	3.970	3.986	4518164	17989336.00
2022/12/21	3.984	4.018	3.964	4.006	5581986	22221728.00
2022/12/22	4.006	4.023	3.977	4.008	4386702	17563506.00
2022/12/23	4.007	4.077	4.002	4.043	5866702	23601308.00
2022/12/26	4.044	4.078	4.043	4.047	4266441	17299136.00
2022/12/27	4.044	4.079	4.000	4.001	3803642	15365600.00
2022/12/28	4.007	4.036	3.948	3.962	2616289	10391685.00
2022/12/29	3.959	3.971	3.902	3.927	2409506	9498012.00
2022/12/30	3.927	3.949	3.860	3.893	2475012	9649926.00
2023/01/03	3.918	3.934	3.893	3.905	2244222	8768330.00
2023/01/04	3.922	3.945	3.876	3.906	4961686	19388126.00
2023/01/05	3.915	3.921	3.838	3.888	5573942	21641288.00
2023/01/06	3.915	3.916	3.827	3.905	5468969	21174280.00
2023/01/09	3.913	3.927	3.867	3.912	5437525	21173944.00
2023/01/10	3.900	3.952	3.871	3.943	7125387	27956032.00
2023/01/11	3.943	3.986	3.911	3.979	6077802	24038808.00
2023/01/12	3.970	3.993	3.947	3.977	4722010	18739642.00
2023/01/13	3.969	3.977	3.932	3.955	3973799	15749603.00
2023/01/16	3.955	3.956	3.910	3.936	6466834	25412242.00
2023/01/17	3.935	3.942	3.883	3.917	3460676	13557546.00
2023/01/18	3.904	3.932	3.882	3.928	3941254	15407484.00
2023/01/19	3.915	3.934	3.888	3.932	5742773	22475676.00
2023/01/20	3.938	3.938	3.893	3.923	4349438	17017432.00
2023/01/30	3.920	3.944	3.901	3.933	4087074	16039059.00
2023/01/31	3.933	3.980	3.907	3.968	6786587	26780044.00
2023/02/01	3.970	4.006	3.965	3.992	6303688	25192404.00
2023/02/02	3.982	4.025	3.959	4.021	7251601	29046936.00
2023/02/03	4.021	4.050	4.007	4.045	5119721	20675104.00
2023/02/06	4.044	4.060	4.010	4.045	3589579	14517021.00
2023/02/07	4.045	4.064	4.030	4.031	6269741	25400104.00
2023/02/08	4.025	4.061	4.019	4.052	7896524	31933028.00
2023/02/09	4.051	4.058	4.026	4.054	6723984	27206192.00
2023/02/10	4.054	4.128	4.036	4.110	8855991	36201792.00
2023/02/13	4.109	4.160	4.080	4.151	5114838	21168448.00
2023/02/14	4.151	4.212	4.150	4.211	4864363	20437832.00
2023/02/15	4.212	4.255	4.175	4.176	4852266	20464424.00
2023/02/16	4.171	4.187	4.109	4.122	7077113	29433148.00
2023/02/17	4.119	4.119	4.082	4.114	6598618	27082464.00
2023/02/20	4.100	4.134	4.086	4.132	4019963	16574214.00
2023/02/21	4.132	4.159	4.120	4.133	3681873	15263751.00
2023/02/22	4.133	4.170	4.110	4.133	2735530	11297283.00
2023/02/23	4.133	4.137	4.089	4.100	3518119	14479678.00
2023/02/24	4.096	4.112	4.040	4.064	4091826	16706454.00
2023/02/27	4.065	4.083	4.040	4.066	6206880	25187768.00
2023/02/28	4.070	4.102	4.060	4.069	5895093	24081134.00
2023/03/01	4.085	4.087	4.060	4.070	7129579	29078164.00
2023/03/02	4.074	4.101	4.070	4.075	6376089	26058892.00
2023/03/03	4.075	4.099	4.068	4.075	7267870	29641712.00
2023/03/06	4.072	4.089	4.066	4.082	5433297	22159150.00
2023/03/07	4.082	4.086	4.070	4.078	6121524	24957984.00
2023/03/08	4.078	4.087	4.060	4.063	6677846	27196700.00
2023/03/09	4.063	4.082	4.045	4.069	4536677	18448836.00
2023/03/10	4.051	4.086	4.051	4.085	5031603	20493244.00
2023/03/13	4.077	4.200	4.066	4.166	6310346	26045504.00
2023/03/14	4.169	4.170	4.137	4.154	4368592	18130562.00
2023/03/15	4.155	4.174	4.124	4.144	4645549	19291504.00
2023/03/16	4.126	4.161	4.124	4.146	4221279	17502860.00
2023/03/17	4.146	4.165	4.129	4.144	5130738	21271822.00
2023/03/20	4.147	4.150	4.126	4.143	3963738	16406985.00
2023/03/21	4.142	4.154	4.125	4.149	3767771	15613640.00
2023/03/22	4.140	4.164	4.131	4.153	3936099	16350819.00
2023/03/23	4.153	4.160	4.140	4.153	3964603	16460251.00
2023/03/24	4.142	4.160	4.142	4.159	4907666	20375970.00
2023/03/27	4.159	4.175	4.149	4.163	7012810	29185724.00
2023/03/28	4.145	4.185	4.130	4.148	7072056	29408988.00
2023/03/29	4.152	4.152	4.110	4.118	4288573	17722940.00
2023/03/30	4.117	4.137	4.080	4.105	6347414	26109274.00
2023/03/31	4.087	4.128	4.087	4.127	7130718	29338140.00
2023/04/03	4.128	4.145	4.114	4.134	7051527	29151674.00
2023/04/04	4.134	4.148	4.112	4.132	7403455	30604900.00
2023/04/06	4.123	4.145	4.107	4.136	7118054	29311816.00
2023/04/07	4.139	4.175	4.107	4.154	6750712	27961392.00
2023/04/10	4.165	4.175	4.146	4.161	6833028	28420660.00
2023/04/11	4.161	4.179	4.137	4.163	6507634	27030982.00
2023/04/12	4.164	4.179	4.091	4.155	5616223	23227042.00
2023/04/13	4.127	4.127	4.051	4.080	7065421	28813310.00
2023/04/14	4.080	4.116	4.061	4.097	6343404	25889220.00
2023/04/17	4.097	4.124	4.070	4.116	6570470	26838444.00
2023/04/18	4.114	4.157	4.097	4.157	7189899	29761264.00
2023/04/19	4.150	4.180	4.137	4.163	4976100	20711560.00
2023/04/20	4.165	4.183	4.118	4.149	6379306	26460504.00
2023/04/21	4.144	4.149	3.978	4.013	5782109	23311762.00
2023/04/24	4.004	4.008	3.913	3.943	3747211	14807799.00
2023/04/25	3.943	3.960	3.933	3.950	1206132	4757441.00
2023/04/26	3.944	3.998	3.940	3.979	652998	2593731.00
2023/04/27	3.986	3.986	3.960	3.966	1533597	6097637.00
2023/04/28	3.963	3.966	3.941	3.960	870571	3439979.00
2023/05/04	3.965	3.965	3.934	3.938	1542575	6091644.00
2023/05/05	3.925	3.941	3.920	3.939	853563	3353071.00
2023/05/08	3.949	3.950	3.918	3.918	973678	3831677.00
2023/05/09	3.918	3.918	3.865	3.880	817923	3176798.00
2023/05/10	3.878	3.937	3.860	3.918	2120174	8293918.00
2023/05/11	3.919	3.968	3.866	3.868	2507781	9777424.00
2023/05/12	3.868	3.883	3.710	3.745	2977672	11305270.00
2023/05/15	3.726	3.726	3.430	3.512	3252020	11494256.00
2023/05/16	3.512	3.645	3.470	3.637	5571388	19826116.00
2023/05/17	3.639	3.650	3.580	3.615	1874940	6792310.00
2023/05/19	3.615	3.618	3.530	3.603	2218008	7958579.00
2023/05/22	3.602	3.608	3.558	3.606	3360209	12032720.00
2023/05/23	3.606	3.641	3.606	3.628	1489278	5398920.00
2023/05/24	3.628	3.690	3.596	3.598	1743111	6326389.00
2023/05/25	3.598	3.692	3.598	3.687	4358839	15942339.00
2023/05/26	3.694	3.800	3.687	3.688	5134887	19174784.00
2023/05/29	3.679	3.687	3.648	3.655	1062135	3890849.00
2023/05/30	3.654	3.655	3.570	3.573	1223534	4410574.00
2023/05/31	3.570	3.571	3.480	3.496	913021	3194818.00
2023/06/01	3.496	3.519	3.490	3.507	1772000	6205684.00
2023/06/02	3.510	3.563	3.470	3.508	895049	3133922.00
2023/06/05	3.508	3.543	3.433	3.465	859253	3002814.00
2023/06/06	3.435	3.753	3.325	3.400	4190414	14226426.00
2023/06/07	3.399	3.472	3.300	3.467	3264022	10967012.00
2023/06/08	3.467	3.566	3.401	3.536	5508262	19140254.00
2023/06/09	3.540	3.595	3.500	3.556	2324213	8247017.00
2023/06/12	3.556	3.567	3.452	3.517	4800258	16929830.00
2023/06/13	3.515	3.523	3.478	3.490	5028515	17590574.00
2023/06/14	3.499	3.500	3.478	3.488	1180939	4118140.00
2023/06/15	3.451	3.523	3.451	3.474	2580869	8990023.00
2023/06/16	3.485	3.555	3.485	3.551	2250631	7907629.00
2023/06/19	3.552	3.558	3.513	3.525	4521689	15981407.00
2023/06/20	3.529	3.545	3.499	3.525	3066266	10772262.00
2023/06/21	3.525	3.532	3.500	3.503	2716605	9554589.00
2023/06/26	3.503	3.510	3.473	3.495	2308474	8061378.00
2023/06/27	3.495	3.509	3.470	3.475	832344	2901367.00
2023/06/28	3.450	3.469	3.394	3.460	5320088	18342616.00
2023/06/29	3.459	3.492	3.421	3.438	2993348	10314051.00
2023/06/30	3.425	3.425	3.331	3.384	5402026	18238836.00
2023/07/03	3.370	3.383	3.301	3.338	2310775	7738743.00
2023/07/04	3.338	3.338	3.292	3.318	1739349	5762070.00
2023/07/05	3.317	3.317	3.248	3.265	4542303	14831028.00
2023/07/06	3.265	3.308	3.250	3.287	4828037	15854879.00
2023/07/07	3.288	3.361	3.288	3.330	4231800	14079559.00
2023/07/10	3.328	3.328	3.278	3.295	3762206	12424225.00
2023/07/11	3.298	3.300	3.250	3.264	3251578	10606273.00
2023/07/12	3.264	3.264	3.226	3.230	2268833	7346268.00
2023/07/13	3.230	3.256	3.223	3.241	3325225	10762825.00
2023/07/14	3.241	3.281	3.202	3.248	4011623	13069635.00
2023/07/17	3.250	3.325	3.250	3.317	5929617	19601192.00
2023/07/18	3.319	3.472	3.319	3.461	5485138	18864616.00
2023/07/19	3.460	3.480	3.408	3.446	8548577	29505284.00
2023/07/20	3.443	3.443	3.300	3.320	4640398	15488655.00
2023/07/21	3.313	3.317	3.262	3.288	4924892	16178317.00
2023/07/24	3.273	3.297	3.250	3.254	5270014	17220298.00
2023/07/25	3.265	3.320	3.261	3.268	5635493	18560012.00
2023/07/26	3.267	3.287	3.245	3.263	3725086	12152418.00
2023/07/27	3.252	3.299	3.250	3.283	6051153	19754448.00
2023/07/28	3.293	3.320	3.261	3.307	6406280	21122028.00
2023/07/31	3.307	3.369	3.300	3.350	7636668	25536448.00
2023/08/01	3.345	3.404	3.335	3.364	7286156	24513398.00
2023/08/02	3.364	3.385	3.356	3.377	4910539	16563112.00
2023/08/03	3.378	3.390	3.361	3.365	6070758	20477716.00
2023/08/04	3.364	3.373	3.350	3.363	2869042	9646240.00
2023/08/07	3.363	3.372	3.346	3.359	3970228	13320340.00
2023/08/08	3.360	3.375	3.343	3.360	3323958	11184169.00
2023/08/09	3.363	3.390	3.356	3.365	1353409	4557701.00
2023/08/10	3.365	3.400	3.356	3.367	3808638	12833064.00
2023/08/11	3.359	3.398	3.339	3.355	4504507	15111634.00
2023/08/14	3.354	3.354	3.288	3.333	5329510	17647988.00
2023/08/15	3.324	3.362	3.310	3.338	4522030	15125422.00
2023/08/16	3.338	3.347	3.302	3.302	3689060	12269399.00
2023/08/17	3.294	3.304	3.280	3.292	3739192	12323953.00
2023/08/18	3.288	3.317	3.259	3.281	4055082	13363386.00
2023/08/21	3.273	3.294	3.221	3.239	4315206	14052030.00
2023/08/22	3.224	3.254	3.203	3.249	3423392	11039508.00
2023/08/23	3.250	3.264	3.235	3.237	2788483	9040823.00
2023/08/24	3.236	3.261	3.202	3.242	3085825	9957970.00
2023/08/25	3.243	3.243	3.207	3.241	1193029	3856887.00
2023/08/28	3.230	3.300	3.216	3.227	3895970	12674917.00
2023/08/29	3.226	3.243	3.203	3.215	8031776	25854116.00
2023/08/30	3.216	3.233	3.208	3.213	3202678	10306011.00
2023/08/31	3.200	3.225	3.200	3.202	3853404	12361136.00
2023/09/01	3.202	3.218	3.185	3.190	4002914	12807417.00
2023/09/04	3.190	3.218	3.181	3.204	3008946	9620950.00
2023/09/05	3.204	3.217	3.193	3.200	3156755	10105998.00
2023/09/06	3.200	3.209	3.177	3.197	1495994	4776701.00
2023/09/07	3.197	3.207	3.182	3.204	2581489	8250337.00
2023/09/08	3.204	3.214	3.192	3.213	2903986	9296258.00
2023/09/11	3.214	3.240	3.211	3.222	3033553	9773105.00
2023/09/12	3.221	3.245	3.211	3.214	3355386	10830113.00
2023/09/13	3.214	3.230	3.201	3.227	3794115	12185125.00
2023/09/14	3.223	3.242	3.215	3.227	2601556	8406723.00
2023/09/15	3.222	3.226	3.213	3.220	1671899	5382285.00
2023/09/18	3.219	3.228	3.207	3.220	2540658	8162765.00
2023/09/19	3.211	3.221	3.203	3.216	1721320	5531774.00
2023/09/20	3.205	3.214	3.192	3.196	2475051	7919479.00
2023/09/21	3.196	3.207	3.182	3.205	1397959	4458796.00
2023/09/22	3.192	3.222	3.192	3.222	1836364	5879320.00
2023/09/25	3.222	3.259	3.222	3.250	5025815	16298589.00
2023/09/26	3.251	3.306	3.251	3.306	3582768	11768898.00
2023/09/27	3.317	3.366	3.306	3.340	4524034	15115794.00
2023/09/28	3.340	3.376	3.340	3.371	4030013	13565708.00
2023/10/09	3.371	3.376	3.333	3.365	6502912	21822536.00
2023/10/10	3.363	3.365	3.330	3.348	4898146	16389289.00
2023/10/11	3.348	3.350	3.316	3.341	3571319	11908128.00
2023/10/12	3.341	3.373	3.331	3.366	5385768	18032290.00
2023/10/13	3.365	3.371	3.339	3.356	2495176	8371793.00
2023/10/16	3.356	3.359	3.335	3.356	1919422	6426296.00
2023/10/17	3.351	3.359	3.330	3.339	2423671	8094335.00
2023/10/18	3.339	3.356	3.328	3.338	2174885	7253479.00
2023/10/19	3.338	3.351	3.330	3.350	1964292	6556203.00
2023/10/20	3.350	3.374	3.330	3.371	3103729	10424245.00
2023/10/23	3.374	3.376	3.241	3.304	1104599	3624720.00
2023/10/24	3.289	3.318	3.200	3.315	3930351	12833355.00
2023/10/25	3.318	3.360	3.299	3.349	3812011	12681668.00
2023/10/26	3.341	3.373	3.215	3.337	3976830	13122531.00
2023/10/27	3.322	3.350	3.277	3.308	1745414	5780153.00
2023/10/30	3.300	3.300	3.255	3.279	1045943	3422339.00
2023/10/31	3.284	3.284	3.246	3.260	2319505	7568055.00
2023/11/01	3.260	3.260	3.198	3.229	2323183	7495956.00
2023/11/02	3.229	3.254	3.214	3.224	1006217	3243302.00
2023/11/03	3.221	3.230	3.211	3.225	1369110	4402467.00
2023/11/06	3.225	3.235	3.206	3.214	925033	2974979.00
2023/11/07	3.210	3.214	3.177	3.191	2112996	6736308.00
2023/11/08	3.193	3.249	3.181	3.246	1792468	5747872.00
2023/11/09	3.247	3.276	3.236	3.276	1575336	5128528.00
2023/11/10	3.276	3.281	3.255	3.279	650426	2122674.00
2023/11/13	3.278	3.278	3.245	3.259	912653	2971112.00
2023/11/14	3.236	3.273	3.236	3.268	859316	2802407.00
2023/11/15	3.262	3.284	3.262	3.270	517097	1690884.00
2023/11/16	3.245	3.270	3.243	3.249	165229	537691.00
2023/11/17	3.241	3.248	3.222	3.233	272187	881054.00
2023/11/20	3.218	3.227	3.190	3.225	618785	1986878.00
2023/11/21	3.225	3.225	3.201	3.210	647260	2075096.00
2023/11/22	3.200	3.210	3.197	3.197	1167365	3736808.00
2023/11/23	3.190	3.194	3.168	3.173	588421	1869626.00
2023/11/24	3.173	3.173	3.144	3.151	784711	2473645.00
2023/11/27	3.150	3.200	3.145	3.150	736126	2323344.00
2023/11/28	3.144	3.166	3.136	3.165	325081	1025302.00
2023/11/29	3.165	3.189	3.131	3.148	1943405	6140201.00
2023/11/30	3.150	3.168	3.142	3.153	911056	2876436.00
2023/12/01	3.150	3.162	3.147	3.161	1328510	4183472.00
2023/12/04	3.160	3.165	3.125	3.139	1044997	3279513.00
2023/12/05	3.139	3.143	2.990	3.065	4989449	15149907.00
2023/12/06	3.050	3.101	2.990	3.100	4784839	14421156.00
2023/12/07	3.086	3.113	3.037	3.051	2549375	7772322.00
2023/12/08	3.037	3.065	2.980	3.009	2789688	8402496.00
2023/12/11	3.008	3.008	2.881	2.978	4198840	12326433.00
2023/12/12	2.930	2.980	2.857	2.926	4436062	12814888.00
2023/12/13	2.896	2.900	2.800	2.839	2664811	7513799.00
2023/12/14	2.826	2.850	2.751	2.845	5963150	16678780.00
2023/12/15	2.831	2.831	2.730	2.731	1960600	5434976.00
2023/12/18	2.713	2.713	2.560	2.585	5084414	13236502.00
2023/12/19	2.566	2.566	2.451	2.521	8332178	20785946.00
2023/12/20	2.475	2.600	2.415	2.584	6492735	16000028.00
2023/12/21	2.562	2.720	2.523	2.710	11715879	30691424.00
2023/12/22	2.698	2.768	2.642	2.742	8383352	22812176.00
2023/12/25	2.739	2.742	2.660	2.736	4821227	12972326.00
2023/12/26	2.715	2.715	2.620	2.708	6730283	17907640.00
2023/12/27	2.687	2.697	2.615	2.638	9782514	25804142.00
2023/12/28	2.620	2.620	2.506	2.530	8857162	22503020.00
2023/12/29	2.500	2.621	2.465	2.609	13507698	34047404.00
2024/01/02	2.595	2.595	2.483	2.484	6191119	15543276.00
2024/01/03	2.471	2.479	2.370	2.371	6686080	16311914.00
2024/01/04	2.360	2.360	2.260	2.318	9154246	20981820.00
2024/01/05	2.223	2.298	2.203	2.246	3042120	6910594.00
2024/01/08	2.235	2.255	2.152	2.152	5525494	12064004.00
2024/01/09	2.151	2.151	2.011	2.014	12498596	25973984.00
2024/01/10	1.997	2.050	1.977	1.998	9084253	18350634.00
2024/01/11	2.002	2.064	2.000	2.003	8479268	17140688.00
2024/01/12	2.003	2.003	1.960	1.965	9249131	18192068.00
2024/01/15	1.953	2.018	1.920	2.008	8970720	17500464.00
2024/01/16	2.002	2.095	1.981	2.093	7938694	16296258.00
2024/01/17	2.091	2.175	2.089	2.160	10162988	21841332.00
2024/01/18	2.160	2.160	2.069	2.070	7727535	16173359.00
2024/01/19	2.050	2.122	2.010	2.111	9191732	19208916.00
2024/01/22	2.111	2.118	2.077	2.111	6728938	14134888.00
2024/01/23	2.099	2.115	2.040	2.059	7374112	15357683.00
2024/01/24	2.059	2.096	2.050	2.074	6933393	14399468.00
2024/01/25	2.080	2.164	2.070	2.164	7586237	15962198.00
2024/01/26	2.144	2.207	2.132	2.191	8936280	19483026.00
2024/01/29	2.191	2.199	2.146	2.177	6900632	15003727.00
2024/01/30	2.156	2.206	2.147	2.205	5572328	12207258.00
2024/01/31	2.205	2.205	2.150	2.166	3038400	6592239.00
2024/02/01	2.146	2.179	2.114	2.168	4482699	9573959.00
2024/02/02	2.168	2.168	2.139	2.148	3989136	8584948.00
2024/02/05	2.148	2.148	2.105	2.115	2819198	5965727.00
2024/02/06	2.100	2.125	2.061	2.118	2665134	5585773.00
2024/02/07	2.118	2.145	2.075	2.132	3883669	8232878.00
2024/02/08	2.126	2.238	2.126	2.229	3651064	8001551.00
2024/02/19	2.240	2.359	2.240	2.353	7410434	17198704.00
2024/02/20	2.400	2.450	2.360	2.390	4839384	11698493.00
2024/02/21	2.389	2.450	2.355	2.442	5691172	13784344.00
2024/02/22	2.442	2.509	2.407	2.499	4936910	12240212.00
2024/02/23	2.500	2.529	2.480	2.523	7532706	18954448.00
2024/02/26	2.541	2.574	2.472	2.549	8580371	21785256.00
2024/02/27	2.552	2.571	2.430	2.534	7028442	17605212.00
2024/02/28	2.526	2.543	2.439	2.524	5869605	14829781.00
2024/02/29	2.497	2.550	2.486	2.548	4159432	10499728.00
2024/03/01	2.547	2.607	2.537	2.603	5742524	14859637.00
2024/03/04	2.609	2.666	2.604	2.641	5119964	13534258.00
2024/03/05	2.643	2.753	2.641	2.728	7004766	19083492.00
2024/03/06	2.730	2.790	2.699	2.715	7456000	20404460.00
2024/03/07	2.714	2.771	2.668	2.714	5112170	13883472.00
2024/03/08	2.687	2.730	2.675	2.713	5026185	13633837.00
2024/03/11	2.710	2.724	2.660	2.682	5718306	15456380.00
2024/03/12	2.680	2.682	2.620	2.648	7873846	20800548.00
2024/03/13	2.647	2.650	2.600	2.617	4575495	12009968.00
2024/03/14	2.620	2.623	2.582	2.595	3197524	8294484.00
2024/03/15	2.582	2.612	2.582	2.598	3937084	10215619.00
2024/03/18	2.598	2.616	2.580	2.603	4461539	11623408.00
2024/03/19	2.600	2.615	2.589	2.599	3771428	9810713.00
2024/03/20	2.595	2.595	2.576	2.580	1299988	3356511.00
2024/03/21	2.580	2.583	2.542	2.558	2101881	5378197.00
2024/03/22	2.556	2.556	2.480	2.498	5506152	13840006.00
2024/03/25	2.500	2.500	2.468	2.480	2563721	6356419.00
2024/03/26	2.482	2.512	2.467	2.478	2668777	6630892.00
2024/03/27	2.475	2.559	2.475	2.551	6008363	15226561.00
2024/03/28	2.555	2.598	2.520	2.549	3954966	10019356.00
2024/03/29	2.524	2.554	2.515	2.553	2813163	7101103.00
2024/04/01	2.548	2.572	2.540	2.566	1824912	4670707.00
2024/04/02	2.590	2.590	2.529	2.551	3115114	7948472.00
2024/04/03	2.548	2.586	2.522	2.543	3741314	9532280.00
2024/04/08	2.543	2.544	2.522	2.536	1960261	4963555.00
2024/04/09	2.536	2.542	2.522	2.535	1708962	4328481.00
2024/04/10	2.535	2.549	2.529	2.533	1145464	2902119.00
2024/04/11	2.533	2.577	2.525	2.571	3359677	8604096.00
2024/04/12	2.566	2.597	2.557	2.574	4829413	12440813.00
2024/04/15	2.570	2.570	2.540	2.554	2613967	6680133.00
2024/04/16	2.554	2.581	2.522	2.557	5312467	13575633.00
2024/04/17	2.552	2.579	2.537	2.550	5554689	14215173.00
2024/04/18	2.550	2.564	2.525	2.535	2649916	6741514.00
2024/04/19	2.462	2.475	2.435	2.457	1753057	4298640.00
2024/04/22	2.456	2.499	2.450	2.497	3630106	8974552.00
2024/04/23	2.488	2.510	2.463	2.487	4998305	12398485.00
2024/04/24	2.474	2.489	2.465	2.486	2733438	6780031.00
2024/04/25	2.486	2.505	2.458	2.503	2697899	6718160.00
2024/04/26	2.500	2.539	2.500	2.532	5256579	13280826.00
2024/04/29	2.534	2.550	2.518	2.542	2782892	7035911.00
2024/04/30	2.528	2.541	2.518	2.529	3215687	8135604.00
2024/05/06	2.520	2.539	2.520	2.529	4677771	11842124.00
2024/05/07	2.529	2.574	2.520	2.558	8068417	20517248.00
2024/05/08	2.564	2.570	2.545	2.569	2908900	7453190.00
2024/05/09	2.551	2.593	2.551	2.591	3514065	9083723.00
2024/05/10	2.591	2.603	2.586	2.593	4280985	11099729.00
2024/05/13	2.590	2.610	2.573	2.608	6474175	16794512.00
2024/05/14	2.608	2.618	2.590	2.608	4280948	11179618.00
2024/05/15	2.590	2.607	2.561	2.572	4435133	11492647.00
2024/05/16	2.570	2.586	2.550	2.571	3461223	8882465.00
2024/05/17	2.571	2.573	2.552	2.572	1814607	4655269.00
2024/05/20	2.567	2.578	2.550	2.557	1698684	4347242.00
2024/05/21	2.557	2.557	2.525	2.545	1746713	4434764.00
2024/05/22	2.538	2.575	2.529	2.538	1964778	4991645.00
2024/05/23	2.535	2.545	2.501	2.514	1198885	3011877.00
2024/05/24	2.509	2.540	2.509	2.522	2109023	5331243.00
2024/05/27	2.528	2.548	2.528	2.548	2237053	5678683.00
2024/05/28	2.548	2.566	2.541	2.551	3450091	8821369.00
2024/05/29	2.546	2.570	2.501	2.545	3818547	9636460.00
2024/05/30	2.529	2.539	2.499	2.522	5099842	12805286.00
2024/05/31	2.521	2.527	2.503	2.523	2664444	6697916.00
2024/06/03	2.515	2.535	2.489	2.501	4435533	11127875.00
2024/06/04	2.498	2.502	2.465	2.495	2359260	5850989.00
2024/06/05	2.495	2.500	2.476	2.491	4611052	11478371.00
2024/06/06	2.489	2.494	2.450	2.492	2493123	6178058.00
2024/06/07	2.489	2.508	2.468	2.500	1873357	4677576.00
2024/06/11	2.498	2.510	2.481	2.498	4098589	10223109.00
2024/06/12	2.481	2.510	2.477	2.487	2341494	5830243.00
2024/06/13	2.487	2.503	2.470	2.482	3145942	7816808.00
2024/06/14	2.475	2.480	2.459	2.473	3265359	8063574.00
2024/06/17	2.460	2.470	2.443	2.449	2428517	5951149.00
2024/06/18	2.449	2.460	2.433	2.440	2003381	4895215.00
2024/06/19	2.440	2.460	2.430	2.437	1556881	3794332.00
2024/06/20	2.429	2.446	2.412	2.431	1790341	4337043.00
2024/06/21	2.428	2.466	2.420	2.464	2227376	5441984.00
2024/06/24	2.464	2.471	2.441	2.458	2150475	5292717.00
2024/06/25	2.456	2.459	2.430	2.445	2312360	5639656.00
2024/06/26	2.444	2.457	2.425	2.454	2729532	6653848.00
2024/06/27	2.431	2.477	2.431	2.466	2412871	5936417.00
2024/06/28	2.471	2.476	2.436	2.451	1640740	4021107.00
2024/07/01	2.450	2.477	2.418	2.439	784571	1912393.00
2024/07/02	2.450	2.450	2.420	2.430	2037356	4952638.00
2024/07/03	2.430	2.433	2.411	2.423	1159956	2809348.00
2024/07/04	2.423	2.425	2.402	2.416	2730093	6588413.00
2024/07/05	2.403	2.421	2.400	2.415	2296154	5539368.00
2024/07/08	2.405	2.430	2.402	2.412	2568896	6198573.00
2024/07/09	2.402	2.415	2.385	2.408	2888702	6935294.00
2024/07/10	2.406	2.416	2.386	2.408	4368064	10493180.00
2024/07/11	2.408	2.461	2.402	2.445	6265557	15315006.00
2024/07/12	2.447	2.467	2.442	2.459	2205085	5408747.00
2024/07/15	2.462	2.474	2.422	2.460	2751311	6754953.00
2024/07/16	2.460	2.480	2.438	2.458	4159713	10248818.00
2024/07/17	2.458	2.497	2.439	2.466	3860721	9497225.00
2024/07/18	2.464	2.476	2.441	2.462	2420514	5957919.00
2024/07/19	2.462	2.479	2.447	2.460	3693762	9096709.00
2024/07/22	2.460	2.460	2.424	2.444	3712892	9066433.00
2024/07/23	2.444	2.449	2.429	2.443	3975112	9702538.00
2024/07/24	2.443	2.451	2.428	2.445	3233223	7899122.00
2024/07/25	2.442	2.453	2.428	2.436	2413380	5873510.00
2024/07/26	2.437	2.445	2.429	2.439	3620788	8824966.00
2024/07/29	2.438	2.447	2.427	2.444	4171440	10183849.00
2024/07/30	2.447	2.468	2.444	2.462	6293647	15471190.00
2024/07/31	2.463	2.488	2.463	2.477	5013105	12422672.00
2024/08/01	2.458	2.504	2.458	2.504	3695341	9218216.00
2024/08/02	2.504	2.558	2.501	2.543	8085440	20509416.00
2024/08/05	2.540	2.566	2.535	2.563	4001496	10234670.00
2024/08/06	2.570	2.638	2.545	2.622	11899168	30980158.00
2024/08/07	2.628	2.650	2.610	2.645	5742682	15125152.00
2024/08/08	2.641	2.657	2.590	2.631	6064297	15941568.00
2024/08/09	2.631	2.638	2.560	2.630	8134775	21186192.00
2024/08/12	2.629	2.644	2.601	2.617	4525093	11854855.00
2024/08/13	2.600	2.630	2.589	2.619	4128326	10788891.00
2024/08/14	2.610	2.640	2.597	2.602	9646604	25148476.00
2024/08/15	2.602	2.624	2.592	2.599	5760082	14998394.00
2024/08/16	2.599	2.619	2.559	2.609	8544415	22253302.00
2024/08/19	2.587	2.623	2.580	2.597	8463582	22026632.00
2024/08/20	2.620	2.625	2.579	2.595	2967713	7707406.00
2024/08/21	2.595	2.617	2.588	2.612	5009541	13061748.00
2024/08/22	2.620	2.629	2.593	2.618	5664580	14849625.00
2024/08/23	2.616	2.627	2.582	2.603	7621654	19752966.00
2024/08/26	2.599	2.600	2.578	2.584	3550770	9182159.00
2024/08/27	2.575	2.594	2.527	2.553	4932227	12632692.00
2024/08/28	2.553	2.600	2.531	2.588	4194306	10723287.00
2024/08/29	2.594	2.615	2.564	2.596	2930983	7608606.00
2024/08/30	2.558	2.604	2.558	2.599	2770715	7171557.00
2024/09/02	2.597	2.599	2.560	2.578	2626046	6770633.00
2024/09/03	2.564	2.588	2.548	2.567	1915605	4909739.00
2024/09/04	2.550	2.570	2.538	2.559	2311516	5899468.00
2024/09/05	2.559	2.579	2.545	2.573	2260698	5800602.00
2024/09/06	2.587	2.589	2.554	2.564	2250277	5796390.00
2024/09/09	2.569	2.617	2.506	2.541	2934831	7442820.00
2024/09/10	2.542	2.542	2.512	2.525	2999439	7561005.00
2024/09/11	2.510	2.554	2.507	2.532	2809845	7126961.00
2024/09/12	2.520	2.545	2.520	2.540	1718948	4355440.00
2024/09/13	2.539	2.579	2.528	2.559	1701937	4341408.00
2024/09/18	2.560	2.580	2.530	2.570	2058634	5267945.00
2024/09/19	2.565	2.587	2.529	2.568	3555806	9131763.00
2024/09/20	2.568	2.576	2.535	2.574	1236862	3161801.00
2024/09/23	2.574	2.574	2.522	2.553	1684326	4279638.00
2024/09/24	2.530	2.569	2.530	2.563	1404399	3585862.00
2024/09/25	2.564	2.578	2.537	2.554	3542569	9065508.00
2024/09/26	2.550	2.560	2.540	2.543	2383802	6068565.00
2024/09/27	2.543	2.554	2.530	2.541	1166675	2971247.00
2024/09/30	2.526	2.560	2.476	2.541	3302397	8340371.00
2024/10/08	2.540	2.702	2.538	2.598	4277452	11144283.00
2024/10/09	2.598	2.599	2.537	2.564	2486453	6366279.00
2024/10/10	2.561	2.590	2.530	2.585	3253449	8346201.00
2024/10/11	2.585	2.600	2.576	2.596	1543715	4005409.00
2024/10/14	2.598	2.610	2.575	2.590	1479964	3831046.00
2024/10/15	2.590	2.594	2.571	2.573	1706351	4407618.00
2024/10/16	2.570	2.586	2.541	2.566	2307298	5918923.00
2024/10/17	2.551	2.567	2.551	2.567	2108018	5403718.00
2024/10/18	2.568	2.568	2.536	2.564	1814022	4627285.00
2024/10/21	2.563	2.570	2.533	2.563	2449664	6255642.00
2024/10/22	2.560	2.575	2.539	2.567	2729665	6992000.00
2024/10/23	2.567	2.583	2.553	2.558	2668693	6824246.00
2024/10/24	2.558	2.570	2.540	2.557	2106000	5384008.00
2024/10/25	2.550	2.570	2.548	2.565	1776838	4539004.00
2024/10/28	2.574	2.580	2.555	2.567	1991695	5107788.00
2024/10/29	2.556	2.575	2.550	2.565	1649225	4234162.00
2024/10/30	2.550	2.575	2.533	2.538	2631183	6700862.00
2024/10/31	2.534	2.545	2.520	2.538	2028349	5135517.00
2024/11/01	2.536	2.536	2.500	2.529	2058450	5188204.00
2024/11/04	2.510	2.530	2.510	2.529	2226252	5616259.00
2024/11/05	2.529	2.546	2.506	2.527	2501707	6322646.00
2024/11/06	2.523	2.556	2.512	2.531	2025196	5113735.00
2024/11/07	2.520	2.550	2.512	2.545	1452302	3664853.00
2024/11/08	2.525	2.549	2.525	2.548	1713530	4354980.00
2024/11/11	2.535	2.558	2.535	2.556	2480537	6306952.00
2024/11/12	2.555	2.563	2.527	2.550	3983853	10160945.00
2024/11/13	2.545	2.558	2.531	2.554	2977182	7585977.00
2024/11/14	2.544	2.554	2.532	2.549	4351031	11073054.00
2024/11/15	2.546	2.546	2.511	2.540	1885071	4769784.00
2024/11/18	2.530	2.545	2.522	2.538	2989882	7582732.00
2024/11/19	2.538	2.542	2.510	2.533	6216500	15684033.00
2024/11/20	2.526	2.543	2.521	2.542	1567362	3967317.00
2024/11/21	2.538	2.558	2.514	2.535	1981852	5013221.00
2024/11/22	2.531	2.531	2.518	2.527	1803919	4550766.00
2024/11/25	2.520	2.529	2.514	2.529	1172513	2960760.00
2024/11/26	2.529	2.536	2.515	2.524	980757	2474267.00
2024/11/27	2.529	2.536	2.495	2.519	2739479	6889886.00
2024/11/28	2.511	2.524	2.507	2.520	2671735	6720758.00
2024/11/29	2.520	2.526	2.509	2.514	1202554	3028201.00
2024/12/02	2.509	2.520	2.503	2.506	2373840	5959308.00
2024/12/03	2.507	2.514	2.493	2.502	3389913	8495255.00
2024/12/04	2.514	2.514	2.478	2.500	1909924	4752690.00
2024/12/05	2.481	2.500	2.480	2.487	3819071	9490342.00
2024/12/06	2.480	2.499	2.480	2.490	4902212	12177399.00
2024/12/09	2.483	2.498	2.481	2.489	2027747	5038033.00
2024/12/10	2.485	2.495	2.481	2.492	3131695	7794313.00
2024/12/11	2.485	2.507	2.485	2.503	1449028	3622303.00
2024/12/12	2.502	2.547	2.502	2.529	10139222	25595348.00
2024/12/13	2.530	2.539	2.502	2.511	1461326	3672056.00
2024/12/16	2.510	2.536	2.510	2.519	4434245	11164519.00
2024/12/17	2.515	2.537	2.502	2.519	6281093	15812143.00
2024/12/18	2.529	2.544	2.485	2.515	5819037	14610982.00
2024/12/19	2.515	2.515	2.478	2.504	15823369	39517904.00
2024/12/20	2.449	2.452	2.421	2.450	5043874	12317325.00
2024/12/23	2.447	2.460	2.432	2.442	4895873	11949823.00
2024/12/24	2.447	2.454	2.430	2.446	4173128	10194267.00
2024/12/25	2.445	2.479	2.440	2.478	3189954	7827685.00
2024/12/26	2.479	2.495	2.466	2.483	4704549	11669490.00
2024/12/27	2.472	2.550	2.472	2.545	5237809	13237560.00
2024/12/30	2.539	2.575	2.520	2.533	9386565	23788532.00
2024/12/31	2.531	2.592	2.515	2.549	8890815	22620012.00
2025/01/02	2.549	2.550	2.518	2.528	6719747	17023060.00
2025/01/03	2.525	2.567	2.518	2.552	4477490	11403430.00
2025/01/06	2.560	2.584	2.535	2.540	3852581	9831112.00
2025/01/07	2.534	2.534	2.511	2.524	1503745	3797510.00
2025/01/08	2.524	2.650	2.524	2.648	8142853	21332926.00
2025/01/09	2.653	2.713	2.648	2.710	10429229	28040526.00
2025/01/10	2.711	2.727	2.650	2.711	9300740	25066812.00
2025/01/13	2.710	2.730	2.672	2.694	4944113	13371185.00
2025/01/14	2.682	2.694	2.632	2.664	5752463	15254992.00
2025/01/15	2.661	2.737	2.640	2.734	8855708	23983848.00
2025/01/16	2.742	2.753	2.671	2.743	7427845	20235540.00
2025/01/17	2.741	2.786	2.709	2.781	5849958	16135660.00
2025/01/20	2.741	2.779	2.741	2.773	2529441	7001461.00
2025/01/21	2.764	2.780	2.740	2.773	3751734	10397084.00
2025/01/22	2.775	2.820	2.751	2.802	6379287	17769142.00
2025/01/23	2.804	2.831	2.790	2.818	6026121	16945380.00
2025/01/24	2.797	2.893	2.797	2.870	9425470	26870476.00
2025/01/27	2.859	2.949	2.840	2.936	6362276	18551532.00
2025/02/05	2.936	2.946	2.906	2.923	4967530	14511250.00
2025/02/06	2.928	3.080	2.870	2.930	8121952	23582084.00
2025/02/07	2.923	2.935	2.890	2.931	3874347	11334046.00
2025/02/10	2.932	2.988	2.892	2.981	7002388	20724274.00
2025/02/11	2.981	3.066	2.952	3.065	9836123	29597536.00
2025/02/12	3.065	3.094	3.001	3.045	4974917	15146245.00
2025/02/13	3.030	3.045	2.944	2.991	5929101	17673008.00
2025/02/14	2.951	3.033	2.950	3.010	3363148	10025815.00
2025/02/17	3.014	3.034	2.980	2.996	5504394	16542861.00
2025/02/18	2.984	3.011	2.966	2.997	4144999	12420372.00
2025/02/19	2.975	2.996	2.945	2.954	4871004	14440243.00
2025/02/20	2.954	2.959	2.917	2.942	5789457	16987092.00
2025/02/21	2.942	2.995	2.918	2.931	2808569	8267416.00
2025/02/24	2.926	2.940	2.872	2.895	1882766	5456810.00
2025/02/25	2.893	2.920	2.832	2.879	2934321	8413454.00
2025/02/26	2.878	2.898	2.845	2.880	6185416	17682192.00
2025/02/27	2.860	2.880	2.846	2.880	3115910	8912813.00
2025/02/28	2.880	2.888	2.838	2.888	3839128	10981353.00
2025/03/03	2.885	2.949	2.885	2.946	4574432	13360639.00
2025/03/04	2.946	2.999	2.944	2.994	7711573	22893976.00
2025/03/05	3.000	3.018	2.979	3.011	5832437	17534070.00
2025/03/06	3.020	3.020	2.956	2.990	6173472	18426566.00
2025/03/07	2.986	2.990	2.913	2.990	3816629	11239567.00
2025/03/10	2.974	3.009	2.946	2.998	4804449	14306002.00
2025/03/11	2.988	2.990	2.950	2.953	4626487	13760564.00
2025/03/12	2.952	2.978	2.901	2.939	5647973	16543975.00
2025/03/13	2.936	2.940	2.916	2.935	3154625	9235000.00
2025/03/14	2.932	2.978	2.901	2.967	5234624	15273818.00
2025/03/17	2.966	2.966	2.941	2.949	2051461	6051130.00
2025/03/18	2.948	2.951	2.928	2.949	4008997	11781069.00
2025/03/19	2.948	2.966	2.930	2.959	5113729	15036371.00
2025/03/20	2.959	2.991	2.950	2.972	2706973	8040493.00
2025/03/21	2.970	2.970	2.932	2.959	2212949	6528714.00
2025/03/24	2.955	2.986	2.934	2.955	2306908	6818467.00
2025/03/25	2.934	2.965	2.934	2.959	646799	1911888.00
2025/03/26	2.959	2.973	2.931	2.950	2131886	6277627.00
2025/03/27	2.957	2.968	2.946	2.960	1583583	4681247.00
2025/03/28	2.970	2.999	2.945	2.998	2742816	8183943.00
2025/03/31	2.999	3.007	2.942	2.957	3890389	11515347.00
2025/04/01	2.942	2.957	2.930	2.948	2515741	7393620.00
2025/04/02	2.946	2.988	2.932	2.959	5019208	14851306.00
2025/04/03	2.959	2.988	2.945	2.986	2502472	7398043.00
2025/04/07	2.985	2.988	2.922	2.961	1804712	5309139.00
2025/04/08	2.959	2.966	2.931	2.959	1762362	5191349.00
2025/04/09	2.973	2.973	2.932	2.968	1589865	4693053.00
2025/04/10	2.970	2.990	2.944	2.969	4923119	14559643.00
2025/04/11	2.954	2.978	2.922	2.954	7681653	22691544.00
2025/04/14	2.948	2.954	2.927	2.943	4263376	12531172.00
2025/04/15	2.943	2.955	2.914	2.945	7162362	20996030.00
2025/04/16	2.941	2.952	2.921	2.942	5676820	16681681.00
2025/04/17	2.921	2.954	2.917	2.936	7635517	22404308.00
2025/04/18	2.868	2.868	2.801	2.818	4812260	13660274.00
2025/04/21	2.820	2.825	2.777	2.822	3549295	9920075.00
2025/04/22	2.818	2.835	2.788	2.830	2579735	7284453.00
2025/04/23	2.830	2.843	2.788	2.823	4111305	11591883.00
2025/04/24	2.822	2.829	2.803	2.823	1786209	5022209.00
2025/04/25	2.830	2.830	2.811	2.823	522626	1473263.00
2025/04/28	2.823	2.830	2.762	2.770	3385663	9409547.00
2025/04/29	2.768	2.797	2.761	2.771	1792960	4992389.00
2025/04/30	2.767	2.798	2.767	2.781	1367444	3802602.00
2025/05/06	2.782	2.796	2.768	2.784	842322	2341684.00
2025/05/07	2.781	2.781	2.768	2.778	2342620	6500137.00
2025/05/08	2.778	2.799	2.769	2.790	1851915	5161072.00
2025/05/09	2.770	2.820	2.770	2.813	1037714	2904933.00
2025/05/12	2.813	2.826	2.813	2.819	1005704	2836467.00
2025/05/13	2.819	2.827	2.811	2.820	771919	2174222.00
2025/05/14	2.820	2.838	2.811	2.837	655038	1851874.00
2025/05/15	2.837	2.865	2.826	2.861	2018439	5755359.00
2025/05/16	2.862	2.898	2.852	2.893	3295914	9509491.00
2025/05/19	2.881	2.898	2.870	2.881	2610520	7521657.00
2025/05/20	2.881	2.891	2.839	2.873	2193416	6267402.00
2025/05/21	2.865	2.915	2.861	2.915	3151862	9100892.00
2025/05/22	2.915	2.916	2.890	2.898	2284917	6638901.00
2025/05/23	2.898	2.913	2.878	2.904	2483943	7192892.00
2025/05/26	2.902	2.913	2.873	2.893	1959764	5683319.00
2025/05/27	2.894	2.894	2.845	2.865	1273424	3658212.00
2025/05/28	2.864	2.890	2.846	2.884	3585373	10260850.00
2025/05/29	2.891	2.899	2.850	2.883	2167621	6225778.00
2025/05/30	2.881	2.887	2.855	2.880	1014839	2908153.00
2025/06/03	2.877	2.887	2.828	2.846	1722056	4898179.00
2025/06/04	2.846	2.856	2.831	2.849	1065481	3030036.00
2025/06/05	2.844	2.877	2.832	2.874	1799012	5148769.00
2025/06/06	2.874	2.901	2.860	2.893	2514887	7255632.00
2025/06/09	2.894	2.917	2.880	2.909	4648394	13491940.00
2025/06/10	2.900	2.930	2.871	2.921	7263599	21137992.00
2025/06/11	2.921	2.953	2.890	2.949	7229028	21052692.00
2025/06/12	2.931	2.943	2.877	2.929	7426871	21581182.00
2025/06/13	2.908	2.933	2.895	2.919	6150136	17914748.00
2025/06/16	2.919	2.923	2.891	2.919	2565130	7460354.00
2025/06/17	2.918	2.919	2.866	2.878	4247196	12293301.00
2025/06/18	2.871	2.890	2.861	2.883	2486052	7139238.00
2025/06/19	2.886	2.887	2.872	2.878	1091117	3140864.00
2025/06/20	2.878	2.885	2.853	2.866	4689586	13451982.00
2025/06/23	2.866	2.875	2.853	2.860	1927882	5517985.00
2025/06/24	2.853	2.869	2.801	2.837	2264075	6418933.00
2025/06/25	2.825	2.855	2.815	2.842	1818798	5154260.00
2025/06/26	2.837	2.854	2.820	2.844	3251677	9246184.00
2025/06/27	2.839	2.851	2.837	2.850	2810078	7987236.00
2025/06/30	2.845	2.856	2.814	2.842	1426956	4053831.00
2025/07/01	2.842	2.849	2.813	2.830	1286253	3640872.00
2025/07/02	2.830	2.850	2.825	2.839	2802451	7947175.00
2025/07/03	2.833	2.860	2.824	2.860	1990219	5669591.00
2025/07/04	2.871	2.888	2.840	2.887	2605546	7494144.00
2025/07/07	2.887	2.888	2.863	2.885	955246	2751818.00
2025/07/08	2.886	2.890	2.865	2.870	994882	2863571.00
2025/07/09	2.867	2.895	2.833	2.854	1460945	4179916.00
2025/07/10	2.843	2.885	2.823	2.837	2025384	5767030.00
2025/07/11	2.838	2.846	2.805	2.807	2274565	6416578.00
2025/07/14	2.803	2.819	2.767	2.772	4642419	12915283.00
2025/07/15	2.771	2.802	2.762	2.800	3151781	8786917.00
2025/07/16	2.800	2.819	2.789	2.800	2809224	7870441.00
2025/07/17	2.805	2.849	2.799	2.810	11951194	33624348.00
2025/07/18	2.810	2.839	2.800	2.835	3033294	8573190.00
2025/07/21	2.835	2.878	2.824	2.843	25141850	71851752.00
2025/07/22	2.840	2.868	2.830	2.840	2017366	5731611.00
2025/07/23	2.840	2.851	2.800	2.821	4492446	12666582.00
2025/07/24	2.821	2.846	2.800	2.824	2291486	6465016.00
2025/07/25	2.813	2.840	2.813	2.824	859489	2428137.00
2025/07/28	2.822	2.839	2.813	2.836	3632485	10266585.00
2025/07/29	2.835	2.846	2.821	2.846	2440726	6917173.00
2025/07/30	2.845	2.856	2.828	2.852	5402786	15332246.00
2025/07/31	2.852	2.878	2.828	2.867	3371674	9648806.00
2025/08/01	2.867	2.876	2.847	2.865	3199394	9170180.00
2025/08/04	2.872	2.877	2.830	2.838	1936614	5510379.00
2025/08/05	2.838	2.840	2.826	2.837	658563	1866549.00
2025/08/06	2.839	2.839	2.804	2.823	5812896	16415869.00
2025/08/07	2.820	2.849	2.818	2.830	2204137	6234651.00
2025/08/08	2.828	2.832	2.815	2.826	2932651	8282727.00
2025/08/11	2.826	2.829	2.817	2.820	635936	1794019.00
2025/08/12	2.818	2.837	2.807	2.818	1493891	4213674.00
2025/08/13	2.817	2.828	2.800	2.818	1306327	3678254.00
2025/08/14	2.810	2.826	2.808	2.812	5276637	14849069.00
2025/08/15	2.812	2.820	2.796	2.802	2615621	7329890.00
2025/08/18	2.802	2.802	2.710	2.718	7059102	19349688.00
2025/08/19	2.718	2.750	2.710	2.729	3750759	10240248.00
2025/08/20	2.728	2.749	2.710	2.748	2906749	7959124.00
2025/08/21	2.748	2.762	2.723	2.750	9196111	25280172.00
2025/08/22	2.750	2.754	2.725	2.751	2365552	6489584.00
2025/08/25	2.751	2.793	2.715	2.753	3061583	8406685.00
2025/08/26	2.751	2.793	2.720	2.786	2381371	6584905.00
2025/08/27	2.779	2.800	2.752	2.794	3246344	9044670.00
2025/08/28	2.782	2.820	2.767	2.799	4609383	12902029.00
2025/08/29	2.788	2.807	2.776	2.789	2471475	6883261.00
2025/09/01	2.788	2.808	2.763	2.781	4267094	11852098.00
2025/09/02	2.772	2.805	2.772	2.802	2458460	6856404.00
2025/09/03	2.789	2.814	2.781	2.807	2178711	6095887.00
2025/09/04	2.794	2.819	2.784	2.799	4931853	13797021.00
2025/09/05	2.792	2.811	2.764	2.780	4353718	12110663.00
2025/09/08	2.769	2.790	2.747	2.766	1796795	4971971.00
2025/09/09	2.766	2.799	2.749	2.770	4925894	13635334.00
2025/09/10	2.763	2.795	2.763	2.777	1428468	3971227.00
2025/09/11	2.777	2.795	2.758	2.781	1380685	3832692.00
2025/09/12	2.770	2.790	2.760	2.779	2129970	5914670.00
2025/09/15	2.771	2.787	2.761	2.780	1349909	3745000.00
2025/09/16	2.786	2.789	2.764	2.780	1400224	3888599.00
2025/09/17	2.771	2.797	2.767	2.796	2577584	7179821.00
2025/09/18	2.784	2.805	2.771	2.800	1957292	5471540.00
2025/09/19	2.749	2.750	2.706	2.738	1130389	3088065.00
2025/09/22	2.736	2.748	2.715	2.719	2116590	5770162.00
2025/09/23	2.731	2.740	2.708	2.729	1367420	3724644.00
2025/09/24	2.718	2.746	2.707	2.724	1619733	4409869.00
2025/09/25	2.723	2.746	2.703	2.714	2339369	6356612.00
2025/09/26	2.714	2.733	2.704	2.728	2135890	5813219.00
2025/09/29	2.728	2.737	2.703	2.709	1770940	4809617.00
2025/09/30	2.701	2.736	2.701	2.710	1387464	3767327.00
2025/10/09	2.708	2.728	2.691	2.713	2497354	6755760.00
2025/10/10	2.701	2.730	2.677	2.703	2990192	8064507.00
2025/10/13	2.700	2.701	2.681	2.697	1586526	4270196.00
2025/10/14	2.695	2.704	2.660	2.685	1632641	4373122.00
2025/10/15	2.675	2.688	2.662	2.671	1892535	5052895.00
2025/10/16	2.675	2.679	2.633	2.665	2454097	6529899.00
2025/10/17	2.670	2.673	2.631	2.652	1086314	2877862.00
2025/10/20	2.655	2.660	2.593	2.648	2728696	7161788.00
2025/10/21	2.648	2.650	2.620	2.649	3295075	8658257.00
2025/10/22	2.648	2.678	2.633	2.658	2751647	7307856.00
2025/10/23	2.659	2.694	2.648	2.692	2600808	6959975.00
2025/10/24	2.692	2.708	2.669	2.708	1709135	4610372.00
2025/10/27	2.708	2.739	2.680	2.685	2633440	7105022.00
2025/10/28	2.685	2.710	2.677	2.701	1967351	5290965.00
2025/10/29	2.701	2.716	2.675	2.701	1512362	4081501.00
2025/10/30	2.701	2.703	2.690	2.700	1942055	5238928.00
2025/10/31	2.700	2.700	2.663	2.676	2357331	6332656.00
2025/11/03	2.676	2.692	2.633	2.646	3185412	8452248.00
2025/11/04	2.635	2.655	2.615	2.619	2780140	7303123.00
2025/11/05	2.619	2.635	2.603	2.607	3178956	8295799.00
2025/11/06	2.615	2.659	2.607	2.637	3189202	8379459.00
2025/11/07	2.637	2.663	2.618	2.639	3191381	8424797.00
2025/11/10	2.639	2.655	2.610	2.642	2205944	5799400.00
2025/11/11	2.643	2.651	2.628	2.634	2195770	5781169.00
2025/11/12	2.640	2.654	2.618	2.653	3173232	8383394.00
2025/11/13	2.650	2.655	2.638	2.653	1641450	4351804.00
2025/11/14	2.653	2.670	2.618	2.665	2256112	6002598.00
2025/11/17	2.657	2.672	2.650	2.665	947235	2517629.00
2025/11/18	2.661	2.672	2.642	2.662	1213796	3228205.00
2025/11/19	2.659	2.676	2.638	2.662	1696272	4503757.00
2025/11/20	2.660	2.666	2.640	2.647	567395	1502850.00
2025/11/21	2.640	2.663	2.626	2.641	1186428	3129964.00
2025/11/24	2.635	2.649	2.608	2.630	2080570	5461203.00
2025/11/25	2.625	2.640	2.605	2.630	2450225	6416994.00
2025/11/26	2.633	2.646	2.617	2.630	1552348	4084953.00
2025/11/27	2.635	2.637	2.615	2.620	3165913	8298037.00
2025/11/28	2.619	2.630	2.604	2.616	2266921	5924570.00
2025/12/01	2.616	2.618	2.590	2.601	2172388	5649296.00
2025/12/02	2.603	2.603	2.586	2.603	1510728	3921602.00
2025/12/03	2.608	2.610	2.568	2.598	4003881	10376167.00
2025/12/04	2.598	2.614	2.591	2.599	1682382	4365926.00
2025/12/05	2.599	2.607	2.587	2.597	1387525	3597682.00
2025/12/08	2.587	2.603	2.585	2.594	393496	1019816.00
2025/12/09	2.589	2.609	2.565	2.575	1633950	4222213.00
2025/12/10	2.576	2.599	2.555	2.591	4359800	11194016.00
2025/12/11	2.592	2.599	2.563	2.566	2387987	6138480.00
2025/12/12	2.568	2.591	2.541	2.585	1656216	4271577.00
2025/12/15	2.588	2.595	2.555	2.576	1605984	4123992.00
2025/12/16	2.569	2.584	2.550	2.572	1524582	3907326.00
2025/12/17	2.572	2.577	2.560	2.573	1164775	2993779.00
2025/12/18	2.573	2.580	2.535	2.541	2058698	5248814.00
2025/12/19	2.545	2.547	2.501	2.511	3967479	9963334.00
2025/12/22	2.511	2.513	2.477	2.485	2373840	5910165.00
2025/12/23	2.485	2.489	2.442	2.463	2012200	4966565.00
2025/12/24	2.470	2.557	2.453	2.543	3145667	7916620.00
2025/12/25	2.554	2.578	2.541	2.551	2918913	7473940.00
2025/12/26	2.551	2.560	2.533	2.539	2766454	7057441.00
2025/12/29	2.540	2.550	2.513	2.528	1277400	3231441.00
2025/12/30	2.527	2.535	2.500	2.516	2360054	5946294.00
2025/12/31	2.516	2.525	2.475	2.522	2007555	5031359.00
2026/01/05	2.520	2.557	2.503	2.557	2508219	6348090.00
2026/01/06	2.547	2.595	2.523	2.594	5138172	13238352.00
2026/01/07	2.584	2.633	2.582	2.620	6803673	17770668.00
2026/01/08	2.611	2.644	2.611	2.642	3288278	8668593.00
2026/01/09	2.638	2.644	2.629	2.634	3298404	8701088.00
2026/01/12	2.638	2.649	2.612	2.635	2288728	6019149.00
2026/01/13	2.635	2.659	2.627	2.652	3213046	8513040.00
2026/01/14	2.651	2.659	2.642	2.658	3765914	9982040.00
2026/01/15	2.658	2.675	2.625	2.672	6533514	17321612.00
2026/01/16	2.672	2.679	2.650	2.677	2374326	6343019.00
2026/01/19	2.667	2.690	2.635	2.683	4327017	11588836.00
2026/01/20	2.675	2.689	2.670	2.679	5590891	14986662.00
2026/01/21	2.678	2.689	2.655	2.666	5759229	15380191.00
2026/01/22	2.660	2.660	2.632	2.654	5273737	13960360.00
2026/01/23	2.642	2.656	2.589	2.600	10045721	26338994.00
2026/01/26	2.588	2.597	2.548	2.563	3390387	8723191.00
2026/01/27	2.563	2.578	2.540	2.551	4359682	11122983.00
2026/01/28	2.553	2.559	2.533	2.555	5065516	12895884.00
2026/01/29	2.551	2.619	2.521	2.617	4743392	12137591.00
2026/01/30	2.605	2.613	2.579	2.597	5623396	14569111.00
2026/02/02	2.601	2.618	2.583	2.610	5640390	14695367.00
2026/02/03	2.605	2.640	2.599	2.636	2874869	7534083.00
2026/02/04	2.630	2.662	2.621	2.653	5351522	14172630.00
2026/02/05	2.653	2.669	2.613	2.630	2239770	5896927.00
2026/02/06	2.630	2.630	2.592	2.601	3739868	9738401.00
2026/02/09	2.590	2.617	2.588	2.599	1925368	4996094.00
2026/02/10	2.599	2.628	2.588	2.627	1596115	4172904.00
2026/02/11	2.620	2.640	2.597	2.611	10472802	27352624.00
2026/02/12	2.600	2.611	2.593	2.604	1946687	5059746.00
2026/02/13	2.608	2.618	2.593	2.618	1325079	3460054.00
2026/02/24	2.621	2.622	2.577	2.579	1717768	4450504.00
2026/02/25	2.579	2.603	2.564	2.581	3926236	10149524.00
2026/02/26	2.572	2.589	2.572	2.581	1275110	3290066.00
2026/02/27	2.571	2.590	2.557	2.562	2785698	7156058.00
2026/03/02	2.563	2.569	2.530	2.556	1050898	2677380.00
2026/03/03	2.555	2.569	2.543	2.565	2373796	6071249.00
2026/03/04	2.564	2.576	2.544	2.570	1688978	4333836.00
2026/03/05	2.575	2.575	2.551	2.558	853775	2189041.00
2026/03/06	2.558	2.560	2.546	2.556	582918	1486241.00
2026/03/09	2.558	2.566	2.525	2.542	1865053	4733638.00
2026/03/10	2.542	2.560	2.531	2.545	1602780	4082302.00
2026/03/11	2.534	2.555	2.496	2.510	3908995	9834183.00
2026/03/12	2.498	2.511	2.481	2.498	2326803	5797402.00
2026/03/13	2.486	2.498	2.480	2.493	1807798	4498411.00
2026/03/16	2.493	2.500	2.483	2.485	1278123	3179380.00
2026/03/17	2.489	2.509	2.481	2.504	1015256	2529810.00
2026/03/18	2.494	2.523	2.493	2.518	1470296	3684688.00
2026/03/19	2.507	2.535	2.501	2.507	2317800	5830946.00
2026/03/20	2.502	2.504	2.491	2.496	927325	2316188.00
2026/03/23	2.499	2.499	2.427	2.457	1821914	4466679.00
2026/03/24	2.460	2.460	2.422	2.444	2226889	5424672.00
2026/04/03	2.398	2.400	2.376	2.392	1589071	3790916.00
#鑒앴윱都:繫댐斤
