508022 ВЉЪБНђПЊВњдАREIT ШеЯп ВЛИДШЈ
      ШеЦк	    ПЊХЬ	    зюИп	    зюЕЭ	    ЪеХЬ	    ГЩНЛСП	    ГЩНЛЖю
2024/09/19	2.399	2.420	2.398	2.409	11212880	26946274.00
2024/09/20	2.400	2.413	2.398	2.407	1930754	4635830.00
2024/09/23	2.402	2.406	2.400	2.405	485620	1167165.00
2024/09/24	2.402	2.402	2.356	2.397	3613004	8655204.00
2024/09/25	2.397	2.407	2.357	2.404	3923354	9415143.00
2024/09/26	2.381	2.418	2.381	2.408	3267378	7871918.00
2024/09/27	2.400	2.421	2.385	2.400	210180	503864.00
2024/09/30	2.377	2.410	2.359	2.410	600505	1440936.00
2024/10/08	2.401	2.422	2.394	2.417	1326001	3191025.00
2024/10/09	2.382	2.420	2.382	2.414	442456	1064798.00
2024/10/10	2.414	2.430	2.384	2.421	4969240	12033815.00
2024/10/11	2.421	2.436	2.405	2.430	1190241	2886850.00
2024/10/14	2.429	2.430	2.406	2.420	698345	1689314.00
2024/10/15	2.421	2.430	2.406	2.421	1803816	4366924.00
2024/10/16	2.422	2.422	2.417	2.418	993300	2402983.00
2024/10/17	2.410	2.421	2.410	2.419	972000	2349813.00
2024/10/18	2.420	2.431	2.407	2.424	860688	2083099.00
2024/10/21	2.409	2.433	2.409	2.430	964435	2341738.00
2024/10/22	2.450	2.450	2.421	2.433	1427840	3467589.00
2024/10/23	2.415	2.444	2.415	2.427	2605410	6323968.00
2024/10/24	2.427	2.440	2.422	2.428	1155903	2805112.00
2024/10/25	2.428	2.435	2.416	2.431	505550	1228378.00
2024/10/28	2.419	2.442	2.419	2.440	456329	1111105.00
2024/10/29	2.425	2.475	2.425	2.450	925261	2264207.00
2024/10/30	2.463	2.478	2.450	2.457	92507	227384.00
2024/10/31	2.460	2.495	2.451	2.460	40147	98617.00
2024/11/01	2.478	2.478	2.427	2.456	290265	713991.00
2024/11/04	2.465	2.473	2.451	2.452	148200	363616.00
2024/11/05	2.469	2.469	2.439	2.454	638841	1563922.00
2024/11/06	2.456	2.456	2.434	2.455	45735	111981.00
2024/11/07	2.466	2.482	2.436	2.477	146578	362563.00
2024/11/08	2.477	2.665	2.447	2.465	95273	235197.00
2024/11/11	2.465	2.473	2.460	2.473	584797	1443242.00
2024/11/12	2.480	2.480	2.470	2.475	295290	730321.00
2024/11/13	2.475	2.480	2.449	2.475	858200	2108146.00
2024/11/14	2.467	2.480	2.445	2.450	1702545	4180055.00
2024/11/15	2.449	2.460	2.430	2.448	1163745	2839537.00
2024/11/18	2.466	2.500	2.433	2.445	670952	1643806.00
2024/11/19	2.490	2.679	2.427	2.444	2428953	5941799.00
2024/11/20	2.458	2.458	2.400	2.434	3898298	9452788.00
2024/11/21	2.424	2.478	2.419	2.468	522937	1273225.00
2024/11/22	2.475	2.477	2.436	2.475	178833	442045.00
2024/11/25	2.475	2.488	2.475	2.482	45500	112957.00
2024/11/26	2.490	2.490	2.477	2.484	229979	571532.00
2024/11/27	2.490	2.490	2.480	2.480	572900	1423934.00
2024/11/28	2.480	2.489	2.480	2.489	131100	325979.00
2024/11/29	2.466	2.499	2.450	2.493	162380	404252.00
2024/12/02	2.500	2.508	2.496	2.508	346766	866843.00
2024/12/03	2.494	2.507	2.494	2.500	63398	158599.00
2024/12/04	2.495	2.526	2.495	2.522	287600	723539.00
2024/12/05	2.524	2.544	2.517	2.531	925760	2339958.00
2024/12/06	2.491	2.550	2.491	2.535	438567	1108128.00
2024/12/09	2.544	2.544	2.525	2.535	185400	469892.00
2024/12/10	2.495	2.544	2.495	2.537	479967	1216372.00
2024/12/11	2.534	2.576	2.515	2.576	1427736	3654185.00
2024/12/12	2.576	2.632	2.576	2.626	1560742	4070681.00
2024/12/13	2.606	2.658	2.606	2.650	2603100	6858681.00
2024/12/16	2.636	2.659	2.612	2.654	583715	1547435.00
2024/12/17	2.647	2.660	2.615	2.654	828803	2193189.00
2024/12/18	2.648	2.660	2.614	2.659	932508	2457084.00
2024/12/19	2.655	2.655	2.619	2.620	551700	1453325.00
2024/12/20	2.638	2.661	2.596	2.597	463253	1216294.00
2024/12/23	2.596	2.635	2.581	2.591	109086	281946.00
2024/12/24	2.609	2.630	2.584	2.609	456463	1191112.00
2024/12/25	2.627	2.635	2.603	2.612	143381	374399.00
2024/12/26	2.615	2.621	2.601	2.610	87200	227778.00
2024/12/27	2.595	2.627	2.595	2.621	762626	1995774.00
2024/12/30	2.628	2.630	2.620	2.622	210000	551775.00
2024/12/31	2.625	2.636	2.621	2.625	593000	1557788.00
2025/01/02	2.625	2.627	2.617	2.627	253645	665821.00
2025/01/03	2.627	2.659	2.612	2.657	1722153	4560673.00
2025/01/06	2.653	2.665	2.645	2.655	1217056	3231109.00
2025/01/07	2.654	2.660	2.635	2.641	1047700	2775617.00
2025/01/08	2.635	2.679	2.635	2.675	2571553	6841809.00
2025/01/09	2.675	2.680	2.669	2.678	779500	2085583.00
2025/01/10	2.680	2.690	2.670	2.683	747953	2006803.00
2025/01/13	2.680	2.682	2.661	2.666	882000	2354674.00
2025/01/14	2.670	2.670	2.629	2.632	297900	787600.00
2025/01/15	2.650	2.661	2.631	2.649	154200	408175.00
2025/01/16	2.645	2.645	2.633	2.639	444745	1172909.00
2025/01/17	2.657	2.693	2.636	2.688	350900	934616.00
2025/01/20	2.681	2.688	2.679	2.686	352900	947553.00
2025/01/21	2.680	2.695	2.680	2.693	668535	1798756.00
2025/01/22	2.694	2.710	2.681	2.704	1530179	4121897.00
2025/01/23	2.718	2.880	2.680	2.822	1693064	4701455.00
2025/01/24	2.907	3.000	2.806	2.945	1926836	5569267.00
2025/01/27	2.950	2.955	2.906	2.938	2397133	7056056.00
2025/02/05	2.938	2.960	2.888	2.960	1630346	4799268.00
2025/02/06	2.956	3.008	2.924	2.990	1354437	4040919.00
2025/02/07	3.016	3.016	2.966	2.990	925000	2766630.00
2025/02/10	2.992	3.050	2.992	3.049	1294777	3912819.00
2025/02/11	3.030	3.096	3.009	3.088	5149900	15885615.00
2025/02/12	3.090	3.146	3.090	3.097	3659600	11412967.00
2025/02/13	3.057	3.109	3.057	3.069	1244490	3836613.00
2025/02/14	3.029	3.080	3.029	3.080	1651369	5059018.00
2025/02/17	3.080	3.125	3.079	3.119	2553300	7930144.00
2025/02/18	3.120	3.127	3.108	3.110	1746800	5443236.00
2025/02/19	3.110	3.127	3.071	3.102	855300	2662638.00
2025/02/20	3.120	3.120	3.072	3.096	776900	2405373.00
2025/02/21	3.096	3.128	3.080	3.085	784600	2441666.00
2025/02/24	3.105	3.118	3.045	3.060	353540	1093604.00
2025/02/25	3.040	3.090	2.981	3.050	2132100	6533555.00
2025/02/26	3.049	3.058	3.029	3.057	1120681	3414492.00
2025/02/27	3.079	3.079	3.018	3.047	860500	2626216.00
2025/02/28	3.059	3.080	2.980	3.001	1296533	3913670.00
2025/03/03	3.000	3.050	2.963	3.030	2638977	7927872.00
2025/03/04	3.062	3.118	3.059	3.099	1273145	3922795.00
2025/03/05	3.110	3.110	3.095	3.100	739090	2290958.00
2025/03/06	3.093	3.110	3.046	3.068	533300	1635550.00
2025/03/07	3.068	3.080	3.034	3.046	252000	767908.00
2025/03/10	3.079	3.079	3.028	3.049	1272700	3880606.00
2025/03/11	3.082	3.082	3.010	3.019	1505325	4573705.00
2025/03/12	3.080	3.080	2.990	3.035	1011600	3052580.00
2025/03/13	3.068	3.069	3.029	3.029	589100	1792035.00
2025/03/14	3.062	3.080	3.009	3.030	1430545	4335716.00
2025/03/17	3.059	3.060	3.016	3.048	384300	1168338.00
2025/03/18	3.076	3.076	3.025	3.068	482900	1473106.00
2025/03/19	3.053	3.100	3.029	3.083	1888400	5791335.00
2025/03/20	3.097	3.103	3.082	3.102	352790	1091656.00
2025/03/21	3.100	3.150	3.076	3.085	1456200	4508426.00
2025/03/24	3.100	3.100	3.040	3.059	1346400	4118330.00
2025/03/25	3.055	3.075	3.016	3.055	3045600	9260564.00
2025/03/26	3.050	3.085	3.027	3.052	1461100	4449432.00
2025/03/27	3.050	3.077	3.017	3.053	2889833	8789162.00
2025/03/28	3.068	3.100	3.055	3.079	2129451	6534074.00
2025/03/31	3.083	3.109	3.070	3.105	766611	2371418.00
2025/04/01	3.100	3.126	3.094	3.105	449945	1397816.00
2025/04/02	3.100	3.140	3.100	3.140	1220368	3804919.00
2025/04/03	3.149	3.200	3.129	3.200	1470361	4629537.00
2025/04/07	3.204	3.519	3.100	3.201	1501700	4739502.00
2025/04/08	3.240	3.240	3.138	3.192	1579900	5010995.00
2025/04/09	3.181	3.242	3.121	3.153	1920300	6040327.00
2025/04/10	3.200	3.200	3.114	3.188	1107100	3522963.00
2025/04/11	3.204	3.239	3.202	3.226	368900	1186389.00
2025/04/14	3.220	3.276	3.199	3.232	998600	3227357.00
2025/04/15	3.215	3.269	3.186	3.265	742700	2384423.00
2025/04/16	3.252	3.319	3.245	3.319	570400	1879308.00
2025/04/17	3.319	3.383	3.318	3.359	666400	2241314.00
2025/04/18	3.395	3.409	3.295	3.297	292200	973423.00
2025/04/21	3.294	3.309	3.210	3.302	874600	2831323.00
2025/04/22	3.310	3.334	3.302	3.324	506900	1680003.00
2025/04/23	3.311	3.340	3.310	3.323	615100	2041925.00
2025/04/24	3.334	3.341	3.306	3.321	329000	1093525.00
2025/04/25	3.308	3.308	3.222	3.260	1013300	3287816.00
2025/04/28	3.259	3.259	3.228	3.228	402500	1302084.00
2025/04/29	3.250	3.290	3.229	3.254	374900	1214955.00
2025/04/30	3.260	3.313	3.233	3.313	560100	1826471.00
2025/05/06	3.324	3.325	3.300	3.321	345447	1145362.00
2025/05/07	3.324	3.350	3.312	3.332	235145	782020.00
2025/05/08	3.340	3.345	3.303	3.318	427700	1418679.00
2025/05/09	3.317	3.317	3.290	3.312	238900	789797.00
2025/05/12	3.323	3.330	3.292	3.330	426760	1416566.00
2025/05/13	3.319	3.340	3.314	3.329	173000	574844.00
2025/05/14	3.335	3.370	3.329	3.369	578800	1942342.00
2025/05/15	3.372	3.400	3.372	3.384	284600	963122.00
2025/05/16	3.398	3.410	3.380	3.393	228400	776224.00
2025/05/19	3.404	3.407	3.387	3.405	58300	198438.00
2025/05/20	3.413	3.428	3.400	3.420	169793	578828.00
2025/05/21	3.420	3.450	3.404	3.449	344100	1178969.00
2025/05/22	3.448	3.505	3.436	3.455	1152600	3995528.00
2025/05/23	3.452	3.515	3.440	3.455	233000	807786.00
2025/05/26	3.469	3.483	3.430	3.450	550200	1897766.00
2025/05/27	3.452	3.475	3.413	3.429	1284500	4419411.00
2025/05/28	3.436	3.440	3.395	3.438	169000	578536.00
2025/05/29	3.443	3.455	3.383	3.439	1644700	5605093.00
2025/05/30	3.436	3.452	3.415	3.445	187800	644256.00
2025/06/03	3.450	3.450	3.418	3.430	203600	699195.00
2025/06/04	3.427	3.443	3.414	3.425	243500	834245.00
2025/06/05	3.437	3.648	3.406	3.557	582800	2010654.00
2025/06/06	3.557	3.605	3.513	3.561	2559500	9062793.00
2025/06/09	3.554	3.587	3.540	3.560	372200	1323889.00
2025/06/10	3.570	3.570	3.520	3.537	305100	1080451.00
2025/06/11	3.523	3.544	3.515	3.543	283800	1002489.00
2025/06/12	3.543	3.555	3.525	3.544	91100	322855.00
2025/06/13	3.555	3.569	3.545	3.548	398817	1418438.00
2025/06/16	3.560	3.666	3.548	3.666	353300	1272088.00
2025/06/17	3.680	3.726	3.620	3.649	1640600	6027825.00
2025/06/18	3.658	3.660	3.634	3.660	394745	1441013.00
2025/06/19	3.669	3.771	3.658	3.702	1617700	5998456.00
2025/06/20	3.687	3.776	3.635	3.705	1820000	6692911.00
2025/06/23	3.690	3.715	3.681	3.682	644300	2378634.00
2025/06/24	3.680	3.680	3.574	3.657	1179645	4285288.00
2025/06/25	3.642	3.660	3.595	3.635	517725	1878668.00
2025/06/26	3.620	3.650	3.605	3.631	322926	1171783.00
2025/06/27	3.646	3.646	3.599	3.631	119200	431773.00
2025/06/30	3.642	3.650	3.615	3.625	97500	353013.00
2025/07/01	3.626	3.626	3.585	3.590	347900	1252158.00
2025/07/02	3.584	3.630	3.574	3.627	619800	2236264.00
2025/07/03	3.642	3.703	3.642	3.665	591958	2174468.00
2025/07/04	3.676	3.676	3.641	3.658	374700	1367851.00
2025/07/07	3.650	3.656	3.590	3.629	212200	768497.00
2025/07/08	3.614	3.630	3.553	3.588	1663300	5948646.00
2025/07/09	3.574	3.595	3.505	3.565	1488500	5278961.00
2025/07/10	3.546	3.565	3.490	3.557	2310300	8121618.00
2025/07/11	3.540	3.549	3.514	3.531	477900	1686718.00
2025/07/14	3.534	3.534	3.503	3.515	321545	1129007.00
2025/07/15	3.504	3.531	3.499	3.528	540200	1898533.00
2025/07/16	3.538	3.552	3.515	3.550	529645	1869287.00
2025/07/17	3.560	3.560	3.529	3.532	804400	2844807.00
2025/07/18	3.520	3.532	3.471	3.486	1009200	3525296.00
2025/07/21	3.480	3.560	3.480	3.560	1206217	4267214.00
2025/07/22	3.548	3.572	3.496	3.572	1340300	4728963.00
2025/07/23	3.558	3.666	3.504	3.665	2470535	8743120.00
2025/07/24	3.581	3.800	3.581	3.763	1232780	4527441.00
2025/07/25	3.748	3.787	3.747	3.782	941500	3545964.00
2025/07/28	3.767	3.793	3.700	3.751	1319923	4938042.00
2025/07/29	3.736	3.750	3.710	3.742	142400	529533.00
2025/07/30	3.749	3.825	3.740	3.825	301100	1134369.00
2025/07/31	3.838	3.924	3.825	3.921	277957	1079927.00
2025/08/01	3.900	3.930	3.875	3.930	374000	1461428.00
2025/08/04	3.946	3.978	3.923	3.923	564200	2221103.00
2025/08/05	3.935	3.976	3.913	3.969	206200	816259.00
2025/08/06	3.953	4.088	3.953	3.989	755800	3027834.00
2025/08/07	3.973	4.010	3.863	3.902	1864253	7311672.00
2025/08/08	3.886	3.910	3.870	3.882	1507400	5873987.00
2025/08/11	3.894	3.910	3.823	3.832	380001	1460688.00
2025/08/12	3.831	3.847	3.768	3.792	1651500	6252479.00
2025/08/13	3.777	3.802	3.747	3.750	721100	2712001.00
2025/08/14	3.765	3.815	3.697	3.737	948551	3520176.00
2025/08/15	3.722	3.751	3.650	3.709	887500	3270256.00
2025/08/18	3.692	3.700	3.599	3.614	473900	1714672.00
2025/08/19	3.592	3.669	3.592	3.605	395800	1429124.00
2025/08/20	3.605	3.749	3.605	3.693	902303	3328266.00
2025/08/21	3.711	3.730	3.669	3.680	697800	2570562.00
2025/08/22	3.662	3.698	3.660	3.694	328579	1209189.00
2025/08/25	3.711	3.799	3.700	3.797	536700	2022549.00
2025/08/26	3.779	3.813	3.744	3.777	2118059	7970452.00
2025/08/27	3.758	3.774	3.725	3.760	2695100	10088656.00
2025/08/28	3.742	3.803	3.735	3.769	856500	3227991.00
2025/08/29	3.751	3.769	3.680	3.744	712200	2653353.00
2025/09/01	3.723	3.723	3.640	3.678	1380300	5071241.00
2025/09/02	3.660	3.670	3.643	3.669	571600	2091100.00
2025/09/03	3.686	3.690	3.645	3.690	741345	2718179.00
2025/09/04	3.672	3.750	3.650	3.681	680900	2497235.00
2025/09/05	3.663	3.700	3.628	3.642	496042	1808175.00
2025/09/08	3.625	3.625	3.555	3.566	885300	3157239.00
2025/09/09	3.566	3.566	3.473	3.528	1943900	6836269.00
2025/09/10	3.507	3.538	3.465	3.481	691200	2407000.00
2025/09/11	3.476	3.516	3.441	3.499	1485256	5164898.00
2025/09/12	3.509	3.514	3.500	3.500	113600	397969.00
2025/09/15	3.500	3.528	3.494	3.528	458300	1607614.00
2025/09/16	3.546	3.546	3.510	3.533	201000	708886.00
2025/09/17	3.533	3.549	3.525	3.537	68100	241109.00
2025/09/18	3.537	3.537	3.526	3.536	205800	727049.00
2025/09/19	3.537	3.595	3.500	3.535	595500	2109454.00
2025/09/22	3.530	3.552	3.524	3.537	890742	3150612.00
2025/09/23	3.554	3.554	3.519	3.538	72800	257195.00
2025/09/24	3.468	3.507	3.428	3.503	251000	873070.00
2025/09/25	3.508	3.508	3.482	3.484	197767	689276.00
2025/09/26	3.493	3.530	3.468	3.522	175767	615073.00
2025/09/29	3.504	3.630	3.504	3.522	280967	1003970.00
2025/09/30	3.523	3.539	3.491	3.506	627900	2202369.00
2025/10/09	3.524	3.542	3.488	3.491	111700	390735.00
2025/10/10	3.490	3.509	3.480	3.485	343100	1198830.00
2025/10/13	3.485	3.485	3.468	3.485	94053	327646.00
2025/10/14	3.503	3.506	3.473	3.476	510600	1774980.00
2025/10/15	3.494	3.494	3.421	3.422	302500	1046127.00
2025/10/16	3.431	3.436	3.387	3.388	394700	1342880.00
2025/10/17	3.405	3.456	3.352	3.364	534800	1801426.00
2025/10/20	3.364	3.364	3.313	3.353	2160900	7226499.00
2025/10/21	3.370	3.380	3.327	3.327	205700	686408.00
2025/10/22	3.340	3.394	3.319	3.336	781900	2612469.00
2025/10/23	3.336	3.355	3.310	3.322	1361800	4525464.00
2025/10/24	3.322	3.400	3.315	3.326	2951500	9809960.00
2025/10/27	3.340	3.350	3.258	3.281	1738200	5704599.00
2025/10/28	3.276	3.314	3.275	3.276	1749900	5747285.00
2025/10/29	3.293	3.407	3.273	3.399	2584964	8520410.00
2025/10/30	3.403	3.433	3.365	3.380	402000	1358046.00
2025/10/31	3.380	3.397	3.305	3.328	949663	3162280.00
2025/11/03	3.324	3.346	3.295	3.296	361400	1193505.00
2025/11/04	3.276	3.276	3.148	3.212	1743500	5585274.00
2025/11/05	3.230	3.250	3.166	3.215	1139500	3642598.00
2025/11/06	3.216	3.280	3.215	3.254	556900	1806272.00
2025/11/07	3.253	3.305	3.175	3.244	2304700	7439473.00
2025/11/10	3.226	3.244	3.200	3.222	451500	1451539.00
2025/11/11	3.239	3.239	3.190	3.221	445800	1434184.00
2025/11/12	3.222	3.222	3.219	3.220	459100	1478489.00
2025/11/13	3.236	3.236	3.221	3.229	730790	2354906.00
2025/11/14	3.235	3.332	3.210	3.316	554190	1799494.00
2025/11/17	3.318	3.348	3.315	3.327	1000200	3318613.00
2025/11/18	3.335	3.335	3.308	3.322	626500	2078656.00
2025/11/19	3.314	3.340	3.294	3.313	1820100	6014703.00
2025/11/20	3.293	3.329	3.293	3.310	123100	406742.00
2025/11/21	3.310	3.328	3.247	3.293	402200	1320328.00
2025/11/24	3.273	3.326	3.256	3.266	1078200	3523823.00
2025/11/25	3.286	3.286	3.246	3.258	393600	1280564.00
2025/11/26	3.276	3.316	3.245	3.316	820500	2686455.00
2025/11/27	3.323	3.343	3.249	3.294	312100	1024971.00
2025/11/28	3.272	3.313	3.251	3.275	415800	1362135.00
2025/12/01	3.286	3.286	3.222	3.272	246600	805067.00
2025/12/02	3.273	3.367	3.256	3.270	421700	1390816.00
2025/12/03	3.271	3.350	3.259	3.276	399200	1316899.00
2025/12/04	3.256	3.290	3.256	3.281	51200	167864.00
2025/12/05	3.261	3.281	3.234	3.261	243400	792575.00
2025/12/08	3.259	3.270	3.200	3.239	667600	2152364.00
2025/12/09	3.240	3.257	3.199	3.228	411900	1329867.00
2025/12/10	3.229	3.293	3.201	3.270	483690	1558697.00
2025/12/11	3.271	3.347	3.250	3.282	496200	1635014.00
2025/12/12	3.283	3.367	3.283	3.324	619600	2057124.00
2025/12/15	3.320	3.350	3.306	3.319	417700	1385648.00
2025/12/16	3.322	3.418	3.286	3.350	1059100	3551536.00
2025/12/17	3.328	3.328	3.295	3.297	235700	778438.00
2025/12/18	3.299	3.323	3.280	3.294	641900	2119753.00
2025/12/19	3.296	3.331	3.179	3.285	740100	2430649.00
2025/12/22	3.288	3.321	3.285	3.319	197100	652376.00
2025/12/23	3.322	3.340	3.300	3.304	134300	444758.00
2025/12/24	3.306	3.473	3.306	3.471	1695000	5679306.00
2025/12/25	3.443	3.571	3.443	3.509	1874600	6590876.00
2025/12/26	3.513	3.549	3.470	3.480	721300	2514081.00
2025/12/29	3.483	3.500	3.342	3.457	850100	2887154.00
2025/12/30	3.417	3.500	3.407	3.433	254500	875582.00
2025/12/31	3.436	3.452	3.393	3.419	413600	1412532.00
2026/01/05	3.418	3.420	3.385	3.402	1115100	3788108.00
2026/01/06	3.405	3.504	3.141	3.412	1028100	3512021.00
2026/01/07	3.414	3.535	3.386	3.493	3193300	10947233.00
2026/01/08	3.495	3.525	3.453	3.488	779200	2726885.00
2026/01/09	3.490	3.504	3.392	3.451	630400	2178871.00
2026/01/12	3.444	3.499	3.411	3.499	371300	1284602.00
2026/01/13	3.503	3.529	3.464	3.485	642153	2243513.00
2026/01/14	3.486	3.499	3.411	3.489	725100	2510011.00
2026/01/15	3.490	3.490	3.449	3.471	383400	1328841.00
2026/01/16	3.471	3.480	3.431	3.461	349500	1209707.00
2026/01/19	3.440	3.465	3.421	3.459	218600	754786.00
2026/01/20	3.465	3.475	3.452	3.453	843600	2918741.00
2026/01/21	3.432	3.470	3.432	3.454	906300	3132595.00
2026/01/22	3.424	3.566	3.424	3.517	1835300	6447754.00
2026/01/23	3.500	3.580	3.479	3.522	960900	3372852.00
2026/01/26	3.523	3.606	3.467	3.557	593600	2085220.00
2026/01/27	3.553	3.553	3.492	3.507	1007800	3541430.00
2026/01/28	3.493	3.591	3.487	3.569	789300	2792130.00
2026/01/29	3.576	3.692	3.569	3.666	581200	2106477.00
2026/01/30	3.673	3.770	3.669	3.696	574000	2135825.00
2026/02/02	3.700	3.778	3.595	3.734	547180	1986250.00
2026/02/03	3.734	3.735	3.665	3.716	633500	2348989.00
2026/02/04	3.716	3.796	3.674	3.719	836100	3101695.00
2026/02/05	3.719	3.783	3.660	3.705	699900	2589534.00
2026/02/06	3.705	3.709	3.636	3.671	689900	2537010.00
2026/02/09	3.673	3.697	3.639	3.660	199100	727520.00
2026/02/10	3.663	3.718	3.660	3.715	284100	1048877.00
2026/02/11	3.719	3.759	3.699	3.723	727800	2708126.00
2026/02/12	3.729	3.839	3.700	3.739	525300	1971944.00
2026/02/13	3.745	3.799	3.666	3.702	2126600	7878522.00
2026/02/24	3.703	3.710	3.628	3.666	501900	1839693.00
2026/02/25	3.660	3.670	3.629	3.648	619200	2259756.00
2026/02/26	3.656	3.684	3.561	3.654	1062900	3834239.00
2026/02/27	3.655	3.655	3.577	3.617	2238133	8075473.00
2026/03/02	3.619	3.639	3.606	3.620	943400	3420344.00
2026/03/03	3.626	3.680	3.551	3.669	1324600	4782819.00
2026/03/04	3.666	3.669	3.615	3.648	828400	3013144.00
2026/03/05	3.612	3.679	3.605	3.629	876400	3175171.00
2026/03/06	3.638	3.650	3.498	3.634	1584400	5664047.00
2026/03/09	3.594	3.614	3.546	3.564	479200	1706989.00
2026/03/10	3.568	3.589	3.562	3.574	511500	1826480.00
2026/03/11	3.580	3.595	3.558	3.562	472300	1684159.00
2026/03/12	3.567	3.567	3.489	3.496	893000	3134973.00
2026/03/13	3.496	3.540	3.423	3.446	743800	2599292.00
2026/03/16	3.458	3.458	3.301	3.395	892200	3000159.00
2026/03/17	3.395	3.555	3.355	3.500	1382300	4731152.00
2026/03/18	3.515	3.515	3.483	3.496	264500	926438.00
2026/03/19	3.503	3.540	3.495	3.500	527600	1856512.00
2026/03/20	3.506	3.525	3.467	3.477	157900	549883.00
2026/03/23	3.480	3.560	3.386	3.441	1557400	5333956.00
2026/03/24	3.443	3.480	3.401	3.465	341400	1178103.00
2026/04/03	3.463	3.463	3.430	3.455	281900	974507.00
#Ъ§ОнРДдД:ЭЈДяаХ
