508068 ЛЊЯФББОЉБЃеЯЗПRE ШеЯп ВЛИДШЈ
      ШеЦк	    ПЊХЬ	    зюИп	    зюЕЭ	    ЪеХЬ	    ГЩНЛСП	    ГЩНЛЖю
2022/08/31	3.263	3.263	3.263	3.263	19047281	62151280.00
2022/09/01	3.360	3.450	3.263	3.414	47591543	160928336.00
2022/09/02	3.415	3.418	3.387	3.389	8889313	30197000.00
2022/09/05	3.391	3.400	3.357	3.378	3099496	10469980.00
2022/09/06	3.376	3.376	3.350	3.372	3839828	12926218.00
2022/09/07	3.380	3.386	3.370	3.381	1849114	6250318.00
2022/09/08	3.385	3.390	3.385	3.387	2367302	8019731.00
2022/09/09	3.387	3.406	3.387	3.402	2025895	6881873.00
2022/09/13	3.406	3.417	3.391	3.395	2586328	8801267.00
2022/09/14	3.391	3.407	3.377	3.392	2984159	10124567.00
2022/09/15	3.391	3.400	3.386	3.393	2304182	7811116.00
2022/09/16	3.393	3.399	3.387	3.391	3390412	11500387.00
2022/09/19	3.391	3.399	3.379	3.385	2692533	9123958.00
2022/09/20	3.385	3.391	3.373	3.374	3381454	11429760.00
2022/09/21	3.373	3.376	3.356	3.373	3090268	10416239.00
2022/09/22	3.373	3.380	3.366	3.379	1589918	5367991.00
2022/09/23	3.379	3.394	3.372	3.387	3274979	11086225.00
2022/09/26	3.389	3.391	3.375	3.379	2784705	9410865.00
2022/09/27	3.379	3.385	3.368	3.382	5082311	17154716.00
2022/09/28	3.382	3.390	3.368	3.383	1798764	6085197.00
2022/09/29	3.383	3.387	3.372	3.374	3167232	10702152.00
2022/09/30	3.374	3.393	3.370	3.380	2833239	9577284.00
2022/10/10	3.380	3.380	3.330	3.342	2226413	7469917.00
2022/10/11	3.342	3.350	3.263	3.282	3026686	9917508.00
2022/10/12	3.276	3.285	3.262	3.277	1903979	6232042.00
2022/10/13	3.258	3.300	3.258	3.292	2156968	7074237.00
2022/10/14	3.288	3.321	3.263	3.301	1305279	4294333.00
2022/10/17	3.302	3.319	3.302	3.302	785274	2595796.00
2022/10/18	3.302	3.310	3.298	3.302	1139065	3763102.00
2022/10/19	3.301	3.308	3.288	3.291	865365	2853667.00
2022/10/20	3.290	3.308	3.266	3.271	1357838	4467168.00
2022/10/21	3.271	3.272	3.235	3.240	2084904	6778296.00
2022/10/24	3.240	3.269	3.195	3.215	2136246	6862091.00
2022/10/25	3.231	3.231	3.178	3.188	1362114	4348298.00
2022/10/26	3.187	3.211	3.100	3.185	1328506	4228070.00
2022/10/27	3.191	3.293	3.191	3.233	3632835	11751907.00
2022/10/28	3.233	3.261	3.201	3.210	2095394	6773231.00
2022/10/31	3.210	3.226	3.128	3.199	3328688	10536198.00
2022/11/01	3.195	3.241	3.166	3.219	1532753	4933369.00
2022/11/02	3.220	3.268	3.220	3.256	1210394	3926468.00
2022/11/03	3.256	3.262	3.217	3.241	1739442	5642316.00
2022/11/04	3.241	3.297	3.241	3.290	2869445	9397909.00
2022/11/07	3.286	3.305	3.266	3.279	2079651	6838094.00
2022/11/08	3.278	3.286	3.249	3.272	717325	2345163.00
2022/11/09	3.272	3.307	3.247	3.255	1698615	5583376.00
2022/11/10	3.253	3.263	3.240	3.262	787945	2558145.00
2022/11/11	3.270	3.300	3.240	3.264	1108281	3617198.00
2022/11/14	3.246	3.259	3.228	3.245	1275631	4136848.00
2022/11/15	3.245	3.260	3.203	3.206	1106945	3573567.00
2022/11/16	3.204	3.205	2.950	3.035	2763150	8726210.00
2022/11/17	3.126	3.201	3.051	3.156	4927564	15587659.00
2022/11/18	3.149	3.149	3.055	3.136	2566060	7968500.00
2022/11/21	3.100	3.153	3.100	3.137	932295	2919693.00
2022/11/22	3.134	3.151	3.097	3.121	484749	1518325.00
2022/11/23	3.121	3.122	3.099	3.101	834798	2594298.00
2022/11/24	3.101	3.101	3.068	3.075	1461248	4513493.00
2022/11/25	3.075	3.098	3.075	3.081	1004559	3098711.00
2022/11/28	3.081	3.085	3.073	3.074	359674	1107023.00
2022/11/29	3.074	3.089	3.064	3.078	1378367	4243441.00
2022/11/30	3.077	3.077	3.066	3.070	447982	1376057.00
2022/12/01	3.070	3.094	3.060	3.085	726116	2237976.00
2022/12/02	3.084	3.131	3.084	3.116	1578280	4905730.00
2022/12/05	3.115	3.200	3.115	3.168	1387338	4392150.00
2022/12/06	3.168	3.189	3.152	3.166	1553429	4918278.00
2022/12/07	3.167	3.170	3.151	3.156	891240	2811431.00
2022/12/08	3.156	3.191	3.147	3.156	1311588	4142058.00
2022/12/09	3.155	3.158	3.133	3.137	968521	3043706.00
2022/12/12	3.133	3.133	3.117	3.119	718944	2244165.00
2022/12/13	3.119	3.119	3.088	3.093	743978	2305320.00
2022/12/14	3.089	3.095	3.085	3.086	283778	876089.00
2022/12/15	3.085	3.096	3.085	3.091	336113	1038744.00
2022/12/16	3.091	3.093	3.075	3.092	471695	1457546.00
2022/12/19	3.092	3.092	3.056	3.059	1028555	3153605.00
2022/12/20	3.059	3.059	2.991	3.000	1768991	5325102.00
2022/12/21	3.000	3.000	2.916	2.934	3529117	10424458.00
2022/12/22	2.934	2.934	2.916	2.929	3560928	10423571.00
2022/12/23	2.925	2.975	2.920	2.970	2016086	5965815.00
2022/12/26	2.999	2.999	2.959	2.968	2557154	7588805.00
2022/12/27	2.922	2.971	2.922	2.934	3292675	9719743.00
2022/12/28	2.933	2.934	2.906	2.913	3227621	9411211.00
2022/12/29	2.913	2.933	2.819	2.867	4755644	13683299.00
2022/12/30	2.863	2.863	2.812	2.845	3942411	11167760.00
2023/01/03	2.843	2.843	2.815	2.824	3048440	8614161.00
2023/01/04	2.824	2.824	2.805	2.816	2688719	7573008.00
2023/01/05	2.810	2.839	2.793	2.810	3196502	8972688.00
2023/01/06	2.810	2.871	2.806	2.840	3119137	8850299.00
2023/01/09	2.840	2.859	2.832	2.837	2850580	8096648.00
2023/01/10	2.840	2.848	2.831	2.841	1975191	5609603.00
2023/01/11	2.841	2.854	2.836	2.850	2578680	7342874.00
2023/01/12	2.850	2.878	2.839	2.847	1772644	5052772.00
2023/01/13	2.847	2.858	2.820	2.833	1277342	3623836.00
2023/01/16	2.838	2.838	2.816	2.823	4058500	11461855.00
2023/01/17	2.823	2.823	2.799	2.817	3821470	10750687.00
2023/01/18	2.818	2.846	2.792	2.829	4059704	11450008.00
2023/01/19	2.833	2.833	2.793	2.821	4138113	11658205.00
2023/01/20	2.821	2.837	2.816	2.833	1864023	5275429.00
2023/01/30	2.834	2.854	2.834	2.850	2979686	8484479.00
2023/01/31	2.850	2.907	2.849	2.879	5852576	16861532.00
2023/02/01	2.879	2.950	2.876	2.936	5466530	15898676.00
2023/02/02	2.936	2.950	2.911	2.936	2996925	8802562.00
2023/02/03	2.936	2.955	2.913	2.954	3977606	11647450.00
2023/02/06	2.955	2.980	2.900	2.959	3593225	10659947.00
2023/02/07	2.955	2.958	2.940	2.949	3015172	8894138.00
2023/02/08	2.949	2.967	2.930	2.949	3635793	10726755.00
2023/02/09	2.949	2.964	2.931	2.950	3276874	9676074.00
2023/02/10	2.950	2.965	2.942	2.957	2670761	7896899.00
2023/02/13	2.957	2.984	2.948	2.970	3471665	10320490.00
2023/02/14	2.970	2.996	2.960	2.992	3498890	10437047.00
2023/02/15	2.992	3.022	2.962	2.991	4932902	14786779.00
2023/02/16	2.989	2.991	2.962	2.972	2938404	8745548.00
2023/02/17	2.972	2.998	2.962	2.995	3423043	10222097.00
2023/02/20	2.995	3.002	2.975	2.995	3149884	9426847.00
2023/02/21	2.995	3.022	2.985	3.007	4674428	14057316.00
2023/02/22	3.002	3.043	2.980	3.002	4594380	13814606.00
2023/02/23	3.002	3.007	2.969	2.999	1714236	5142382.00
2023/02/24	3.001	3.014	2.960	2.970	4650139	13861262.00
2023/02/27	2.968	2.981	2.946	2.965	5992447	17776792.00
2023/02/28	2.965	2.971	2.929	2.948	3602068	10624744.00
2023/03/01	2.948	2.973	2.928	2.951	3931660	11601899.00
2023/03/02	2.950	2.974	2.927	2.951	3928233	11598816.00
2023/03/03	2.947	2.966	2.931	2.941	4138965	12196125.00
2023/03/06	2.942	2.942	2.916	2.928	3854534	11287998.00
2023/03/07	2.927	2.938	2.896	2.899	3996067	11662027.00
2023/03/08	2.898	2.904	2.878	2.885	3545209	10246084.00
2023/03/09	2.884	2.900	2.880	2.886	2831600	8172581.00
2023/03/10	2.886	2.898	2.881	2.884	3485359	10056788.00
2023/03/13	2.854	2.892	2.854	2.887	3081258	8890032.00
2023/03/14	2.887	2.899	2.872	2.893	4339003	12538444.00
2023/03/15	2.893	2.919	2.893	2.895	2901784	8412873.00
2023/03/16	2.893	2.897	2.875	2.890	1765599	5106791.00
2023/03/17	2.892	2.908	2.882	2.886	2356550	6803757.00
2023/03/20	2.886	2.904	2.874	2.877	2446020	7053087.00
2023/03/21	2.877	2.883	2.861	2.870	2284859	6562387.00
2023/03/22	2.870	2.874	2.844	2.860	2995191	8559685.00
2023/03/23	2.858	2.867	2.855	2.863	1472801	4212950.00
2023/03/24	2.863	2.863	2.840	2.855	1842712	5260131.00
2023/03/27	2.854	2.868	2.840	2.863	2877098	8232449.00
2023/03/28	2.865	2.879	2.859	2.865	1757657	5040015.00
2023/03/29	2.863	2.863	2.820	2.845	2569603	7302466.00
2023/03/30	2.840	2.857	2.805	2.822	2901926	8199949.00
2023/03/31	2.825	2.877	2.824	2.870	4647424	13255077.00
2023/04/03	2.870	2.870	2.805	2.861	3830587	10951308.00
2023/04/04	2.859	2.874	2.847	2.857	3681559	10540660.00
2023/04/06	2.857	2.858	2.822	2.844	2647384	7528593.00
2023/04/07	2.844	2.853	2.835	2.851	2264044	6440452.00
2023/04/10	2.853	2.867	2.838	2.848	1308967	3730380.00
2023/04/11	2.832	2.848	2.830	2.845	2520173	7159549.00
2023/04/12	2.832	2.846	2.823	2.830	1769459	5016301.00
2023/04/13	2.822	2.844	2.810	2.830	4136868	11674463.00
2023/04/14	2.832	2.843	2.820	2.831	2464027	6978828.00
2023/04/17	2.835	2.863	2.831	2.855	2938748	8360233.00
2023/04/18	2.859	2.895	2.859	2.881	3638825	10471991.00
2023/04/19	2.850	2.867	2.828	2.839	2830614	8042150.00
2023/04/20	2.839	2.850	2.810	2.834	3437536	9742559.00
2023/04/21	2.834	2.852	2.813	2.823	3045838	8626201.00
2023/04/24	2.817	2.833	2.814	2.825	3189630	9002863.00
2023/04/25	2.825	2.831	2.812	2.824	1867262	5268820.00
2023/04/26	2.819	2.824	2.800	2.800	1568854	4417397.00
2023/04/27	2.800	2.809	2.767	2.795	2013270	5609058.00
2023/04/28	2.789	2.795	2.758	2.789	4225699	11730737.00
2023/05/04	2.784	2.784	2.736	2.753	5270202	14535762.00
2023/05/05	2.743	2.743	2.687	2.713	4789421	12977112.00
2023/05/08	2.713	2.715	2.684	2.688	1181330	3180167.00
2023/05/09	2.689	2.704	2.679	2.692	2609494	7015160.00
2023/05/10	2.691	2.752	2.687	2.745	2756763	7525301.00
2023/05/11	2.746	2.780	2.733	2.755	3197182	8819526.00
2023/05/12	2.741	2.782	2.716	2.776	4192279	11482784.00
2023/05/15	2.775	2.788	2.734	2.760	4439306	12263056.00
2023/05/16	2.757	2.764	2.742	2.755	1572166	4334708.00
2023/05/17	2.755	2.774	2.723	2.744	3095508	8500886.00
2023/05/18	2.746	2.752	2.710	2.733	3416810	9305243.00
2023/05/19	2.733	2.738	2.690	2.709	3855195	10420254.00
2023/05/22	2.702	2.704	2.679	2.700	2947257	7925849.00
2023/05/23	2.699	2.700	2.671	2.695	1864268	5013188.00
2023/05/24	2.691	2.702	2.661	2.693	3488342	9362443.00
2023/05/25	2.693	2.707	2.656	2.668	4666655	12451460.00
2023/05/26	2.661	2.668	2.650	2.666	1881698	5004106.00
2023/05/29	2.666	2.669	2.651	2.662	865827	2303794.00
2023/05/30	2.662	2.662	2.638	2.650	2169570	5746917.00
2023/05/31	2.653	2.653	2.610	2.625	2416434	6346208.00
2023/06/01	2.625	2.625	2.586	2.601	2228797	5787398.00
2023/06/02	2.598	2.617	2.570	2.617	4010356	10398274.00
2023/06/05	2.617	2.617	2.569	2.583	3080160	7957113.00
2023/06/06	2.583	2.583	2.525	2.550	1490590	3782046.00
2023/06/07	2.541	2.558	2.536	2.557	1896763	4831008.00
2023/06/08	2.557	2.610	2.555	2.604	2227787	5750012.00
2023/06/09	2.605	2.610	2.600	2.603	1474888	3842994.00
2023/06/12	2.565	2.597	2.565	2.591	1255218	3245119.00
2023/06/13	2.576	2.591	2.575	2.575	1799350	4649909.00
2023/06/14	2.575	2.576	2.566	2.572	1747651	4491889.00
2023/06/15	2.565	2.581	2.552	2.575	1124453	2897318.00
2023/06/16	2.576	2.590	2.576	2.584	1168797	3019100.00
2023/06/19	2.584	2.584	2.579	2.580	595544	1536952.00
2023/06/20	2.582	2.582	2.570	2.571	1018842	2623899.00
2023/06/21	2.553	2.568	2.551	2.556	861189	2201231.00
2023/06/26	2.515	2.565	2.515	2.529	1773439	4513810.00
2023/06/27	2.532	2.550	2.526	2.538	3241786	8226820.00
2023/06/28	2.538	2.539	2.505	2.531	3449378	8707039.00
2023/06/29	2.531	2.531	2.497	2.515	2954278	7417636.00
2023/06/30	2.505	2.519	2.505	2.516	2071773	5207990.00
2023/07/03	2.510	2.516	2.500	2.516	2126643	5330646.00
2023/07/04	2.516	2.519	2.502	2.512	2042056	5119109.00
2023/07/05	2.512	2.530	2.505	2.513	2572526	6477785.00
2023/07/06	2.521	2.576	2.514	2.569	2711447	6892722.00
2023/07/07	2.570	2.625	2.543	2.606	2788294	7261046.00
2023/07/10	2.606	2.623	2.603	2.603	1331830	3477412.00
2023/07/11	2.597	2.612	2.583	2.604	1375080	3569829.00
2023/07/12	2.597	2.604	2.587	2.590	388902	1007847.00
2023/07/13	2.577	2.598	2.577	2.597	1063413	2751188.00
2023/07/14	2.591	2.620	2.591	2.607	2062406	5391516.00
2023/07/17	2.620	2.638	2.607	2.631	2127991	5596581.00
2023/07/18	2.645	2.660	2.625	2.648	4144330	10947536.00
2023/07/19	2.648	2.648	2.603	2.622	4604850	12068881.00
2023/07/20	2.606	2.649	2.585	2.639	2993375	7808212.00
2023/07/21	2.628	2.681	2.620	2.679	2867959	7612601.00
2023/07/24	2.682	2.706	2.640	2.699	4972570	13332582.00
2023/07/25	2.699	2.723	2.681	2.713	4364571	11819105.00
2023/07/26	2.709	2.749	2.681	2.747	3253187	8829974.00
2023/07/27	2.747	2.747	2.713	2.737	2329491	6356935.00
2023/07/28	2.723	2.757	2.716	2.751	3257912	8902891.00
2023/07/31	2.751	2.810	2.751	2.798	4438168	12329756.00
2023/08/01	2.789	2.830	2.750	2.751	5266246	14756895.00
2023/08/02	2.751	2.782	2.751	2.752	3877600	10710289.00
2023/08/03	2.752	2.780	2.728	2.753	4014028	11066781.00
2023/08/04	2.735	2.763	2.710	2.750	6167163	16882804.00
2023/08/07	2.736	2.750	2.729	2.740	4314299	11822221.00
2023/08/08	2.741	2.757	2.728	2.737	3892803	10676337.00
2023/08/09	2.737	2.761	2.734	2.756	5017578	13775303.00
2023/08/10	2.758	2.790	2.736	2.780	6500268	17961520.00
2023/08/11	2.785	2.796	2.768	2.788	3755702	10463617.00
2023/08/14	2.787	2.803	2.750	2.796	3054015	8483940.00
2023/08/15	2.796	2.816	2.783	2.790	2446191	6841911.00
2023/08/16	2.790	2.801	2.773	2.784	2761224	7683359.00
2023/08/17	2.785	2.791	2.780	2.783	1851789	5153891.00
2023/08/18	2.789	2.815	2.781	2.814	3805404	10618663.00
2023/08/21	2.825	2.825	2.700	2.795	2548350	7126331.00
2023/08/22	2.788	2.788	2.700	2.747	4177724	11501789.00
2023/08/23	2.740	2.757	2.731	2.739	4494966	12336741.00
2023/08/24	2.727	2.820	2.724	2.790	2703150	7406809.00
2023/08/25	2.780	2.818	2.741	2.791	2229465	6224147.00
2023/08/28	2.784	2.820	2.781	2.805	2598868	7279861.00
2023/08/29	2.805	2.805	2.734	2.786	3461182	9594447.00
2023/08/30	2.774	2.789	2.746	2.783	3003627	8311806.00
2023/08/31	2.767	2.788	2.765	2.787	1156685	3214405.00
2023/09/01	2.787	2.800	2.768	2.783	2019596	5625219.00
2023/09/04	2.782	2.782	2.749	2.751	2358997	6506086.00
2023/09/05	2.738	2.806	2.738	2.772	2990681	8272623.00
2023/09/06	2.761	2.795	2.761	2.780	1962786	5446515.00
2023/09/07	2.780	2.795	2.749	2.769	3220952	8946317.00
2023/09/08	2.757	2.784	2.757	2.775	2814559	7796778.00
2023/09/11	2.773	2.783	2.765	2.775	2475995	6873843.00
2023/09/12	2.781	2.794	2.774	2.786	2150485	5992254.00
2023/09/13	2.786	2.801	2.767	2.790	2966834	8265027.00
2023/09/14	2.790	2.804	2.770	2.785	2529274	7051572.00
2023/09/15	2.785	2.785	2.770	2.773	1715722	4764767.00
2023/09/18	2.773	2.773	2.756	2.765	1381617	3821270.00
2023/09/19	2.750	2.777	2.750	2.771	1144190	3165068.00
2023/09/20	2.769	2.774	2.760	2.767	1010878	2800045.00
2023/09/21	2.764	2.781	2.760	2.774	1469362	4073228.00
2023/09/22	2.764	2.776	2.763	2.769	1111724	3079103.00
2023/09/25	2.769	2.797	2.752	2.772	1342812	3731151.00
2023/09/26	2.764	2.782	2.760	2.780	1027484	2847659.00
2023/09/27	2.774	2.785	2.769	2.775	1451517	4034037.00
2023/09/28	2.769	2.800	2.768	2.775	2977943	8279698.00
2023/10/09	2.777	2.778	2.761	2.765	1163105	3220042.00
2023/10/10	2.762	2.771	2.761	2.765	1233114	3408840.00
2023/10/11	2.767	2.775	2.763	2.770	1679256	4651304.00
2023/10/12	2.767	2.777	2.759	2.773	1032511	2862781.00
2023/10/13	2.760	2.772	2.760	2.765	1693680	4683369.00
2023/10/16	2.732	2.732	2.687	2.710	1562983	4229424.00
2023/10/17	2.696	2.704	2.670	2.676	3056668	8208848.00
2023/10/18	2.675	2.675	2.633	2.665	1390729	3683473.00
2023/10/19	2.656	2.656	2.632	2.644	1328426	3506342.00
2023/10/20	2.615	2.649	2.609	2.612	1404898	3686318.00
2023/10/23	2.590	2.613	2.590	2.610	1216055	3159723.00
2023/10/24	2.610	2.635	2.594	2.633	1212853	3170295.00
2023/10/25	2.639	2.737	2.634	2.685	1384815	3711188.00
2023/10/26	2.685	2.700	2.685	2.685	1314478	3535511.00
2023/10/27	2.685	2.710	2.681	2.693	479477	1290615.00
2023/10/30	2.693	2.722	2.668	2.684	1338374	3617775.00
2023/10/31	2.687	2.697	2.663	2.690	889405	2388696.00
2023/11/01	2.690	2.690	2.640	2.665	897491	2391755.00
2023/11/02	2.665	2.665	2.630	2.659	736556	1951385.00
2023/11/03	2.657	2.660	2.644	2.651	511613	1356930.00
2023/11/06	2.657	2.657	2.630	2.646	499067	1316811.00
2023/11/07	2.625	2.675	2.625	2.660	1545232	4114809.00
2023/11/08	2.640	2.683	2.640	2.675	1287135	3442752.00
2023/11/09	2.675	2.697	2.673	2.689	1463782	3936672.00
2023/11/10	2.686	2.696	2.663	2.667	3145277	8428305.00
2023/11/13	2.666	2.686	2.651	2.653	915485	2445705.00
2023/11/14	2.653	2.682	2.653	2.659	2660980	7070119.00
2023/11/15	2.657	2.675	2.652	2.653	1145955	3051128.00
2023/11/16	2.653	2.658	2.641	2.647	316165	837203.00
2023/11/17	2.638	2.652	2.638	2.648	67421	178639.00
2023/11/20	2.645	2.649	2.638	2.649	318172	841900.00
2023/11/21	2.657	2.657	2.635	2.640	499549	1318162.00
2023/11/22	2.638	2.649	2.630	2.634	1589522	4188856.00
2023/11/23	2.634	2.642	2.596	2.606	2290261	5976442.00
2023/11/24	2.599	2.603	2.577	2.596	3006556	7780623.00
2023/11/27	2.596	2.596	2.542	2.548	809582	2078918.00
2023/11/28	2.540	2.570	2.537	2.568	1076750	2746086.00
2023/11/29	2.572	2.581	2.547	2.578	887357	2269753.00
2023/11/30	2.565	2.611	2.540	2.563	2140605	5513693.00
2023/12/01	2.550	2.582	2.544	2.580	1814018	4651706.00
2023/12/04	2.580	2.636	2.580	2.628	1899005	4939275.00
2023/12/05	2.618	2.620	2.591	2.611	1812828	4720249.00
2023/12/06	2.611	2.637	2.595	2.619	774094	2028162.00
2023/12/07	2.618	2.618	2.607	2.613	239885	626646.00
2023/12/08	2.612	2.622	2.595	2.595	820668	2140449.00
2023/12/11	2.595	2.599	2.570	2.573	1123278	2906303.00
2023/12/12	2.572	2.599	2.546	2.546	822775	2116079.00
2023/12/13	2.542	2.586	2.539	2.561	622487	1593918.00
2023/12/14	2.549	2.569	2.548	2.553	637034	1626599.00
2023/12/15	2.554	2.564	2.541	2.547	557774	1421984.00
2023/12/18	2.547	2.556	2.528	2.546	529797	1343744.00
2023/12/19	2.560	2.560	2.507	2.510	3510708	8857855.00
2023/12/20	2.510	2.533	2.462	2.516	3732488	9280347.00
2023/12/21	2.516	2.550	2.507	2.538	4777952	12114902.00
2023/12/22	2.538	2.611	2.533	2.565	5066007	13046692.00
2023/12/25	2.565	2.566	2.522	2.553	5780402	14694423.00
2023/12/26	2.546	2.598	2.513	2.528	4447354	11409597.00
2023/12/27	2.528	2.584	2.502	2.527	4649085	11791075.00
2023/12/28	2.507	2.561	2.507	2.517	2983048	7565833.00
2023/12/29	2.517	2.540	2.502	2.538	2728694	6901214.00
2024/01/02	2.530	2.567	2.518	2.520	2877548	7317642.00
2024/01/03	2.512	2.558	2.501	2.510	3066803	7746882.00
2024/01/04	2.520	2.520	2.457	2.500	7210278	17921840.00
2024/01/05	2.494	2.508	2.487	2.503	3495082	8726378.00
2024/01/08	2.488	2.533	2.488	2.528	3088435	7775292.00
2024/01/09	2.526	2.531	2.501	2.510	3525465	8848217.00
2024/01/10	2.509	2.509	2.445	2.465	4316885	10613972.00
2024/01/11	2.465	2.491	2.428	2.431	4283548	10476569.00
2024/01/12	2.439	2.439	2.415	2.419	3115540	7561654.00
2024/01/15	2.419	2.430	2.407	2.425	3091831	7462687.00
2024/01/16	2.418	2.480	2.418	2.477	3202855	7835778.00
2024/01/17	2.479	2.567	2.477	2.540	3716961	9442431.00
2024/01/18	2.540	2.549	2.470	2.495	2784931	6918189.00
2024/01/19	2.479	2.550	2.478	2.549	2040605	5133268.00
2024/01/22	2.553	2.562	2.518	2.539	2521272	6437835.00
2024/01/23	2.539	2.557	2.521	2.541	2241106	5706927.00
2024/01/24	2.541	2.570	2.541	2.560	3052010	7817820.00
2024/01/25	2.565	2.598	2.555	2.593	1346883	3480391.00
2024/01/26	2.588	2.610	2.567	2.601	900119	2333439.00
2024/01/29	2.601	2.614	2.587	2.601	2762869	7189808.00
2024/01/30	2.601	2.607	2.580	2.592	2238916	5808143.00
2024/01/31	2.570	2.616	2.567	2.616	2585572	6711703.00
2024/02/01	2.616	2.632	2.585	2.629	1178151	3063665.00
2024/02/02	2.618	2.635	2.606	2.629	3095709	8135697.00
2024/02/05	2.620	2.630	2.588	2.600	5029030	13135233.00
2024/02/06	2.594	2.645	2.565	2.635	2954549	7757463.00
2024/02/07	2.630	2.650	2.621	2.635	3347424	8811463.00
2024/02/08	2.645	2.650	2.620	2.634	2766831	7291559.00
2024/02/19	2.630	2.749	2.620	2.733	3405254	9191310.00
2024/02/20	2.733	2.784	2.711	2.721	3355169	9270202.00
2024/02/21	2.729	2.740	2.720	2.728	5430949	14827737.00
2024/02/22	2.728	2.750	2.723	2.750	3585801	9803655.00
2024/02/23	2.750	2.814	2.710	2.799	7745091	21655116.00
2024/02/26	2.799	2.872	2.794	2.864	5808522	16596427.00
2024/02/27	2.869	2.883	2.765	2.832	4887855	13807120.00
2024/02/28	2.803	2.831	2.803	2.808	3946194	11099578.00
2024/02/29	2.777	2.863	2.775	2.858	3988617	11344990.00
2024/03/01	2.858	2.927	2.848	2.921	4858320	14110639.00
2024/03/04	2.923	2.954	2.908	2.953	6345543	18664808.00
2024/03/05	2.952	2.968	2.921	2.936	3821903	11265898.00
2024/03/06	2.936	2.936	2.886	2.894	5922985	17229008.00
2024/03/07	2.886	2.922	2.865	2.866	7528069	21787796.00
2024/03/08	2.866	2.876	2.850	2.867	5904633	16936282.00
2024/03/11	2.869	2.900	2.860	2.875	5109221	14674754.00
2024/03/12	2.875	2.884	2.800	2.871	4787246	13735618.00
2024/03/13	2.866	2.873	2.806	2.847	5330791	15160387.00
2024/03/14	2.840	2.860	2.820	2.860	4437680	12609389.00
2024/03/15	2.860	2.885	2.839	2.883	2737287	7829760.00
2024/03/18	2.886	2.912	2.879	2.895	4373425	12649380.00
2024/03/19	2.895	2.916	2.859	2.902	3384434	9755985.00
2024/03/20	2.902	2.906	2.885	2.894	2988264	8662559.00
2024/03/21	2.894	2.908	2.889	2.905	2967294	8606864.00
2024/03/22	2.905	2.918	2.800	2.823	4538358	12851953.00
2024/03/25	2.823	2.823	2.762	2.763	4391303	12219578.00
2024/03/26	2.763	2.790	2.742	2.790	4847686	13433165.00
2024/03/27	2.780	2.850	2.780	2.836	5053946	14285774.00
2024/03/28	2.836	2.855	2.800	2.819	4099881	11538081.00
2024/03/29	2.819	2.833	2.803	2.823	3805941	10734108.00
2024/04/01	2.823	2.843	2.800	2.843	4678837	13222314.00
2024/04/02	2.843	2.866	2.842	2.857	3213603	9173862.00
2024/04/03	2.857	2.897	2.848	2.868	2742415	7877214.00
2024/04/08	2.868	2.883	2.852	2.868	2696758	7715896.00
2024/04/09	2.868	2.880	2.856	2.860	2229529	6391506.00
2024/04/10	2.850	2.869	2.847	2.868	4891715	14000823.00
2024/04/11	2.868	2.930	2.863	2.913	2400781	6958849.00
2024/04/12	2.912	2.917	2.891	2.908	2573254	7483111.00
2024/04/15	2.890	2.912	2.890	2.903	1760498	5103781.00
2024/04/16	2.903	2.903	2.883	2.891	2183939	6310337.00
2024/04/17	2.892	2.911	2.892	2.897	3264605	9476157.00
2024/04/18	2.901	2.901	2.871	2.877	2078824	5981243.00
2024/04/19	2.877	2.899	2.865	2.867	2198412	6342101.00
2024/04/22	2.867	2.894	2.867	2.886	2259572	6525920.00
2024/04/23	2.886	2.913	2.880	2.907	2620319	7616393.00
2024/04/24	2.857	2.884	2.819	2.847	2038471	5780678.00
2024/04/25	2.831	2.901	2.826	2.883	2621815	7528309.00
2024/04/26	2.883	2.924	2.863	2.915	3247111	9421514.00
2024/04/29	2.916	2.927	2.876	2.916	5140508	14934488.00
2024/04/30	2.915	2.915	2.890	2.898	3024276	8764443.00
2024/05/06	2.898	2.900	2.870	2.895	2778891	8027761.00
2024/05/07	2.895	2.926	2.877	2.910	2251113	6553086.00
2024/05/08	2.910	2.918	2.885	2.891	2781083	8064557.00
2024/05/09	2.891	2.898	2.879	2.885	1635504	4713643.00
2024/05/10	2.885	2.915	2.885	2.901	1707124	4958124.00
2024/05/13	2.899	2.911	2.897	2.901	2075505	6025806.00
2024/05/14	2.901	2.910	2.871	2.881	2093949	6049165.00
2024/05/15	2.885	2.885	2.871	2.872	2151598	6193682.00
2024/05/16	2.872	2.878	2.868	2.873	2895151	8321789.00
2024/05/17	2.873	2.874	2.853	2.859	3176921	9075956.00
2024/05/20	2.861	2.870	2.851	2.859	3873415	11089118.00
2024/05/21	2.860	2.860	2.851	2.851	2887982	8246480.00
2024/05/22	2.851	2.868	2.846	2.850	2797112	7971997.00
2024/05/23	2.880	2.881	2.842	2.848	3923088	11173830.00
2024/05/24	2.848	2.868	2.848	2.865	2990588	8560024.00
2024/05/27	2.863	2.881	2.863	2.869	2076019	5954295.00
2024/05/28	2.869	2.879	2.861	2.863	1726584	4954785.00
2024/05/29	2.863	2.870	2.855	2.863	2271139	6510287.00
2024/05/30	2.861	2.863	2.853	2.858	1817475	5192449.00
2024/05/31	2.855	2.868	2.851	2.859	1921151	5484279.00
2024/06/03	2.857	2.869	2.840	2.868	2002764	5727411.00
2024/06/04	2.868	2.868	2.847	2.856	2844517	8114013.00
2024/06/05	2.856	2.858	2.847	2.858	2571170	7331874.00
2024/06/06	2.857	2.861	2.848	2.856	3069950	8769398.00
2024/06/07	2.859	2.864	2.857	2.863	1329342	3802247.00
2024/06/11	2.863	2.867	2.852	2.859	1685421	4813825.00
2024/06/12	2.850	2.865	2.840	2.863	2041764	5836635.00
2024/06/13	2.850	2.909	2.850	2.889	4677772	13472091.00
2024/06/14	2.889	2.900	2.878	2.893	4803609	13841762.00
2024/06/17	2.891	2.905	2.881	2.901	2019305	5845926.00
2024/06/18	2.901	2.901	2.882	2.896	4363049	12614799.00
2024/06/19	2.883	2.900	2.883	2.899	2286806	6618969.00
2024/06/20	2.900	2.900	2.860	2.880	4659998	13412751.00
2024/06/21	2.880	2.899	2.868	2.891	2613866	7536962.00
2024/06/24	2.882	2.898	2.880	2.893	3276249	9467145.00
2024/06/25	2.899	2.900	2.876	2.881	2958941	8549390.00
2024/06/26	2.868	2.905	2.868	2.905	2943056	8502092.00
2024/06/27	2.900	2.983	2.900	2.965	4080547	12021552.00
2024/06/28	3.024	3.024	2.925	2.954	8192800	24114180.00
2024/07/01	2.940	2.990	2.935	2.989	6965223	20621846.00
2024/07/02	2.994	3.045	2.980	3.033	2726946	8266087.00
2024/07/03	3.033	3.044	3.009	3.043	4143568	12578059.00
2024/07/04	3.037	3.040	3.015	3.020	2902013	8766559.00
2024/07/05	3.009	3.015	2.994	2.997	2592464	7801092.00
2024/07/08	2.950	2.999	2.950	2.992	2535224	7536161.00
2024/07/09	2.980	3.012	2.966	3.011	1386670	4139317.00
2024/07/10	3.014	3.053	3.000	3.052	1987536	6037931.00
2024/07/11	3.052	3.054	3.025	3.035	2465724	7493359.00
2024/07/12	3.024	3.054	3.024	3.044	2151537	6541997.00
2024/07/15	3.042	3.094	3.030	3.091	2130881	6566388.00
2024/07/16	3.088	3.151	3.069	3.096	2882060	9006829.00
2024/07/17	3.096	3.096	3.060	3.069	3472688	10696156.00
2024/07/18	3.062	3.101	3.053	3.083	3917053	12045705.00
2024/07/19	3.083	3.097	3.070	3.092	2929378	9025730.00
2024/07/22	3.076	3.087	3.053	3.084	2734977	8401861.00
2024/07/23	3.068	3.085	3.054	3.085	3501735	10745471.00
2024/07/24	3.070	3.105	3.070	3.100	2209563	6835130.00
2024/07/25	3.098	3.143	3.086	3.121	2598246	8056170.00
2024/07/26	3.144	3.171	3.090	3.166	3887589	12291636.00
2024/07/29	3.133	3.176	3.133	3.155	2022763	6396160.00
2024/07/30	3.144	3.179	3.140	3.179	3262063	10336971.00
2024/07/31	3.180	3.198	3.174	3.181	1947823	6201577.00
2024/08/01	3.181	3.210	3.181	3.191	2152097	6875156.00
2024/08/02	3.180	3.216	3.180	3.205	2968753	9494711.00
2024/08/05	3.205	3.278	3.175	3.269	4886528	15888144.00
2024/08/06	3.269	3.277	3.212	3.251	2697520	8739541.00
2024/08/07	3.251	3.300	3.248	3.290	2965883	9709899.00
2024/08/08	3.290	3.353	3.280	3.280	3352178	11161540.00
2024/08/09	3.280	3.297	3.167	3.270	3647476	11868538.00
2024/08/12	3.270	3.270	3.241	3.258	2017960	6577433.00
2024/08/13	3.258	3.296	3.216	3.276	2481063	8081362.00
2024/08/14	3.300	3.357	3.222	3.356	2961843	9872478.00
2024/08/15	3.356	3.356	3.322	3.349	1772516	5919082.00
2024/08/16	3.349	3.356	3.328	3.349	2127323	7117547.00
2024/08/19	3.351	3.351	3.331	3.341	1810663	6054143.00
2024/08/20	3.341	3.356	3.270	3.272	2712053	9037891.00
2024/08/21	3.240	3.288	3.197	3.205	3411072	11030309.00
2024/08/22	3.189	3.326	3.188	3.282	8874186	28998936.00
2024/08/23	3.289	3.313	3.270	3.304	5145226	16986332.00
2024/08/26	3.305	3.320	3.262	3.297	5076296	16798926.00
2024/08/27	3.281	3.296	3.266	3.279	2966915	9724589.00
2024/08/28	3.270	3.283	3.241	3.272	2800160	9120879.00
2024/08/29	3.272	3.300	3.240	3.240	4428117	14476362.00
2024/08/30	3.234	3.295	3.234	3.236	4151316	13443178.00
2024/09/02	3.236	3.270	3.216	3.267	3480139	11295715.00
2024/09/03	3.265	3.267	3.235	3.240	3311624	10728900.00
2024/09/04	3.243	3.257	3.203	3.210	1606624	5169297.00
2024/09/05	3.190	3.234	3.180	3.230	3502604	11288061.00
2024/09/06	3.229	3.287	3.194	3.275	1936245	6310241.00
2024/09/09	3.275	3.303	3.246	3.298	2230178	7323705.00
2024/09/10	3.302	3.315	3.264	3.281	1578094	5193493.00
2024/09/11	3.281	3.281	3.237	3.253	2447908	7983373.00
2024/09/12	3.250	3.260	3.199	3.201	4832017	15571551.00
2024/09/13	3.157	3.157	3.116	3.130	6698161	20986768.00
2024/09/18	3.130	3.130	3.116	3.121	835942	2610037.00
2024/09/19	3.121	3.148	3.105	3.122	1509832	4723041.00
2024/09/20	3.122	3.142	3.108	3.130	3334559	10422914.00
2024/09/23	3.137	3.153	3.117	3.140	1040344	3262237.00
2024/09/24	3.140	3.173	3.140	3.163	1545612	4889914.00
2024/09/25	3.169	3.210	3.150	3.208	1472411	4704222.00
2024/09/26	3.208	3.290	3.180	3.286	2298840	7485844.00
2024/09/27	3.287	3.300	3.200	3.226	892260	2911580.00
2024/09/30	3.110	3.219	3.110	3.186	3064727	9698863.00
2024/10/08	3.177	3.177	3.086	3.142	3500841	10990507.00
2024/10/09	3.138	3.138	3.092	3.106	2780252	8676935.00
2024/10/10	3.092	3.120	3.088	3.107	3909551	12088679.00
2024/10/11	3.107	3.191	3.091	3.170	3133896	9919621.00
2024/10/14	3.182	3.185	3.137	3.153	2114273	6678201.00
2024/10/15	3.152	3.168	3.124	3.132	4725886	14825776.00
2024/10/16	3.132	3.153	3.124	3.140	2525154	7940823.00
2024/10/17	3.140	3.165	3.114	3.160	2441753	7706485.00
2024/10/18	3.165	3.189	3.143	3.167	1045161	3315639.00
2024/10/21	3.167	3.167	3.139	3.141	621699	1954199.00
2024/10/22	3.141	3.145	3.135	3.138	2084535	6547306.00
2024/10/23	3.138	3.138	3.125	3.132	3664337	11493511.00
2024/10/24	3.132	3.166	3.124	3.133	2005356	6283056.00
2024/10/25	3.129	3.135	3.118	3.135	1341241	4194948.00
2024/10/28	3.135	3.135	3.120	3.126	1474633	4611302.00
2024/10/29	3.126	3.140	3.112	3.129	754873	2357954.00
2024/10/30	3.129	3.129	3.117	3.118	1493830	4660624.00
2024/10/31	3.118	3.129	3.107	3.110	1700667	5299864.00
2024/11/01	3.107	3.121	3.086	3.092	2527442	7845620.00
2024/11/04	3.093	3.093	3.077	3.089	1047528	3228088.00
2024/11/05	3.089	3.112	3.071	3.094	1872487	5759286.00
2024/11/06	3.094	3.094	3.076	3.077	1623440	5011867.00
2024/11/07	3.098	3.098	3.067	3.074	1639583	5039586.00
2024/11/08	3.074	3.100	3.055	3.090	2404576	7412590.00
2024/11/11	3.090	3.214	3.075	3.176	1475706	4627861.00
2024/11/12	3.176	3.241	3.152	3.231	1516723	4877263.00
2024/11/13	3.231	3.232	3.183	3.228	2634415	8480215.00
2024/11/14	3.225	3.227	3.163	3.165	2595577	8246999.00
2024/11/15	3.160	3.174	3.136	3.160	914478	2893483.00
2024/11/18	3.165	3.178	3.150	3.173	1822812	5778340.00
2024/11/19	3.145	3.179	3.145	3.162	2241953	7101178.00
2024/11/20	3.162	3.193	3.145	3.149	1541977	4859302.00
2024/11/21	3.149	3.165	3.140	3.148	2484369	7817699.00
2024/11/22	3.139	3.155	3.138	3.150	4241963	13349631.00
2024/11/25	3.150	3.162	3.135	3.153	1839694	5793812.00
2024/11/26	3.135	3.165	3.135	3.161	836670	2642211.00
2024/11/27	3.161	3.192	3.148	3.157	1005593	3178516.00
2024/11/28	3.157	3.185	3.147	3.152	102826	324393.00
2024/11/29	3.158	3.166	3.136	3.163	1798051	5675367.00
2024/12/02	3.163	3.199	3.150	3.171	5690812	18077040.00
2024/12/03	3.141	3.224	3.140	3.190	3422979	10947839.00
2024/12/04	3.190	3.243	3.174	3.185	736080	2344328.00
2024/12/05	3.169	3.191	3.164	3.184	1189510	3785778.00
2024/12/06	3.184	3.207	3.184	3.197	3866063	12368092.00
2024/12/09	3.197	3.254	3.164	3.244	2920426	9436290.00
2024/12/10	3.241	3.415	3.200	3.410	4666717	15575083.00
2024/12/11	3.392	3.460	3.360	3.426	4950517	16955766.00
2024/12/12	3.426	3.426	3.400	3.414	3765294	12860485.00
2024/12/13	3.414	3.458	3.410	3.449	2670575	9196586.00
2024/12/16	3.449	3.536	3.416	3.516	3630250	12760218.00
2024/12/17	3.520	3.529	3.476	3.489	3224325	11265332.00
2024/12/18	3.498	3.505	3.450	3.473	2829416	9838344.00
2024/12/19	3.463	3.506	3.433	3.492	2070072	7221948.00
2024/12/20	3.492	3.520	3.453	3.511	2371011	8325042.00
2024/12/23	3.513	3.523	3.499	3.514	2630574	9236912.00
2024/12/24	3.481	3.541	3.481	3.530	3239305	11427044.00
2024/12/25	3.529	3.558	3.500	3.550	1782444	6288202.00
2024/12/26	3.549	3.566	3.545	3.552	868548	3088469.00
2024/12/27	3.513	3.563	3.513	3.563	1164530	4135292.00
2024/12/30	3.530	3.595	3.530	3.587	2756574	9889996.00
2024/12/31	3.589	3.591	3.547	3.587	3947624	14081301.00
2025/01/02	3.585	3.695	3.585	3.651	3248475	11888384.00
2025/01/03	3.651	3.792	3.651	3.709	5688577	21138780.00
2025/01/06	3.707	3.735	3.690	3.702	3144869	11682461.00
2025/01/07	3.663	3.760	3.633	3.651	2373334	8681740.00
2025/01/08	3.645	3.712	3.612	3.698	1377175	5055532.00
2025/01/09	3.700	3.780	3.690	3.765	3560396	13316610.00
2025/01/10	3.765	3.800	3.605	3.771	2357290	8854083.00
2025/01/13	3.732	3.810	3.732	3.733	2726271	10275577.00
2025/01/14	3.726	3.796	3.672	3.740	4946200	18278380.00
2025/01/15	3.750	3.780	3.748	3.772	3117260	11752254.00
2025/01/16	3.797	3.884	3.738	3.797	2330725	8892136.00
2025/01/17	3.781	3.880	3.757	3.803	4019029	15269228.00
2025/01/20	3.763	3.915	3.761	3.911	2241144	8623053.00
2025/01/21	3.914	3.971	3.907	3.921	3250830	12818678.00
2025/01/22	3.900	3.970	3.883	3.965	2061366	8067374.00
2025/01/23	3.965	3.999	3.925	3.949	1421312	5646447.00
2025/01/24	3.921	3.980	3.898	3.911	2456288	9619539.00
2025/01/27	3.913	3.965	3.895	3.962	3250927	12768887.00
2025/02/05	3.964	4.146	3.940	4.140	2789142	11151150.00
2025/02/06	4.145	4.155	4.026	4.035	4140051	16796396.00
2025/02/07	4.035	4.035	3.988	4.013	6743509	27062212.00
2025/02/10	4.013	4.013	3.900	3.954	5887948	23345408.00
2025/02/11	3.942	3.967	3.937	3.963	5506230	21767252.00
2025/02/12	3.963	3.986	3.930	3.946	6479756	25602852.00
2025/02/13	3.946	3.946	3.862	3.882	4025396	15721538.00
2025/02/14	3.882	3.923	3.810	3.905	6574575	25569744.00
2025/02/17	3.914	3.939	3.885	3.924	4393919	17243088.00
2025/02/18	3.924	3.964	3.885	3.902	2300493	9004131.00
2025/02/19	3.894	3.917	3.855	3.876	3897148	15052429.00
2025/02/20	3.876	3.876	3.792	3.800	5937082	22693802.00
2025/02/21	3.795	3.825	3.757	3.784	4464823	16915852.00
2025/02/24	3.788	3.788	3.724	3.747	3241403	12186102.00
2025/02/25	3.750	3.777	3.708	3.712	6897245	25705166.00
2025/02/26	3.712	3.789	3.671	3.757	4548938	17149132.00
2025/02/27	3.740	3.776	3.740	3.775	5446287	20477496.00
2025/02/28	3.775	3.835	3.745	3.823	6971064	26254092.00
2025/03/03	3.833	3.945	3.833	3.940	4943238	19333044.00
2025/03/04	3.940	4.048	3.869	3.882	7016318	27653382.00
2025/03/05	3.879	3.940	3.873	3.912	5039073	19650750.00
2025/03/06	3.912	3.912	3.874	3.894	10168273	39568476.00
2025/03/07	3.890	3.909	3.832	3.860	9837536	37861284.00
2025/03/10	3.855	3.874	3.819	3.828	4649033	17910332.00
2025/03/11	3.828	3.843	3.768	3.790	5465169	20708424.00
2025/03/12	3.790	3.808	3.705	3.772	6657654	24919648.00
2025/03/13	3.770	3.772	3.748	3.760	5463098	20548016.00
2025/03/14	3.763	3.826	3.723	3.771	6183307	23136578.00
2025/03/17	3.759	3.759	3.724	3.749	4683695	17530736.00
2025/03/18	3.747	3.773	3.736	3.757	6773571	25436960.00
2025/03/19	3.757	3.811	3.748	3.810	4029341	15304876.00
2025/03/20	3.811	3.851	3.811	3.834	3569422	13697340.00
2025/03/21	3.834	3.844	3.825	3.830	4233304	16210723.00
2025/03/24	3.835	3.907	3.822	3.871	3382422	13049456.00
2025/03/25	3.880	3.898	3.849	3.868	3735793	14467435.00
2025/03/26	3.870	3.889	3.856	3.868	4277024	16525999.00
2025/03/27	3.862	3.929	3.862	3.921	3681558	14372141.00
2025/03/28	3.916	3.996	3.916	3.957	5313816	21018764.00
2025/03/31	3.969	4.006	3.951	3.958	3114652	12357766.00
2025/04/01	3.958	3.960	3.920	3.944	3197897	12599327.00
2025/04/02	3.949	3.970	3.945	3.956	3456331	13657949.00
2025/04/03	3.961	4.110	3.961	4.062	5188650	21093426.00
2025/04/07	4.103	4.398	4.069	4.242	5119748	21232948.00
2025/04/08	4.242	4.266	4.124	4.227	3678679	15506615.00
2025/04/09	4.212	4.228	4.150	4.199	3271161	13685447.00
2025/04/10	4.199	4.210	4.150	4.200	3171962	13258335.00
2025/04/11	4.152	4.213	4.152	4.211	2972192	12472579.00
2025/04/14	4.200	4.248	4.200	4.245	2019409	8543286.00
2025/04/15	4.246	4.270	4.246	4.258	3363895	14316624.00
2025/04/16	4.256	4.356	4.243	4.255	4973619	21220316.00
2025/04/17	4.298	4.298	4.234	4.294	3237177	13829808.00
2025/04/21	4.295	4.295	4.220	4.228	3587009	15197924.00
2025/04/22	4.244	4.290	4.230	4.242	2915933	12412970.00
2025/04/23	4.245	4.246	4.190	4.202	3137695	13276889.00
2025/04/24	4.218	4.218	4.118	4.131	4145896	17143850.00
2025/04/25	4.131	4.167	4.125	4.158	3127551	12955367.00
2025/04/28	4.158	4.169	4.124	4.140	3260062	13500318.00
2025/04/29	4.140	4.180	4.100	4.154	2706689	11236972.00
2025/04/30	4.138	4.196	4.138	4.189	2544598	10638064.00
2025/05/06	4.189	4.248	4.170	4.234	1608053	6787532.00
2025/05/07	4.235	4.247	4.195	4.207	3838804	16208893.00
2025/05/08	4.218	4.310	4.218	4.260	5186320	21986992.00
2025/05/09	4.280	4.320	4.254	4.308	4845131	20856414.00
2025/05/12	4.300	4.320	4.252	4.305	2930752	12599654.00
2025/05/13	4.249	4.298	4.211	4.280	2441250	10402350.00
2025/05/14	4.280	4.320	4.280	4.301	4184449	17986712.00
2025/05/15	4.301	4.340	4.298	4.325	3187740	13764045.00
2025/05/16	4.355	4.400	4.281	4.345	4097863	17711906.00
2025/05/19	4.345	4.376	4.288	4.329	4999488	21585872.00
2025/05/20	4.312	4.336	4.290	4.321	4137152	17865076.00
2025/05/21	4.314	4.328	4.290	4.316	3637917	15697973.00
2025/05/22	4.316	4.318	4.262	4.284	5489900	23505966.00
2025/05/26	4.284	4.410	4.284	4.305	4319930	18844892.00
2025/05/27	4.322	4.389	4.285	4.299	3771245	16285714.00
2025/05/28	4.310	4.316	4.277	4.309	2631729	11309972.00
2025/05/29	4.309	4.329	4.297	4.306	2660966	11464260.00
2025/05/30	4.321	4.328	4.292	4.297	2432300	10478588.00
2025/06/03	4.298	4.313	4.280	4.285	1196374	5139584.00
2025/06/04	4.285	4.300	4.274	4.285	2458984	10538745.00
2025/06/05	4.286	4.300	4.279	4.289	1797153	7711355.00
2025/06/06	4.289	4.302	4.280	4.299	2326391	9987769.00
2025/06/09	4.310	4.310	4.280	4.297	4052968	17404108.00
2025/06/10	4.285	4.307	4.280	4.299	3187719	13704497.00
2025/06/11	4.300	4.329	4.286	4.315	2681677	11570261.00
2025/06/12	4.321	4.359	4.320	4.359	1987791	8644551.00
2025/06/13	4.370	4.414	4.360	4.400	4350350	19138130.00
2025/06/16	4.400	4.450	4.370	4.442	3174783	14048861.00
2025/06/17	4.450	4.481	4.430	4.453	5193508	23164162.00
2025/06/18	4.453	4.500	4.440	4.498	4448081	19913496.00
2025/06/19	4.504	4.549	4.460	4.479	5879756	26300160.00
2025/06/20	4.479	4.600	4.456	4.519	5746527	26021338.00
2025/06/23	4.510	4.540	4.496	4.511	4557409	20586210.00
2025/06/24	4.511	4.515	4.390	4.501	3169775	14156118.00
2025/06/25	4.519	4.528	4.445	4.519	2686545	12041864.00
2025/06/26	4.497	4.519	4.471	4.489	3416160	15368496.00
2025/06/27	4.488	4.489	4.432	4.465	3147294	14001952.00
2025/06/30	4.450	4.463	4.400	4.443	2580432	11432680.00
2025/07/01	4.438	4.442	4.398	4.406	4154378	18336392.00
2025/07/02	4.422	4.440	4.399	4.428	7926120	35062544.00
2025/07/03	4.428	4.435	4.386	4.410	4697787	20764496.00
2025/07/04	4.408	4.420	4.368	4.389	7365925	32321752.00
2025/07/07	4.380	4.381	4.359	4.362	3390026	14809354.00
2025/07/08	4.383	4.385	4.290	4.299	6789512	29317776.00
2025/07/09	4.299	4.332	4.265	4.269	4390420	18850486.00
2025/07/10	4.270	4.311	4.270	4.285	4286320	18418112.00
2025/07/11	4.289	4.299	4.240	4.297	9765743	41513836.00
2025/07/14	4.276	4.324	4.268	4.300	5025047	21594632.00
2025/07/15	4.290	4.366	4.283	4.345	6556322	28479764.00
2025/07/16	4.345	4.362	4.330	4.349	5845491	25371532.00
2025/07/17	4.333	4.350	4.296	4.330	5309158	22940168.00
2025/07/18	4.330	4.335	4.300	4.330	3532676	15264619.00
2025/07/21	4.328	4.328	4.296	4.315	2722968	11722009.00
2025/07/22	4.314	4.320	4.266	4.282	3345786	14366312.00
2025/07/23	4.282	4.282	4.205	4.239	8866077	37506324.00
2025/07/24	4.255	4.255	4.222	4.235	2275782	9639897.00
2025/07/25	4.228	4.259	4.200	4.221	3231667	13649906.00
2025/07/28	4.218	4.300	4.201	4.278	4253128	18112524.00
2025/07/29	4.278	4.299	4.244	4.247	1917692	8174811.00
2025/07/30	4.248	4.278	4.237	4.276	3827222	16280145.00
2025/07/31	4.260	4.350	4.260	4.338	5699430	24650760.00
2025/08/01	4.348	4.348	4.306	4.344	5030338	21779120.00
2025/08/04	4.350	4.370	4.300	4.303	4651816	20122980.00
2025/08/05	4.318	4.319	4.262	4.299	3398951	14596869.00
2025/08/06	4.300	4.308	4.276	4.295	2290877	9823900.00
2025/08/07	4.280	4.310	4.252	4.293	3901260	16721849.00
2025/08/08	4.293	4.293	4.260	4.263	2355411	10056222.00
2025/08/11	4.260	4.268	4.225	4.247	2955654	12525617.00
2025/08/12	4.250	4.262	4.232	4.245	709205	3010974.00
2025/08/13	4.245	4.250	4.225	4.248	2313408	9809061.00
2025/08/14	4.255	4.258	4.220	4.233	2431738	10302499.00
2025/08/15	4.231	4.231	4.180	4.200	6973409	29232660.00
2025/08/18	4.190	4.190	4.072	4.073	2061154	8456598.00
2025/08/19	4.072	4.072	3.959	3.961	6225346	24945936.00
2025/08/20	3.975	4.017	3.948	3.972	4230374	16864396.00
2025/08/21	3.961	4.038	3.939	4.007	2565842	10271898.00
2025/08/22	4.022	4.022	3.996	4.013	2918918	11713189.00
2025/08/25	4.000	4.129	3.970	4.100	2886538	11786046.00
2025/08/26	4.123	4.198	4.090	4.183	3385612	14158362.00
2025/08/27	4.192	4.220	4.152	4.199	2663711	11131065.00
2025/08/28	4.199	4.199	4.134	4.160	2083732	8686232.00
2025/08/29	4.144	4.145	4.100	4.109	2037938	8417820.00
2025/09/01	4.109	4.109	4.080	4.100	3733607	15306849.00
2025/09/02	4.095	4.193	4.090	4.189	2256938	9423853.00
2025/09/03	4.194	4.219	4.161	4.208	1163299	4878200.00
2025/09/04	4.204	4.483	4.173	4.302	6729509	29100060.00
2025/09/05	4.302	4.302	4.174	4.202	3806832	16090954.00
2025/09/08	4.196	4.202	4.143	4.184	3830015	15998652.00
2025/09/09	4.185	4.200	4.180	4.198	1467305	6149892.00
2025/09/10	4.189	4.198	4.140	4.180	2536848	10603380.00
2025/09/11	4.180	4.220	4.141	4.185	2792639	11653358.00
2025/09/12	4.185	4.200	4.150	4.186	1367551	5717054.00
2025/09/15	4.186	4.200	4.160	4.182	1002754	4193145.00
2025/09/16	4.199	4.199	4.127	4.130	3001597	12417648.00
2025/09/17	4.130	4.140	4.089	4.121	3685465	15168618.00
2025/09/18	4.110	4.124	4.097	4.110	3569376	14637847.00
2025/09/19	4.117	4.120	4.096	4.111	2267857	9319772.00
2025/09/22	4.108	4.116	4.064	4.116	638609	2624296.00
2025/09/23	4.108	4.108	4.086	4.104	1567388	6429251.00
2025/09/24	4.104	4.115	4.091	4.092	629657	2581889.00
2025/09/25	4.090	4.090	4.083	4.085	1945066	7947437.00
2025/09/26	4.085	4.095	4.085	4.093	1498178	6127335.00
2025/09/29	4.086	4.103	4.052	4.080	1041381	4254393.00
2025/09/30	4.080	4.096	4.060	4.087	720934	2941408.00
2025/10/09	4.088	4.100	4.055	4.055	1503584	6137632.00
2025/10/10	4.064	4.068	4.035	4.038	2473095	10028913.00
2025/10/13	4.036	4.081	4.025	4.033	4135931	16710933.00
2025/10/14	4.044	4.044	4.020	4.034	2615580	10536899.00
2025/10/15	4.034	4.044	3.998	4.001	2966971	11941614.00
2025/10/16	3.996	4.028	3.972	3.999	1819757	7280117.00
2025/10/17	3.999	3.999	3.970	3.980	4015849	16045766.00
2025/10/20	3.980	3.980	3.900	3.971	2971812	11699057.00
2025/10/21	3.968	4.065	3.955	3.980	2723866	10853047.00
2025/10/22	3.972	4.009	3.971	3.990	4241015	16924596.00
2025/10/23	3.992	4.039	3.992	4.038	3810639	15271366.00
2025/10/24	4.039	4.120	4.033	4.068	2182262	8887598.00
2025/10/27	4.068	4.093	4.039	4.087	3018997	12267163.00
2025/10/28	4.093	4.168	4.093	4.149	4853077	20070760.00
2025/10/29	4.132	4.183	4.132	4.177	5019147	20952492.00
2025/10/30	4.177	4.196	4.162	4.177	2069712	8646965.00
2025/10/31	4.192	4.192	4.127	4.136	2962305	12255971.00
2025/11/03	4.135	4.169	4.110	4.120	3638617	15029916.00
2025/11/04	4.116	4.120	4.052	4.076	1895613	7715331.00
2025/11/05	4.070	4.096	4.020	4.085	3249576	13151514.00
2025/11/06	4.080	4.123	4.072	4.112	2447417	9980116.00
2025/11/07	4.112	4.151	4.112	4.148	670130	2776080.00
2025/11/10	4.148	4.180	4.140	4.160	1299573	5389890.00
2025/11/11	4.151	4.188	4.148	4.174	2005791	8373358.00
2025/11/12	4.184	4.190	4.156	4.168	2127927	8890965.00
2025/11/13	4.164	4.185	4.160	4.176	1748782	7304434.00
2025/11/14	4.172	4.200	4.171	4.188	2977034	12487643.00
2025/11/17	4.186	4.213	4.186	4.200	1387487	5826421.00
2025/11/18	4.204	4.204	4.139	4.180	1970204	8256278.00
2025/11/19	4.164	4.180	4.152	4.171	2611281	10853728.00
2025/11/20	4.171	4.171	4.139	4.162	2114858	8790301.00
2025/11/21	4.152	4.186	4.112	4.135	1183451	4892205.00
2025/11/24	4.130	4.184	4.117	4.181	2807944	11617440.00
2025/11/25	4.184	4.220	4.181	4.200	4989805	20943798.00
2025/11/26	4.212	4.315	4.200	4.238	5012812	21394350.00
2025/11/27	4.240	4.265	4.218	4.218	3671043	15557372.00
2025/11/28	4.216	4.264	4.213	4.239	1382745	5854695.00
2025/12/01	4.244	4.244	4.143	4.180	1488003	6188970.00
2025/12/02	4.180	4.180	4.119	4.140	2116114	8753664.00
2025/12/03	4.123	4.144	4.123	4.142	1705422	7042967.00
2025/12/04	4.123	4.142	4.090	4.100	2692227	11043846.00
2025/12/05	4.099	4.103	4.080	4.101	1478850	6042418.00
2025/12/08	4.087	4.110	4.064	4.065	1871939	7631091.00
2025/12/09	4.065	4.087	4.020	4.035	817856	3322264.00
2025/12/10	4.023	4.165	3.988	4.154	2210934	8901176.00
2025/12/11	4.164	4.164	4.079	4.150	1160647	4789407.00
2025/12/12	4.140	4.177	4.100	4.128	2523960	10409465.00
2025/12/15	4.119	4.133	4.049	4.128	1506902	6140776.00
2025/12/16	4.115	4.116	4.075	4.116	1724295	7057006.00
2025/12/17	4.095	4.116	4.030	4.094	2507814	10266323.00
2025/12/18	4.086	4.086	4.010	4.045	1812912	7307278.00
2025/12/19	4.026	4.044	4.004	4.037	1489242	5989442.00
2025/12/22	4.031	4.078	4.031	4.059	1302111	5274326.00
2025/12/23	4.060	4.080	3.915	3.937	3778534	14968514.00
2025/12/24	3.930	4.081	3.849	4.062	2928314	11771956.00
2025/12/25	4.050	4.112	4.032	4.094	2084966	8544365.00
2025/12/26	4.103	4.148	4.033	4.124	1734252	7104190.00
2025/12/29	4.103	4.104	4.041	4.072	1946911	7927679.00
2025/12/30	4.070	4.079	4.051	4.072	850593	3456892.00
2025/12/31	4.072	4.098	4.062	4.087	1204712	4919910.00
2026/01/05	4.094	4.100	4.076	4.095	2477176	10142216.00
2026/01/06	4.099	4.120	4.087	4.109	3967532	16285402.00
2026/01/07	4.110	4.184	4.069	4.111	2327507	9586617.00
2026/01/08	4.109	4.172	4.052	4.120	2630525	10846576.00
2026/01/09	4.111	4.175	4.080	4.095	1810705	7450070.00
2026/01/12	4.095	4.096	4.034	4.037	1361148	5525361.00
2026/01/13	4.034	4.053	4.015	4.017	2816319	11349428.00
2026/01/14	4.020	4.034	3.995	4.024	3056647	12263202.00
2026/01/15	4.015	4.042	4.000	4.023	3543140	14205789.00
2026/01/16	4.010	4.018	3.998	4.018	2358423	9441075.00
2026/01/19	4.018	4.018	3.996	4.001	1464238	5858518.00
2026/01/20	4.007	4.073	4.007	4.050	2390723	9677824.00
2026/01/21	4.050	4.098	4.039	4.094	1416232	5763860.00
2026/01/22	4.094	4.132	4.080	4.080	2072940	8529786.00
2026/01/23	4.078	4.176	4.047	4.158	3706944	15243058.00
2026/01/26	4.158	4.158	4.077	4.122	969934	3996079.00
2026/01/27	4.118	4.176	4.094	4.115	2834729	11709695.00
2026/01/28	4.118	4.154	4.103	4.134	1995071	8269210.00
2026/01/29	4.134	4.175	4.129	4.174	1685694	7014196.00
2026/01/30	4.161	4.173	4.149	4.149	1461950	6081775.00
2026/02/02	4.143	4.143	4.080	4.105	1429594	5868109.00
2026/02/03	4.103	4.132	4.060	4.126	2763234	11372940.00
2026/02/04	4.126	4.137	4.104	4.121	2111105	8698089.00
2026/02/05	4.121	4.127	4.100	4.116	1930133	7942533.00
2026/02/06	4.121	4.121	4.095	4.112	1879085	7714461.00
2026/02/09	4.120	4.120	4.089	4.097	1418168	5803966.00
2026/02/10	4.100	4.117	4.060	4.095	1491516	6105566.00
2026/02/11	4.095	4.125	4.079	4.102	3175421	13033459.00
2026/02/12	4.102	4.106	4.080	4.104	1089559	4457191.00
2026/02/13	4.110	4.118	4.095	4.106	1027537	4218014.00
2026/02/24	4.104	4.118	4.090	4.092	1193525	4890114.00
2026/02/25	4.089	4.100	4.080	4.100	1097950	4497196.00
2026/02/26	4.101	4.103	4.064	4.088	2012006	8214185.00
2026/02/27	4.088	4.088	4.022	4.047	3470931	14083112.00
2026/03/02	4.035	4.053	3.985	3.987	5876979	23494756.00
2026/03/03	3.986	4.027	3.982	4.005	3117041	12474097.00
2026/03/04	3.999	4.040	3.995	4.029	1921469	7717199.00
2026/03/05	4.030	4.048	3.970	3.979	2797062	11147122.00
2026/03/06	3.976	3.980	3.950	3.967	1903813	7550337.00
2026/03/09	3.967	3.975	3.918	3.923	2518017	9913386.00
2026/03/10	3.923	3.975	3.923	3.931	2468461	9742871.00
2026/03/11	3.943	3.943	3.918	3.940	2755300	10829402.00
2026/03/12	3.940	3.950	3.914	3.933	2518229	9899019.00
2026/03/13	3.921	3.946	3.920	3.937	2176827	8570665.00
2026/03/16	3.937	3.950	3.908	3.911	1187407	4651511.00
2026/03/17	3.919	3.968	3.919	3.949	1406599	5553282.00
2026/03/18	3.945	4.041	3.938	4.010	1735531	6909968.00
2026/03/19	4.012	4.047	4.005	4.031	1472337	5943586.00
2026/03/20	4.023	4.060	3.993	4.046	1088568	4393413.00
2026/03/23	4.050	4.050	3.990	3.999	2974391	11918700.00
2026/03/24	3.991	4.003	3.974	4.000	3316626	13214785.00
2026/04/03	4.013	4.047	4.010	4.032	1642477	6621300.00
#Ъ§ОнРДдД:ЭЈДяаХ
