508029 жааХНЈЭЖЩђбєЙњМЪ ШеЯп ВЛИДШЈ
      ШеЦк	    ПЊХЬ	    зюИп	    зюЕЭ	    ЪеХЬ	    ГЩНЛСП	    ГЩНЛЖю
2025/11/06	3.661	3.665	3.590	3.660	21368527	77570800.00
2025/11/07	3.600	3.616	3.591	3.600	5293252	19064664.00
2025/11/10	3.599	3.601	3.588	3.596	2384212	8575092.00
2025/11/11	3.597	3.597	3.542	3.548	5603900	19965630.00
2025/11/12	3.544	3.604	3.542	3.591	5949324	21345936.00
2025/11/13	3.596	3.619	3.593	3.617	1091674	3937837.00
2025/11/14	3.619	3.626	3.609	3.621	837837	3032785.00
2025/11/17	3.625	3.625	3.610	3.617	688520	2488684.00
2025/11/18	3.622	3.622	3.591	3.597	901371	3244748.00
2025/11/19	3.599	3.600	3.581	3.589	1021002	3670993.00
2025/11/20	3.589	3.589	3.584	3.588	277579	995796.00
2025/11/21	3.595	3.601	3.580	3.597	909278	3266474.00
2025/11/24	3.596	3.602	3.586	3.589	1461169	5255581.00
2025/11/25	3.595	3.603	3.585	3.589	2005831	7201864.00
2025/11/26	3.593	3.600	3.571	3.600	897152	3217697.00
2025/11/27	3.586	3.600	3.579	3.596	1412690	5077951.00
2025/11/28	3.599	3.601	3.574	3.583	1969342	7086927.00
2025/12/01	3.590	3.594	3.584	3.593	167774	601754.00
2025/12/02	3.584	3.599	3.584	3.598	183777	660306.00
2025/12/03	3.599	3.600	3.582	3.590	1137318	4078845.00
2025/12/04	3.590	3.600	3.579	3.585	1472049	5282127.00
2025/12/05	3.583	3.590	3.579	3.588	266226	953940.00
2025/12/08	3.579	3.588	3.576	3.576	722665	2586920.00
2025/12/09	3.584	3.730	3.571	3.586	1718959	6229642.00
2025/12/10	3.590	3.602	3.581	3.597	2125900	7640087.00
2025/12/11	3.597	3.600	3.585	3.589	1783802	6420432.00
2025/12/12	3.587	3.597	3.587	3.590	276796	994288.00
2025/12/15	3.596	3.600	3.578	3.585	1437916	5159672.00
2025/12/16	3.582	3.588	3.553	3.569	906347	3236747.00
2025/12/17	3.584	3.590	3.571	3.585	1460929	5238442.00
2025/12/18	3.584	3.585	3.549	3.564	2763952	9853642.00
2025/12/19	3.570	3.581	3.561	3.571	1095207	3911912.00
2025/12/22	3.570	3.590	3.557	3.560	251143	896422.00
2025/12/23	3.554	3.580	3.554	3.566	1065142	3798054.00
2025/12/24	3.560	3.591	3.560	3.582	890972	3192533.00
2025/12/25	3.580	3.593	3.576	3.578	496408	1779898.00
2025/12/26	3.578	3.590	3.576	3.579	502129	1798252.00
2025/12/29	3.580	3.583	3.555	3.579	716501	2562907.00
2025/12/30	3.570	3.578	3.556	3.575	161361	575385.00
2025/12/31	3.568	3.585	3.568	3.582	2559767	9164214.00
2026/01/05	3.575	3.592	3.566	3.585	287028	1028839.00
2026/01/06	3.586	3.595	3.570	3.585	436142	1563987.00
2026/01/07	3.580	3.628	3.580	3.615	1391446	5025154.00
2026/01/08	3.605	3.665	3.601	3.658	2445394	8936837.00
2026/01/09	3.659	3.672	3.641	3.655	1539321	5631376.00
2026/01/12	3.655	3.658	3.618	3.655	1272889	4645338.00
2026/01/13	3.638	3.674	3.623	3.650	1825329	6675393.00
2026/01/14	3.645	3.665	3.630	3.656	310803	1134013.00
2026/01/15	3.635	3.668	3.635	3.652	533406	1950795.00
2026/01/16	3.645	3.680	3.636	3.658	825309	3023627.00
2026/01/19	3.655	3.664	3.643	3.658	289455	1058240.00
2026/01/20	3.645	3.672	3.645	3.659	2156133	7894151.00
2026/01/21	3.673	3.683	3.659	3.675	882483	3243021.00
2026/01/22	3.675	3.790	3.670	3.758	4471256	16784296.00
2026/01/23	3.750	3.957	3.727	3.880	5044138	19545832.00
2026/01/26	3.878	3.899	3.855	3.871	3283477	12717557.00
2026/01/27	3.671	3.676	3.560	3.666	1356154	4955138.00
2026/01/28	3.652	3.669	3.631	3.666	503426	1844631.00
2026/01/29	3.665	3.803	3.665	3.800	1087693	4019927.00
2026/01/30	3.802	3.803	3.701	3.734	1604893	6013368.00
2026/02/02	3.717	3.717	3.668	3.668	1139241	4194069.00
2026/02/03	3.669	3.776	3.630	3.773	652596	2409876.00
2026/02/04	3.756	3.766	3.731	3.735	817081	3057074.00
2026/02/05	3.718	3.745	3.695	3.730	406965	1512439.00
2026/02/06	3.708	3.749	3.690	3.727	358351	1333627.00
2026/02/09	3.733	3.759	3.671	3.682	637607	2361249.00
2026/02/10	3.682	3.728	3.631	3.718	279090	1027846.00
2026/02/11	3.701	3.745	3.701	3.739	584702	2180221.00
2026/02/12	3.740	3.740	3.706	3.735	201833	753214.00
2026/02/13	3.735	3.749	3.716	3.740	52656	196885.00
2026/02/24	3.702	3.727	3.693	3.702	145833	541501.00
2026/02/25	3.695	3.736	3.684	3.703	401168	1487121.00
2026/02/26	3.686	3.703	3.670	3.685	1184708	4363002.00
2026/02/27	3.686	3.697	3.659	3.685	296923	1092060.00
2026/03/02	3.685	3.685	3.636	3.639	244598	892329.00
2026/03/03	3.630	3.705	3.630	3.684	421668	1551160.00
2026/03/04	3.684	3.750	3.661	3.737	338931	1257008.00
2026/03/05	3.720	3.747	3.677	3.692	1146464	4230134.00
2026/03/06	3.675	3.688	3.610	3.628	639676	2327820.00
2026/03/09	3.611	3.613	3.580	3.589	197483	708133.00
2026/03/10	3.591	3.641	3.591	3.609	197935	715656.00
2026/03/11	3.609	3.620	3.590	3.609	126187	454463.00
2026/03/12	3.617	3.619	3.580	3.585	107028	384772.00
2026/03/13	3.573	3.599	3.573	3.599	49805	178879.00
2026/03/16	3.606	3.615	3.595	3.601	38805	139939.00
2026/03/17	3.614	3.642	3.582	3.590	165428	596367.00
2026/03/18	3.589	3.645	3.573	3.644	144609	523677.00
2026/03/19	3.649	3.660	3.612	3.656	84388	308214.00
2026/03/20	3.659	3.659	3.608	3.608	69835	253585.00
2026/03/23	3.570	3.681	3.570	3.588	14151	50959.00
2026/03/24	3.603	3.603	3.576	3.578	19310	69224.00
2026/04/03	3.587	3.631	3.542	3.587	916353	3280869.00
#Ъ§ОнРДдД:ЭЈДяаХ
