508088 벌揭베繫땜씹劤쒔 휑窟 꼇릿홈
      휑퍅	    역턍	    離멕	    離됴	    澗턍	    냥슥좆	    냥슥띨
2022/10/14	3.946	3.946	3.846	3.859	86593013	339241728.00
2022/10/17	3.859	3.948	3.800	3.936	9717567	37596004.00
2022/10/18	3.937	4.100	3.937	4.072	10792168	43640244.00
2022/10/19	4.072	4.150	4.030	4.069	4341653	17662228.00
2022/10/20	4.069	4.083	4.065	4.071	5862147	23867268.00
2022/10/21	4.072	4.095	4.069	4.086	5383060	21989112.00
2022/10/24	4.086	4.094	4.050	4.067	6353781	25862558.00
2022/10/25	4.061	4.066	4.000	4.035	7578198	30610554.00
2022/10/26	4.037	4.053	4.010	4.051	5143539	20728222.00
2022/10/27	4.050	4.059	4.037	4.054	3472277	14074847.00
2022/10/28	4.055	4.076	3.988	4.058	7235112	29112390.00
2022/10/31	4.058	4.058	4.006	4.051	3647676	14752018.00
2022/11/01	4.046	4.067	4.014	4.060	6477007	26167824.00
2022/11/02	4.055	4.078	4.037	4.066	4138554	16837088.00
2022/11/03	4.066	4.072	4.055	4.066	3094327	12582575.00
2022/11/04	4.066	4.088	4.062	4.082	4669976	19030524.00
2022/11/07	4.083	4.109	4.056	4.082	5598182	22896072.00
2022/11/08	4.078	4.079	4.037	4.043	4582314	18585018.00
2022/11/09	4.040	4.050	4.030	4.042	2989279	12073721.00
2022/11/10	4.046	4.093	4.004	4.011	5005097	20169532.00
2022/11/11	4.011	4.068	4.005	4.016	4913054	19824458.00
2022/11/14	4.017	4.065	4.001	4.006	4032208	16224840.00
2022/11/15	4.009	4.052	3.980	4.015	1916387	7693548.00
2022/11/16	4.018	4.050	4.000	4.005	2828248	11349234.00
2022/11/17	4.004	4.013	3.931	3.992	6190243	24645972.00
2022/11/18	3.986	4.005	3.974	3.986	3954979	15765005.00
2022/11/21	3.982	4.059	3.975	4.052	2760959	11113542.00
2022/11/22	3.994	4.088	3.994	4.034	3092298	12473477.00
2022/11/23	4.030	4.072	4.018	4.039	4172161	16856708.00
2022/11/24	4.039	4.073	4.012	4.030	4333873	17475990.00
2022/11/25	4.023	4.068	4.001	4.035	3428425	13856397.00
2022/11/28	4.034	4.048	3.992	4.040	3598895	14499346.00
2022/11/29	4.039	4.048	4.003	4.043	4201977	16947826.00
2022/11/30	4.042	4.055	4.009	4.038	2814450	11373168.00
2022/12/01	4.038	4.066	4.018	4.049	3499436	14161183.00
2022/12/02	4.049	4.097	4.011	4.061	3350978	13583636.00
2022/12/05	4.064	4.080	4.033	4.069	2315254	9412170.00
2022/12/06	4.069	4.088	4.014	4.059	6565341	26649716.00
2022/12/07	4.057	4.059	4.030	4.030	2854259	11531625.00
2022/12/08	4.030	4.069	4.030	4.049	2533752	10261149.00
2022/12/09	4.046	4.076	4.027	4.029	3593347	14524152.00
2022/12/12	4.028	4.032	3.989	3.998	3758384	15060745.00
2022/12/13	3.998	3.998	3.975	3.977	4848231	19296328.00
2022/12/14	3.977	3.985	3.969	3.979	4641104	18461568.00
2022/12/15	3.980	3.989	3.962	3.973	4251658	16922300.00
2022/12/16	3.973	3.988	3.967	3.979	2857202	11359997.00
2022/12/19	3.979	3.997	3.962	3.969	5336754	21208606.00
2022/12/20	3.964	4.046	3.860	3.884	7583701	29684842.00
2022/12/21	3.877	3.910	3.860	3.869	3691199	14296144.00
2022/12/22	3.869	3.885	3.865	3.880	3046033	11812202.00
2022/12/23	3.882	3.955	3.875	3.955	3919967	15323542.00
2022/12/26	3.954	3.975	3.935	3.948	2313783	9149877.00
2022/12/27	3.947	3.988	3.869	3.940	5867269	23245128.00
2022/12/28	3.951	3.986	3.850	3.850	2805771	11008200.00
2022/12/29	3.888	3.888	3.846	3.852	3095207	11930223.00
2022/12/30	3.852	3.918	3.800	3.850	3862321	14783448.00
2023/01/03	3.850	3.853	3.811	3.827	2429508	9305648.00
2023/01/04	3.845	3.845	3.670	3.757	5991967	22663982.00
2023/01/05	3.844	3.844	3.591	3.640	12813423	46638664.00
2023/01/06	3.627	3.748	3.572	3.745	9245351	33534950.00
2023/01/09	3.790	3.790	3.641	3.746	5407666	20078492.00
2023/01/10	3.726	3.806	3.715	3.801	8547256	32230166.00
2023/01/11	3.798	3.884	3.771	3.819	8169561	31246396.00
2023/01/12	3.809	3.842	3.783	3.817	2734076	10432521.00
2023/01/13	3.823	3.823	3.769	3.810	4095908	15580104.00
2023/01/16	3.810	3.836	3.778	3.829	3306887	12615267.00
2023/01/17	3.820	3.865	3.770	3.831	3278617	12530430.00
2023/01/18	3.821	3.890	3.812	3.844	3949292	15165691.00
2023/01/19	3.844	3.879	3.788	3.866	5859634	22590338.00
2023/01/20	3.866	3.891	3.825	3.880	5889172	22826212.00
2023/01/30	3.881	3.884	3.842	3.881	4964679	19225760.00
2023/01/31	3.876	3.950	3.850	3.944	6198324	24134412.00
2023/02/01	3.940	3.965	3.906	3.947	8488930	33477416.00
2023/02/02	3.939	3.949	3.910	3.918	8531011	33500592.00
2023/02/03	3.912	4.030	3.880	3.907	7274024	28458618.00
2023/02/06	3.901	3.937	3.810	3.895	6145973	23999460.00
2023/02/07	3.883	3.918	3.865	3.884	4901344	19026798.00
2023/02/08	3.874	3.908	3.862	3.895	3769894	14621435.00
2023/02/09	3.889	3.917	3.865	3.905	5409218	21085162.00
2023/02/10	3.899	3.917	3.871	3.908	4806371	18771224.00
2023/02/13	3.900	3.940	3.886	3.930	5157708	20175856.00
2023/02/14	3.921	3.978	3.915	3.971	3408500	13463286.00
2023/02/15	3.975	4.013	3.933	3.962	6398655	25386044.00
2023/02/16	3.955	3.986	3.911	3.934	6142040	24205076.00
2023/02/17	3.928	3.955	3.903	3.911	7174972	28145452.00
2023/02/20	3.911	3.930	3.893	3.919	5638480	22106146.00
2023/02/21	3.919	3.947	3.903	3.930	4670507	18354324.00
2023/02/22	3.945	3.945	3.901	3.905	4928062	19335564.00
2023/02/23	3.905	3.920	3.876	3.885	1606134	6247774.00
2023/02/24	3.893	3.893	3.866	3.878	3260425	12635099.00
2023/02/27	3.879	3.902	3.872	3.879	3047987	11828608.00
2023/02/28	3.879	3.918	3.879	3.906	6175445	24106520.00
2023/03/01	3.906	3.922	3.896	3.915	6801185	26600906.00
2023/03/02	3.898	3.935	3.898	3.911	6590161	25821044.00
2023/03/03	3.911	3.921	3.878	3.881	7559707	29397904.00
2023/03/06	3.881	3.899	3.878	3.890	6511671	25296108.00
2023/03/07	3.876	3.906	3.876	3.895	4705260	18326804.00
2023/03/08	3.896	3.904	3.878	3.889	5949984	23139236.00
2023/03/09	3.889	3.902	3.864	3.902	3949270	15374026.00
2023/03/10	3.902	3.914	3.871	3.911	6345986	24758840.00
2023/03/13	3.911	3.938	3.883	3.914	6351235	24845180.00
2023/03/14	3.914	3.939	3.885	3.912	5443382	21291332.00
2023/03/15	3.913	3.948	3.887	3.908	5240195	20501722.00
2023/03/16	3.908	3.928	3.891	3.908	4508002	17619454.00
2023/03/17	3.908	3.928	3.887	3.914	6344278	24792980.00
2023/03/20	3.890	3.925	3.890	3.900	3369262	13153600.00
2023/03/21	3.904	3.911	3.875	3.902	4632752	18065782.00
2023/03/22	3.903	3.912	3.891	3.905	3901633	15230139.00
2023/03/23	3.905	3.918	3.882	3.917	6991673	27331270.00
2023/03/24	3.916	3.927	3.895	3.925	6486478	25371332.00
2023/03/27	3.919	3.955	3.900	3.932	7638494	30089168.00
2023/03/28	3.937	3.938	3.913	3.924	5187223	20387810.00
2023/03/29	3.930	3.987	3.895	3.912	1800093	7047789.00
2023/03/30	3.912	3.937	3.901	3.911	4508956	17646766.00
2023/03/31	3.912	3.928	3.907	3.917	5291419	20723160.00
2023/04/03	3.917	3.933	3.898	3.909	3229042	12629676.00
2023/04/04	3.893	3.912	3.883	3.897	3762182	14662942.00
2023/04/06	3.897	3.903	3.872	3.884	3864275	14999831.00
2023/04/07	3.884	3.949	3.878	3.911	5127754	20054302.00
2023/04/10	3.906	3.920	3.893	3.907	3319604	12965119.00
2023/04/11	3.906	3.907	3.878	3.901	3498637	13619642.00
2023/04/12	3.900	3.910	3.883	3.900	2751754	10726513.00
2023/04/13	3.900	3.915	3.865	3.868	2336112	9070806.00
2023/04/14	3.867	3.898	3.865	3.869	2542641	9844381.00
2023/04/17	3.870	4.115	3.822	3.894	7656773	29888046.00
2023/04/18	3.845	3.874	3.829	3.854	3739382	14414308.00
2023/04/19	3.854	3.887	3.838	3.846	1668604	6426865.00
2023/04/20	3.831	3.847	3.823	3.835	1867417	7162473.00
2023/04/21	3.835	3.835	3.745	3.745	2274801	8614294.00
2023/04/24	3.757	3.776	3.745	3.765	2167642	8161938.00
2023/04/25	3.760	3.779	3.760	3.778	1111115	4190526.00
2023/04/26	3.778	3.780	3.750	3.750	1289564	4851257.00
2023/04/27	3.748	3.750	3.705	3.709	1217791	4544255.00
2023/04/28	3.709	3.714	3.674	3.680	730135	2694112.00
2023/05/04	3.675	3.675	3.645	3.656	720551	2635973.00
2023/05/05	3.656	3.657	3.602	3.635	1022962	3709999.00
2023/05/08	3.636	3.657	3.611	3.651	1365974	4957530.00
2023/05/09	3.640	3.787	3.640	3.784	1835244	6823358.00
2023/05/10	3.783	3.819	3.736	3.792	2038254	7732670.00
2023/05/11	3.790	3.845	3.788	3.829	2135060	8161841.00
2023/05/12	3.812	3.880	3.784	3.852	4236387	16241588.00
2023/05/15	3.850	3.850	3.821	3.847	3031400	11635497.00
2023/05/16	3.847	3.869	3.815	3.856	1462935	5626210.00
2023/05/17	3.826	3.860	3.810	3.820	1832380	7045347.00
2023/05/18	3.815	3.820	3.777	3.808	1926239	7309921.00
2023/05/19	3.778	3.817	3.778	3.805	1434739	5455432.00
2023/05/22	3.793	3.818	3.793	3.818	1208140	4604435.00
2023/05/23	3.816	3.854	3.808	3.826	2574091	9857102.00
2023/05/24	3.826	3.845	3.822	3.840	1783872	6844102.00
2023/05/25	3.823	3.860	3.823	3.852	1714350	6598121.00
2023/05/26	3.852	3.869	3.835	3.853	1631455	6284244.00
2023/05/29	3.850	3.850	3.830	3.843	617749	2374428.00
2023/05/30	3.843	3.843	3.750	3.758	1152100	4382323.00
2023/05/31	3.741	3.741	3.660	3.708	860672	3173957.00
2023/06/01	3.690	3.690	3.641	3.670	1906886	6961068.00
2023/06/02	3.653	3.665	3.616	3.650	2985413	10862749.00
2023/06/05	3.648	3.649	3.538	3.567	1615073	5797538.00
2023/06/06	3.567	3.567	3.443	3.494	1578715	5497263.00
2023/06/07	3.481	3.623	3.454	3.619	2818113	9818805.00
2023/06/08	3.620	3.752	3.562	3.749	2797640	10160831.00
2023/06/09	3.750	3.766	3.715	3.718	1942241	7267317.00
2023/06/12	3.700	3.715	3.608	3.693	1801562	6625281.00
2023/06/13	3.693	3.693	3.650	3.656	2368840	8672870.00
2023/06/14	3.638	4.020	3.575	3.595	2072618	7452788.00
2023/06/15	3.595	3.595	3.523	3.563	3416723	12113431.00
2023/06/16	3.545	3.616	3.523	3.601	4515364	16133850.00
2023/06/19	3.601	3.647	3.555	3.596	3481883	12469326.00
2023/06/20	3.594	3.699	3.584	3.601	2619908	9448776.00
2023/06/21	3.585	3.636	3.563	3.609	2359827	8515503.00
2023/06/26	3.569	3.641	3.561	3.602	1529271	5503680.00
2023/06/27	3.608	3.630	3.545	3.585	3176938	11386051.00
2023/06/28	3.569	3.599	3.502	3.590	5158482	18368176.00
2023/06/29	3.572	3.606	3.527	3.578	4213001	15050914.00
2023/06/30	3.595	3.595	3.505	3.533	2910437	10299184.00
2023/07/03	3.518	3.688	3.486	3.500	3253061	11417850.00
2023/07/04	3.499	3.530	3.467	3.527	3724306	13030731.00
2023/07/05	3.487	3.546	3.481	3.509	1470252	5160030.00
2023/07/06	3.480	3.679	3.474	3.592	3610132	12773788.00
2023/07/07	3.592	3.670	3.552	3.597	2017931	7299827.00
2023/07/10	3.598	3.647	3.552	3.602	2887727	10398325.00
2023/07/11	3.571	3.635	3.570	3.593	2662609	9566396.00
2023/07/12	3.592	3.650	3.538	3.547	2937095	10508020.00
2023/07/13	3.529	3.649	3.515	3.587	2474264	8821844.00
2023/07/14	3.586	3.650	3.554	3.600	2615342	9404460.00
2023/07/17	3.615	3.789	3.564	3.689	4353412	15861419.00
2023/07/18	3.689	3.736	3.650	3.728	3874903	14395880.00
2023/07/19	3.727	3.727	3.668	3.693	3305872	12229092.00
2023/07/20	3.689	3.740	3.568	3.681	2178645	8004887.00
2023/07/21	3.681	3.729	3.645	3.711	3891625	14360671.00
2023/07/24	3.709	3.760	3.661	3.685	4242358	15709461.00
2023/07/25	3.683	3.730	3.667	3.709	3605680	13374593.00
2023/07/26	3.708	3.745	3.691	3.710	3906684	14495462.00
2023/07/27	3.710	3.745	3.688	3.713	2987755	11089873.00
2023/07/28	3.723	3.750	3.683	3.693	4337275	16123582.00
2023/07/31	3.690	3.730	3.675	3.696	2699904	9999335.00
2023/08/01	3.696	3.746	3.670	3.693	4386807	16254695.00
2023/08/02	3.678	3.700	3.668	3.697	2811086	10374899.00
2023/08/03	3.700	3.720	3.678	3.709	2935377	10864076.00
2023/08/04	3.702	3.727	3.686	3.705	2937893	10879279.00
2023/08/07	3.705	3.745	3.683	3.740	3458046	12800200.00
2023/08/08	3.723	3.791	3.714	3.788	2832892	10583442.00
2023/08/09	3.788	3.798	3.761	3.790	2056549	7768737.00
2023/08/10	3.784	3.813	3.773	3.774	5193934	19713902.00
2023/08/11	3.775	3.788	3.755	3.763	2468335	9301839.00
2023/08/14	3.760	3.760	3.709	3.746	1977063	7380047.00
2023/08/15	3.746	3.776	3.729	3.760	3440886	12946474.00
2023/08/16	3.760	3.760	3.723	3.742	3144570	11776784.00
2023/08/17	3.735	3.744	3.709	3.711	2267731	8446010.00
2023/08/18	3.711	3.739	3.687	3.736	3622400	13436948.00
2023/08/21	3.733	3.766	3.688	3.734	2679462	9964882.00
2023/08/22	3.717	3.728	3.698	3.719	1627251	6039996.00
2023/08/23	3.719	3.777	3.680	3.739	4322022	16048401.00
2023/08/24	3.739	3.769	3.723	3.757	3291614	12326100.00
2023/08/25	3.748	3.793	3.741	3.757	2369977	8930506.00
2023/08/28	3.748	3.785	3.731	3.765	3476088	13065429.00
2023/08/29	3.774	3.786	3.736	3.768	3199871	12028312.00
2023/08/30	3.758	3.822	3.754	3.760	3121447	11805557.00
2023/08/31	3.748	3.818	3.736	3.769	5783377	21830530.00
2023/09/01	3.753	3.805	3.731	3.767	4602503	17359854.00
2023/09/04	3.734	3.818	3.719	3.767	4382609	16553736.00
2023/09/05	3.767	3.804	3.757	3.788	4368869	16530230.00
2023/09/06	3.776	3.804	3.763	3.786	4480447	16938490.00
2023/09/07	3.788	3.804	3.768	3.790	3756778	14211933.00
2023/09/08	3.786	3.809	3.765	3.783	6079980	23004440.00
2023/09/11	3.783	3.802	3.781	3.793	2641515	10013827.00
2023/09/12	3.797	3.797	3.774	3.781	2085056	7896000.00
2023/09/13	3.780	3.792	3.777	3.780	3528886	13355655.00
2023/09/14	3.770	3.815	3.770	3.797	3881336	14693544.00
2023/09/15	3.794	3.821	3.781	3.796	2392560	9091686.00
2023/09/18	3.787	3.796	3.768	3.773	3100523	11725704.00
2023/09/19	3.768	3.802	3.755	3.779	3145813	11879014.00
2023/09/20	3.765	3.802	3.760	3.765	4016203	15171224.00
2023/09/21	3.758	3.765	3.739	3.763	2053819	7698791.00
2023/09/22	3.763	3.795	3.749	3.768	2754814	10395601.00
2023/09/25	3.767	3.783	3.759	3.768	4511185	17000338.00
2023/09/26	3.778	3.778	3.728	3.760	4833596	18160532.00
2023/09/27	3.749	3.762	3.742	3.753	4041737	15170263.00
2023/09/28	3.753	3.767	3.501	3.760	1968285	7391942.00
2023/10/09	3.749	3.769	3.745	3.768	2415101	9064702.00
2023/10/10	3.764	3.768	3.703	3.729	3728149	13941446.00
2023/10/11	3.718	3.718	3.608	3.642	3421633	12513266.00
2023/10/12	3.625	3.650	3.600	3.608	2786778	10082236.00
2023/10/13	3.608	3.608	3.560	3.577	2048029	7314281.00
2023/10/16	3.568	3.577	3.458	3.481	13209840	45937088.00
2023/10/17	3.465	3.485	3.443	3.477	2830378	9777951.00
2023/10/18	3.492	3.492	3.350	3.420	7953054	27052436.00
2023/10/19	3.404	3.480	3.383	3.450	2988468	10212567.00
2023/10/20	3.434	3.450	3.350	3.394	3319726	11259058.00
2023/10/23	3.378	3.390	3.350	3.378	2699800	9084735.00
2023/10/24	3.363	3.470	3.343	3.431	1901078	6474777.00
2023/10/25	3.418	3.480	3.400	3.428	6022689	20722148.00
2023/10/26	3.413	3.429	3.366	3.429	13138499	44635540.00
2023/10/27	3.414	3.460	3.412	3.433	2769919	9513020.00
2023/10/30	3.420	3.444	3.406	3.416	3536246	12106468.00
2023/10/31	3.419	3.450	3.401	3.445	5635786	19228162.00
2023/11/01	3.430	3.464	3.380	3.415	4736754	16154402.00
2023/11/02	3.399	3.434	3.369	3.429	2128812	7234013.00
2023/11/03	3.425	3.456	3.423	3.435	2727916	9364446.00
2023/11/06	3.448	3.480	3.392	3.449	2269062	7774589.00
2023/11/07	3.446	3.471	3.411	3.468	2760200	9496993.00
2023/11/08	3.483	3.513	3.453	3.494	3234610	11267170.00
2023/11/09	3.508	3.530	3.490	3.504	2494036	8747568.00
2023/11/10	3.799	3.799	3.463	3.495	4235723	14722812.00
2023/11/13	3.479	3.489	3.435	3.462	2951582	10210160.00
2023/11/14	3.446	3.460	3.422	3.439	3413776	11768858.00
2023/11/15	3.436	3.474	3.390	3.423	2441830	8348604.00
2023/11/16	3.422	3.438	3.388	3.419	2547499	8671285.00
2023/11/17	3.412	3.423	3.385	3.410	1711187	5813331.00
2023/11/20	3.400	3.435	3.365	3.387	2772569	9382641.00
2023/11/21	3.385	3.387	3.337	3.374	4276585	14369248.00
2023/11/22	3.368	3.390	3.337	3.350	1705582	5714636.00
2023/11/23	3.348	3.366	3.300	3.316	2675124	8877587.00
2023/11/24	3.323	3.356	3.250	3.328	3539229	11585096.00
2023/11/27	3.317	3.360	3.260	3.299	1873690	6169447.00
2023/11/28	3.291	3.297	3.250	3.272	1958288	6406840.00
2023/11/29	3.280	3.286	3.197	3.282	4315407	13936524.00
2023/11/30	3.267	3.310	3.249	3.303	3557882	11696131.00
2023/12/01	3.295	3.340	3.267	3.335	2752440	9078634.00
2023/12/04	3.335	3.420	3.325	3.398	3804380	12748855.00
2023/12/05	3.398	3.426	3.376	3.396	4327995	14728386.00
2023/12/06	3.380	3.422	3.373	3.403	2036381	6921914.00
2023/12/07	3.421	3.430	3.370	3.377	3018990	10233564.00
2023/12/08	3.380	3.380	3.303	3.356	2734287	9169615.00
2023/12/11	3.340	3.405	3.306	3.317	2825727	9459839.00
2023/12/12	3.317	3.329	3.229	3.276	3477577	11370178.00
2023/12/13	3.261	3.273	3.209	3.226	2071783	6697034.00
2023/12/14	3.225	3.290	3.224	3.267	3203835	10350302.00
2023/12/15	3.269	3.280	3.227	3.270	2983836	9706047.00
2023/12/18	3.255	3.277	3.220	3.250	3063642	9947818.00
2023/12/19	3.148	3.157	3.100	3.137	3343738	10482675.00
2023/12/20	3.122	3.150	3.105	3.140	1501336	4695517.00
2023/12/21	3.140	3.236	3.116	3.206	4716653	15014888.00
2023/12/22	3.206	3.289	3.206	3.261	3852342	12577086.00
2023/12/25	3.248	3.274	3.207	3.227	6306605	20340192.00
2023/12/26	3.212	3.253	3.172	3.194	6539131	20927140.00
2023/12/27	3.188	3.229	3.161	3.172	4670615	14874221.00
2023/12/28	3.172	3.198	3.155	3.161	7585975	24128528.00
2023/12/29	3.175	3.300	3.145	3.215	5181810	16413463.00
2024/01/02	3.200	3.230	3.176	3.190	4047785	12942418.00
2024/01/03	3.190	3.218	3.148	3.203	6469811	20675536.00
2024/01/04	3.187	3.212	3.156	3.180	4845149	15391841.00
2024/01/05	3.178	3.178	3.127	3.170	4223627	13262172.00
2024/01/08	3.155	3.166	3.100	3.123	2974995	9314553.00
2024/01/09	3.109	3.143	2.946	2.997	5177216	15893016.00
2024/01/10	2.981	3.138	2.910	2.976	4209163	12493241.00
2024/01/11	2.976	3.050	2.938	2.951	3324215	9862413.00
2024/01/12	2.964	2.964	2.880	2.892	3849171	11184029.00
2024/01/15	2.891	2.914	2.852	2.891	6326403	18251208.00
2024/01/16	2.897	2.994	2.891	2.921	8630311	25193102.00
2024/01/17	2.915	3.044	2.900	2.963	7348106	21766564.00
2024/01/18	2.975	3.016	2.905	2.913	4151340	12134197.00
2024/01/19	2.899	2.931	2.883	2.900	3679010	10690154.00
2024/01/22	2.887	2.900	2.806	2.827	4359067	12416904.00
2024/01/23	2.814	2.850	2.739	2.792	4542073	12525707.00
2024/01/24	2.788	2.828	2.714	2.739	5072302	14086487.00
2024/01/25	2.736	2.778	2.665	2.772	5080673	13763997.00
2024/01/26	2.766	2.771	2.732	2.760	3006308	8289124.00
2024/01/29	2.751	2.824	2.730	2.776	4142154	11362928.00
2024/01/30	2.768	2.792	2.720	2.735	3628928	9935183.00
2024/01/31	2.726	2.732	2.701	2.715	3395588	9211468.00
2024/02/01	2.714	2.717	2.680	2.685	2354933	6329413.00
2024/02/02	2.666	2.727	2.620	2.704	4833450	12786309.00
2024/02/05	2.701	2.701	2.640	2.662	4305884	11429135.00
2024/02/06	2.661	2.676	2.623	2.675	6054736	16062331.00
2024/02/07	2.667	2.795	2.667	2.790	6224307	17030930.00
2024/02/08	2.790	2.974	2.770	2.965	3307041	9494450.00
2024/02/19	2.966	3.195	2.966	2.992	4416763	13351626.00
2024/02/20	2.997	3.113	2.984	3.020	5036553	15277855.00
2024/02/21	3.020	3.065	2.967	3.027	5321966	16146671.00
2024/02/22	3.023	3.200	3.019	3.176	5327117	16257534.00
2024/02/23	3.170	3.190	3.130	3.183	6120504	19350608.00
2024/02/26	3.160	3.283	3.102	3.234	6482083	20688368.00
2024/02/27	3.221	3.263	3.073	3.173	7130814	22677372.00
2024/02/28	3.133	3.170	2.983	3.100	6122794	19144974.00
2024/02/29	3.090	3.137	3.035	3.098	5529668	17152578.00
2024/03/01	3.098	3.163	3.058	3.148	4444575	13903054.00
2024/03/04	3.148	3.237	3.116	3.184	6048048	19332972.00
2024/03/05	3.183	3.251	3.178	3.198	6231375	20019752.00
2024/03/06	3.198	3.249	3.169	3.176	6035387	19243216.00
2024/03/07	3.176	3.237	3.158	3.158	3739142	11911498.00
2024/03/08	3.119	3.199	3.119	3.181	2646600	8406602.00
2024/03/11	3.183	3.218	3.154	3.184	4365269	13919726.00
2024/03/12	3.187	3.202	3.153	3.197	4180085	13261573.00
2024/03/13	3.230	3.230	3.165	3.190	2959842	9403311.00
2024/03/14	3.182	3.210	3.159	3.185	3887057	12352159.00
2024/03/15	3.159	3.210	3.159	3.183	3142702	10009534.00
2024/03/18	3.182	3.206	3.159	3.175	3310510	10556720.00
2024/03/19	3.175	3.206	3.163	3.166	2901691	9195890.00
2024/03/20	3.204	3.204	3.149	3.160	2772309	8759113.00
2024/03/21	3.162	3.186	3.081	3.130	4252667	13314821.00
2024/03/22	3.140	3.140	3.050	3.133	1924058	5951345.00
2024/03/25	3.134	3.172	3.093	3.125	2244430	7006520.00
2024/03/26	3.121	3.190	3.089	3.158	2401267	7565615.00
2024/03/27	3.158	3.260	3.158	3.222	4294771	13911076.00
2024/03/28	3.222	3.340	3.181	3.187	4379649	14012898.00
2024/03/29	3.173	3.187	3.102	3.135	6788273	21248408.00
2024/04/01	3.120	3.135	3.074	3.092	7627539	23570616.00
2024/04/02	3.078	3.094	3.060	3.070	3197061	9829206.00
2024/04/03	3.068	3.078	3.048	3.071	6477932	19830662.00
2024/04/08	3.072	3.087	3.020	3.059	13995272	42659156.00
2024/04/09	3.058	3.200	3.020	3.110	8318145	25555248.00
2024/04/10	3.110	3.134	3.082	3.120	6267246	19443246.00
2024/04/11	3.117	3.155	3.095	3.151	5470521	17087232.00
2024/04/12	3.150	3.181	3.122	3.160	6119443	19357724.00
2024/04/15	3.145	3.197	3.100	3.115	3668365	11494668.00
2024/04/16	3.110	3.112	3.082	3.108	3642266	11275137.00
2024/04/17	3.121	3.170	3.108	3.127	3248448	10158295.00
2024/04/18	3.130	3.198	3.130	3.147	5521462	17402264.00
2024/04/19	3.148	3.182	3.116	3.141	3227352	10130020.00
2024/04/22	3.121	3.155	3.088	3.144	8870402	27739708.00
2024/04/23	3.070	3.100	3.058	3.078	3885033	11953448.00
2024/04/24	3.072	3.145	3.057	3.140	7429781	22906228.00
2024/04/25	3.134	3.192	3.110	3.178	5805865	18331040.00
2024/04/26	3.178	3.209	3.152	3.156	5611200	17876484.00
2024/04/29	3.150	3.185	3.128	3.150	5413860	17031032.00
2024/04/30	3.148	3.190	3.095	3.125	12950017	40524464.00
2024/05/06	3.124	3.146	3.105	3.145	5538819	17305552.00
2024/05/07	3.146	3.191	3.146	3.170	7504967	23793340.00
2024/05/08	3.171	3.198	3.158	3.168	4675032	14821752.00
2024/05/09	3.167	3.199	3.154	3.172	5208841	16536396.00
2024/05/10	3.172	3.184	3.160	3.166	3944120	12503412.00
2024/05/13	3.145	3.189	3.130	3.180	3643744	11533567.00
2024/05/14	3.180	3.197	3.162	3.196	4465341	14204952.00
2024/05/15	3.196	3.220	3.165	3.190	4187334	13318080.00
2024/05/16	3.190	3.209	3.170	3.194	3604565	11515955.00
2024/05/17	3.194	3.209	3.174	3.189	3452458	11008243.00
2024/05/20	3.170	3.194	3.170	3.179	3550178	11289002.00
2024/05/21	3.176	3.180	3.141	3.177	4248988	13412989.00
2024/05/22	3.151	3.183	3.118	3.167	9531910	30023936.00
2024/05/23	3.145	3.179	3.125	3.171	3314408	10423362.00
2024/05/24	3.165	3.202	3.147	3.193	4499650	14333746.00
2024/05/27	3.193	3.207	3.174	3.200	4692626	14993750.00
2024/05/28	3.182	3.213	3.182	3.203	3699448	11838696.00
2024/05/29	3.203	3.225	3.174	3.195	3293136	10502153.00
2024/05/30	3.195	3.204	3.150	3.172	8068096	25582976.00
2024/05/31	3.172	3.181	3.152	3.179	3484807	11026606.00
2024/06/03	3.177	3.182	3.151	3.170	4988526	15805867.00
2024/06/04	3.151	3.200	3.135	3.179	6525089	20624268.00
2024/06/05	3.165	3.200	3.164	3.196	2610089	8301169.00
2024/06/06	3.190	3.214	3.186	3.205	4518233	14446623.00
2024/06/07	3.190	3.219	3.185	3.204	5174341	16552745.00
2024/06/11	3.176	3.217	3.160	3.208	3826249	12152811.00
2024/06/12	3.205	3.208	3.177	3.189	3890650	12410267.00
2024/06/13	3.175	3.199	3.172	3.192	3048717	9725909.00
2024/06/14	3.198	3.202	3.177	3.198	3815461	12176748.00
2024/06/17	3.197	3.205	3.180	3.204	2902012	9264863.00
2024/06/18	3.205	3.220	3.192	3.205	4675089	14982579.00
2024/06/19	3.217	3.224	3.186	3.220	4443404	14221095.00
2024/06/20	3.220	3.230	3.196	3.209	2532876	8120143.00
2024/06/21	3.209	3.227	3.179	3.227	2521478	8093135.00
2024/06/24	3.206	3.250	3.206	3.243	5202628	16791212.00
2024/06/25	3.235	3.249	3.208	3.239	3583381	11561940.00
2024/06/26	3.239	3.249	3.217	3.248	4626386	14938063.00
2024/06/27	3.248	3.255	3.227	3.252	3129315	10159136.00
2024/06/28	3.252	3.258	3.220	3.235	3723756	12041421.00
2024/07/01	3.234	3.235	3.195	3.204	3272049	10493711.00
2024/07/02	3.201	3.215	3.190	3.198	4284051	13711160.00
2024/07/03	3.216	3.216	3.176	3.195	3327762	10638008.00
2024/07/04	3.195	3.208	3.163	3.187	4443033	14147565.00
2024/07/05	3.161	3.202	3.161	3.179	3620513	11509903.00
2024/07/08	3.183	3.183	3.155	3.164	3492777	11069844.00
2024/07/09	3.175	3.183	3.116	3.145	5407576	17010280.00
2024/07/10	3.140	3.175	3.130	3.163	3316038	10468789.00
2024/07/11	3.175	3.190	3.144	3.149	2667484	8409896.00
2024/07/12	3.149	3.175	3.131	3.138	2942240	9233958.00
2024/07/15	3.136	3.159	3.117	3.150	4214063	13223035.00
2024/07/16	3.160	3.175	3.133	3.150	2572160	8124188.00
2024/07/17	3.148	3.168	3.143	3.151	2579045	8136200.00
2024/07/18	3.150	3.175	3.124	3.149	2518616	7914296.00
2024/07/19	3.160	3.180	3.137	3.174	5878028	18578912.00
2024/07/22	3.174	3.188	3.160	3.180	23265976	73983904.00
2024/07/23	3.185	3.185	3.162	3.181	3298683	10471972.00
2024/07/24	3.162	3.191	3.153	3.178	5034766	15999219.00
2024/07/25	3.175	3.183	3.163	3.178	2283824	7251092.00
2024/07/26	3.178	3.189	3.161	3.178	4804164	15273267.00
2024/07/29	3.162	3.182	3.162	3.179	3981763	12648729.00
2024/07/30	3.167	3.209	3.167	3.181	4722058	15017644.00
2024/07/31	3.190	3.200	3.172	3.179	3795345	12058736.00
2024/08/01	3.166	3.201	3.166	3.192	5942931	18935436.00
2024/08/02	3.192	3.200	3.179	3.194	5999582	19158810.00
2024/08/05	3.194	3.210	3.187	3.198	8877378	28421144.00
2024/08/06	3.190	3.260	3.182	3.253	13410845	43191052.00
2024/08/07	3.260	3.365	3.238	3.365	13053501	42968988.00
2024/08/08	3.350	3.415	3.258	3.320	9639696	32403768.00
2024/08/09	3.287	3.315	3.240	3.296	10791020	35262576.00
2024/08/12	3.294	3.315	3.259	3.292	6736510	22126362.00
2024/08/13	3.270	3.324	3.270	3.295	5103318	16768161.00
2024/08/14	3.335	3.394	3.276	3.297	6924487	22820928.00
2024/08/15	3.294	3.330	3.263	3.301	6053013	19970036.00
2024/08/16	3.276	3.314	3.276	3.298	3624281	11942374.00
2024/08/19	3.298	3.299	3.257	3.272	4042595	13277262.00
2024/08/20	3.302	3.302	3.248	3.266	4026466	13148390.00
2024/08/21	3.264	3.293	3.255	3.284	4595634	15077814.00
2024/08/22	3.292	3.297	3.283	3.290	2995192	9855217.00
2024/08/23	3.316	3.316	3.278	3.290	4578527	15086597.00
2024/08/26	3.289	3.303	3.284	3.301	4222739	13917229.00
2024/08/27	3.303	3.314	3.286	3.298	3540691	11707908.00
2024/08/28	3.298	3.315	3.282	3.307	4553768	15013093.00
2024/08/29	3.344	3.344	3.292	3.302	4806411	15870523.00
2024/08/30	3.318	3.323	3.286	3.301	5491653	18120216.00
2024/09/02	3.300	3.330	3.269	3.313	3465040	11485040.00
2024/09/03	3.330	3.330	3.290	3.294	3206804	10595326.00
2024/09/04	3.320	3.328	3.261	3.285	2845536	9367273.00
2024/09/05	3.284	3.309	3.272	3.299	2856489	9404297.00
2024/09/06	3.304	3.309	3.287	3.297	4325920	14265662.00
2024/09/09	3.293	3.316	3.274	3.284	2721402	8944185.00
2024/09/10	3.300	3.300	3.251	3.276	2942679	9650428.00
2024/09/11	3.274	3.290	3.238	3.261	3340592	10860736.00
2024/09/12	3.261	3.266	3.230	3.258	5165035	16771870.00
2024/09/13	3.244	3.291	3.240	3.289	4243749	13898735.00
2024/09/18	3.266	3.303	3.246	3.263	4462514	14579158.00
2024/09/19	3.261	3.263	3.213	3.258	5579815	18094312.00
2024/09/20	3.225	3.260	3.220	3.258	3767659	12201179.00
2024/09/23	3.245	3.273	3.223	3.252	3276639	10611529.00
2024/09/24	3.251	3.285	3.231	3.271	2746072	8969251.00
2024/09/25	3.269	3.300	3.238	3.299	4319925	14187710.00
2024/09/26	3.289	3.340	3.282	3.302	4800196	15918571.00
2024/09/27	3.301	3.324	3.275	3.281	737989	2433573.00
2024/09/30	3.269	3.280	3.217	3.240	2696794	8752742.00
2024/10/08	3.232	3.300	3.200	3.210	3863726	12494108.00
2024/10/09	3.209	3.279	3.192	3.226	3884989	12511064.00
2024/10/10	3.227	3.294	3.198	3.245	3517033	11338107.00
2024/10/11	3.240	3.294	3.208	3.255	3494428	11378945.00
2024/10/14	3.254	3.294	3.202	3.244	4622574	14973219.00
2024/10/15	3.241	3.255	3.210	3.245	5890466	19082676.00
2024/10/16	3.214	3.286	3.214	3.249	3910184	12700460.00
2024/10/17	3.261	3.298	3.229	3.298	4473724	14588420.00
2024/10/18	3.262	3.300	3.260	3.300	3454467	11381674.00
2024/10/21	3.300	3.329	3.242	3.255	5033807	16533507.00
2024/10/22	3.254	3.274	3.223	3.263	5291006	17150210.00
2024/10/23	3.270	3.299	3.230	3.278	6411454	20835144.00
2024/10/24	3.265	3.278	3.213	3.220	8061200	26156908.00
2024/10/25	3.219	3.253	3.202	3.244	4658128	15041891.00
2024/10/28	3.260	3.279	3.234	3.266	4222736	13764461.00
2024/10/29	3.280	3.289	3.212	3.270	9712245	31624992.00
2024/10/30	3.247	3.284	3.242	3.272	5883998	19244940.00
2024/10/31	3.250	3.298	3.246	3.255	5982788	19525046.00
2024/11/01	3.253	3.268	3.236	3.252	5372402	17438012.00
2024/11/04	3.252	3.292	3.221	3.291	3450586	11264081.00
2024/11/05	3.289	3.300	3.260	3.299	4911834	16068638.00
2024/11/06	3.299	3.299	3.251	3.265	4631161	15173272.00
2024/11/07	3.262	3.283	3.235	3.272	3967850	12924853.00
2024/11/08	3.250	3.288	3.237	3.270	4583804	14895751.00
2024/11/11	3.266	3.298	3.243	3.297	4000648	13085312.00
2024/11/12	3.292	3.360	3.275	3.311	5503559	18218940.00
2024/11/13	3.328	3.351	3.285	3.309	4844513	15993010.00
2024/11/14	3.300	3.325	3.255	3.288	5294059	17397692.00
2024/11/15	3.279	3.315	3.259	3.280	6134167	20081432.00
2024/11/18	3.279	3.293	3.260	3.284	4621442	15114777.00
2024/11/19	3.284	3.296	3.252	3.267	6126196	20008108.00
2024/11/20	3.259	3.294	3.249	3.270	13173926	43005304.00
2024/11/21	3.255	3.335	3.249	3.320	5981287	19661092.00
2024/11/22	3.320	3.339	3.260	3.298	7268264	23991300.00
2024/11/25	3.285	3.326	3.261	3.302	7292320	23949684.00
2024/11/26	3.294	3.317	3.269	3.288	3644776	11987280.00
2024/11/27	3.283	3.297	3.252	3.274	5349746	17507888.00
2024/11/28	3.264	3.293	3.250	3.276	7087843	23150156.00
2024/11/29	3.264	3.297	3.256	3.276	4332333	14178605.00
2024/12/02	3.259	3.299	3.259	3.286	6103265	20036260.00
2024/12/03	3.293	3.311	3.273	3.298	5711270	18831072.00
2024/12/04	3.295	3.310	3.273	3.299	5515446	18112284.00
2024/12/05	3.285	3.301	3.275	3.297	4006429	13158471.00
2024/12/06	3.294	3.305	3.276	3.282	4832116	15870499.00
2024/12/09	3.279	3.292	3.270	3.282	2501774	8209009.00
2024/12/10	3.279	3.318	3.272	3.310	4341763	14301567.00
2024/12/11	3.317	3.385	3.290	3.370	2993024	9983371.00
2024/12/12	3.360	3.450	3.354	3.395	9625276	32764464.00
2024/12/13	3.385	3.416	3.385	3.398	23670534	80507520.00
2024/12/16	3.410	3.410	3.352	3.385	8926070	30193022.00
2024/12/17	3.376	3.385	3.329	3.347	6181356	20793264.00
2024/12/18	3.343	3.353	3.279	3.336	8827591	29165460.00
2024/12/19	3.336	3.341	3.286	3.337	2578937	8596104.00
2024/12/20	3.320	3.350	3.306	3.336	959954	3196914.00
2024/12/23	3.336	3.345	3.296	3.319	3196740	10574920.00
2024/12/24	3.310	3.330	3.309	3.319	4923853	16356008.00
2024/12/25	3.321	3.384	3.301	3.336	5844797	19423620.00
2024/12/26	3.342	3.367	3.326	3.342	5382469	17960642.00
2024/12/27	3.342	3.384	3.324	3.350	4811469	16152118.00
2024/12/30	3.363	3.385	3.342	3.380	5301753	17814312.00
2024/12/31	3.381	3.440	3.365	3.388	10610792	36052124.00
2025/01/02	3.398	3.523	3.384	3.426	9727458	33262668.00
2025/01/03	3.414	3.489	3.402	3.487	12632344	43290912.00
2025/01/06	3.480	3.598	3.459	3.564	7418417	26363362.00
2025/01/07	3.564	3.593	3.481	3.516	4569468	16084535.00
2025/01/08	3.500	3.567	3.491	3.567	4091191	14490396.00
2025/01/09	3.576	3.700	3.550	3.667	4405800	15955893.00
2025/01/10	3.652	3.697	3.605	3.628	5266424	19242286.00
2025/01/13	3.624	3.628	3.554	3.565	4275100	15385789.00
2025/01/14	3.565	3.590	3.480	3.510	6193475	21815534.00
2025/01/15	3.493	3.633	3.467	3.618	5939572	21144972.00
2025/01/16	3.601	3.620	3.533	3.559	6460206	22988900.00
2025/01/17	3.559	3.576	3.525	3.554	4887812	17365020.00
2025/01/20	3.554	3.607	3.521	3.576	4744104	16919356.00
2025/01/21	3.581	3.625	3.520	3.570	5954502	21243920.00
2025/01/22	3.561	3.650	3.549	3.635	6214241	22213350.00
2025/01/23	3.643	3.660	3.570	3.653	7319179	26411964.00
2025/01/24	3.641	3.706	3.620	3.689	6572981	24181672.00
2025/01/27	3.689	3.779	3.667	3.717	2975652	11091231.00
2025/02/05	3.717	3.733	3.677	3.706	4740975	17567072.00
2025/02/06	3.688	3.704	3.610	3.691	6121020	22368652.00
2025/02/07	3.667	3.726	3.650	3.714	4617401	17052606.00
2025/02/10	3.710	3.838	3.674	3.816	4238057	15949292.00
2025/02/11	3.816	3.915	3.804	3.870	5137842	19861720.00
2025/02/12	3.879	3.890	3.733	3.766	8165225	30999862.00
2025/02/13	3.762	3.764	3.672	3.699	11911707	44046024.00
2025/02/14	3.684	3.743	3.662	3.742	8724963	32316902.00
2025/02/17	3.742	3.826	3.706	3.799	7082792	26872200.00
2025/02/18	3.800	3.820	3.777	3.815	6092695	23130166.00
2025/02/19	3.815	3.838	3.775	3.821	5832705	22089690.00
2025/02/20	3.819	3.848	3.763	3.829	6118090	23268832.00
2025/02/21	3.819	3.865	3.805	3.818	4464408	17134396.00
2025/02/24	3.815	3.834	3.740	3.750	2473769	9304299.00
2025/02/25	3.742	3.763	3.682	3.718	4993204	18532632.00
2025/02/26	3.717	3.774	3.676	3.689	12921315	47862936.00
2025/02/27	3.683	3.713	3.639	3.647	7314348	26779148.00
2025/02/28	3.643	3.669	3.588	3.603	6287430	22699176.00
2025/03/03	3.603	3.700	3.566	3.695	7383793	27061300.00
2025/03/04	3.678	3.777	3.663	3.740	8907391	33327192.00
2025/03/05	3.733	3.788	3.714	3.741	6647393	24922260.00
2025/03/06	3.733	3.770	3.680	3.694	2351158	8776062.00
2025/03/07	3.694	3.730	3.656	3.703	6245243	22986332.00
2025/03/10	3.703	3.797	3.699	3.735	6220460	23286136.00
2025/03/11	3.729	3.774	3.692	3.718	5089443	18897240.00
2025/03/12	3.718	3.734	3.667	3.720	8270082	30639976.00
2025/03/13	3.699	3.750	3.686	3.718	8384456	31107990.00
2025/03/14	3.707	3.753	3.706	3.749	3224603	12011353.00
2025/03/17	3.749	3.800	3.733	3.799	3487684	13103954.00
2025/03/18	3.775	3.843	3.775	3.811	3121965	11867220.00
2025/03/19	3.829	3.879	3.811	3.875	3747509	14371918.00
2025/03/20	3.867	3.915	3.836	3.836	2901888	11178060.00
2025/03/21	3.830	3.830	3.769	3.786	5508227	20854116.00
2025/03/24	3.774	3.831	3.774	3.828	3861770	14737650.00
2025/03/25	3.819	3.880	3.819	3.865	5783220	22288972.00
2025/03/26	3.865	3.875	3.806	3.817	2673545	10230918.00
2025/03/27	3.799	3.845	3.780	3.820	5101512	19485924.00
2025/03/28	3.813	3.900	3.813	3.888	7709437	29857710.00
2025/03/31	3.877	3.920	3.877	3.888	4286622	16711285.00
2025/04/01	3.900	3.911	3.842	3.874	3749944	14495197.00
2025/04/02	3.864	3.950	3.850	3.930	5684348	22180188.00
2025/04/03	3.928	4.030	3.920	4.030	4898248	19418620.00
2025/04/07	3.992	4.030	3.878	3.938	5135835	20209464.00
2025/04/08	3.940	3.941	3.840	3.874	2789161	10854704.00
2025/04/09	3.850	3.862	3.715	3.797	7402137	27857542.00
2025/04/10	3.792	3.828	3.777	3.809	2524024	9594761.00
2025/04/11	3.801	3.920	3.801	3.857	6196680	23926328.00
2025/04/14	3.864	3.881	3.817	3.876	7608738	29270710.00
2025/04/15	3.866	3.926	3.838	3.896	6613168	25815668.00
2025/04/16	3.912	3.949	3.876	3.944	5621831	22090568.00
2025/04/17	3.944	3.989	3.925	3.979	6247491	24752444.00
2025/04/18	3.984	4.000	3.895	3.914	6644030	26291944.00
2025/04/21	3.904	3.911	3.834	3.900	4590151	17768612.00
2025/04/22	3.890	3.922	3.861	3.880	5686800	22154408.00
2025/04/23	3.867	3.921	3.840	3.850	5578602	21693216.00
2025/04/24	3.850	3.888	3.810	3.861	3246007	12482060.00
2025/04/25	3.750	3.750	3.655	3.707	4030931	14866928.00
2025/04/28	3.705	3.715	3.645	3.651	4861683	17979332.00
2025/04/29	3.658	3.688	3.654	3.661	4436534	16316080.00
2025/04/30	3.675	3.698	3.603	3.631	3400819	12415887.00
2025/05/06	3.626	3.656	3.595	3.643	2570383	9320998.00
2025/05/07	3.637	3.665	3.616	3.621	5151417	18698928.00
2025/05/08	3.633	3.634	3.560	3.565	4067431	14571301.00
2025/05/09	3.561	3.571	3.518	3.548	5783000	20480322.00
2025/05/12	3.548	3.645	3.501	3.640	6495572	23116218.00
2025/05/13	3.631	3.670	3.600	3.659	6747758	24568264.00
2025/05/14	3.649	3.682	3.620	3.671	5522926	20195644.00
2025/05/15	3.666	3.668	3.627	3.627	5710959	20812724.00
2025/05/16	3.625	3.696	3.605	3.679	2590278	9420838.00
2025/05/19	3.669	3.703	3.631	3.674	6159033	22697244.00
2025/05/20	3.669	3.691	3.638	3.671	3290421	12069160.00
2025/05/21	3.670	3.695	3.643	3.690	4645667	17115824.00
2025/05/22	3.682	3.714	3.668	3.697	4084149	15097169.00
2025/05/23	3.689	3.720	3.681	3.700	3724986	13770631.00
2025/05/26	3.700	3.711	3.662	3.687	2630882	9675530.00
2025/05/27	3.687	3.702	3.650	3.693	2509213	9189908.00
2025/05/28	3.700	3.700	3.633	3.689	4457150	16297110.00
2025/05/29	3.672	3.704	3.645	3.681	4928557	18124132.00
2025/05/30	3.675	3.747	3.666	3.711	1896970	7022981.00
2025/06/03	3.700	3.719	3.675	3.697	3252910	11981290.00
2025/06/04	3.687	3.710	3.680	3.699	1150084	4250671.00
2025/06/05	3.689	3.758	3.689	3.756	4243715	15746252.00
2025/06/06	3.745	3.849	3.731	3.794	6825050	25715564.00
2025/06/09	3.761	3.825	3.748	3.809	3245800	12302970.00
2025/06/10	3.798	3.848	3.785	3.801	960230	3658361.00
2025/06/11	3.807	3.842	3.777	3.838	1433470	5458403.00
2025/06/12	3.847	3.848	3.795	3.825	1919636	7339041.00
2025/06/13	3.810	3.840	3.790	3.828	2807255	10721240.00
2025/06/16	3.813	3.848	3.798	3.835	2852286	10893118.00
2025/06/17	3.846	3.900	3.795	3.872	6355865	24528528.00
2025/06/18	3.872	3.903	3.816	3.889	3152014	12177497.00
2025/06/19	3.873	3.958	3.862	3.935	3422118	13356482.00
2025/06/20	3.919	3.978	3.901	3.958	4779086	18776676.00
2025/06/23	3.940	3.980	3.927	3.978	5283475	20843256.00
2025/06/24	3.978	3.978	3.815	3.942	7414403	28865156.00
2025/06/25	3.921	3.980	3.858	3.939	6331948	24939732.00
2025/06/26	3.921	3.951	3.868	3.925	3238224	12665012.00
2025/06/27	3.907	3.924	3.862	3.912	4467257	17332616.00
2025/06/30	3.894	3.949	3.859	3.906	3529272	13716878.00
2025/07/01	3.888	3.934	3.859	3.882	2124442	8253258.00
2025/07/02	3.867	3.942	3.855	3.930	3393238	13217824.00
2025/07/03	3.907	3.945	3.890	3.931	2046916	8021183.00
2025/07/04	3.918	3.945	3.906	3.919	1018047	3992157.00
2025/07/07	3.919	3.927	3.879	3.899	713325	2779665.00
2025/07/08	3.886	3.898	3.826	3.865	2747981	10594937.00
2025/07/09	3.854	3.868	3.813	3.866	2736827	10481257.00
2025/07/10	3.855	3.881	3.827	3.867	2994621	11546445.00
2025/07/11	3.874	3.874	3.822	3.852	3868347	14837073.00
2025/07/14	3.844	3.855	3.816	3.848	1479453	5671762.00
2025/07/15	3.833	3.864	3.821	3.861	2924464	11247323.00
2025/07/16	3.860	3.881	3.843	3.879	1576489	6085194.00
2025/07/17	3.876	3.900	3.855	3.887	1376893	5344422.00
2025/07/18	3.894	3.932	3.871	3.890	1237951	4824531.00
2025/07/21	3.880	3.920	3.851	3.877	1524472	5901902.00
2025/07/22	3.864	3.896	3.840	3.860	1196279	4633653.00
2025/07/23	3.860	3.891	3.804	3.854	4553724	17465014.00
2025/07/24	3.855	3.865	3.819	3.862	1496213	5760995.00
2025/07/25	3.847	3.909	3.847	3.901	1567908	6093731.00
2025/07/28	3.900	3.940	3.860	3.909	1767764	6926181.00
2025/07/29	3.895	3.930	3.847	3.894	2396811	9316430.00
2025/07/30	3.880	3.919	3.864	3.910	1819893	7085540.00
2025/07/31	3.903	3.975	3.883	3.974	1169903	4602252.00
2025/08/01	3.975	4.015	3.954	3.991	2009482	8000303.00
2025/08/04	3.975	3.995	3.927	3.928	3061459	12102030.00
2025/08/05	3.910	3.928	3.891	3.917	791772	3095683.00
2025/08/06	3.925	3.936	3.880	3.899	3762806	14668480.00
2025/08/07	3.883	3.907	3.856	3.905	4066404	15814264.00
2025/08/08	3.899	3.949	3.891	3.910	5916278	23098172.00
2025/08/11	3.904	3.924	3.882	3.901	3308334	12884140.00
2025/08/12	3.891	3.899	3.883	3.897	2141230	8332801.00
2025/08/13	3.897	3.897	3.877	3.886	3601641	13990328.00
2025/08/14	3.886	3.890	3.835	3.856	3067790	11828233.00
2025/08/15	3.853	3.868	3.809	3.827	2395394	9170646.00
2025/08/18	3.823	3.834	3.679	3.721	3506009	13022492.00
2025/08/19	3.702	3.777	3.628	3.774	4353831	16149082.00
2025/08/20	3.783	3.864	3.751	3.832	6631050	25425918.00
2025/08/21	3.832	3.874	3.801	3.861	2399770	9236950.00
2025/08/22	3.863	3.888	3.821	3.879	3807609	14743533.00
2025/08/25	3.877	3.917	3.835	3.880	3713137	14423285.00
2025/08/26	3.895	3.954	3.857	3.928	4539762	17771720.00
2025/08/27	3.938	3.951	3.915	3.938	2197864	8641166.00
2025/08/28	3.939	3.939	3.897	3.923	1871573	7344765.00
2025/08/29	3.916	3.930	3.894	3.924	2072178	8131662.00
2025/09/01	3.930	3.930	3.877	3.884	4919341	19176404.00
2025/09/02	3.891	3.930	3.844	3.890	3852796	15013450.00
2025/09/03	3.900	3.965	3.881	3.961	3334214	13078113.00
2025/09/04	3.952	3.978	3.929	3.955	2233487	8818333.00
2025/09/05	3.955	3.957	3.904	3.928	2902557	11404937.00
2025/09/08	3.917	3.933	3.890	3.903	3342473	13083717.00
2025/09/09	3.897	3.926	3.863	3.913	1229689	4784713.00
2025/09/10	3.902	3.913	3.865	3.899	3938955	15345967.00
2025/09/11	3.888	3.906	3.844	3.874	4939031	19112092.00
2025/09/12	3.862	3.898	3.851	3.872	2885460	11165955.00
2025/09/15	3.879	3.879	3.834	3.875	647643	2502935.00
2025/09/16	3.874	3.885	3.851	3.865	3363317	13007468.00
2025/09/17	3.857	3.889	3.836	3.863	3320430	12851316.00
2025/09/18	3.854	3.873	3.840	3.861	4104923	15842703.00
2025/09/19	3.872	3.876	3.833	3.868	2955623	11420423.00
2025/09/22	3.867	3.886	3.854	3.880	986323	3822254.00
2025/09/23	3.882	3.924	3.844	3.894	2640932	10275713.00
2025/09/24	3.883	3.916	3.858	3.891	2626316	10188361.00
2025/09/25	3.886	3.908	3.864	3.891	2532026	9827270.00
2025/09/26	3.880	3.913	3.851	3.888	2852406	11079288.00
2025/09/29	3.888	3.899	3.854	3.873	1074103	4160073.00
2025/09/30	3.875	3.902	3.836	3.879	1195562	4625585.00
2025/10/09	3.861	3.901	3.853	3.873	1668022	6458607.00
2025/10/10	3.873	3.889	3.841	3.859	1698165	6556506.00
2025/10/13	3.859	3.879	3.828	3.865	1129625	4352658.00
2025/10/14	3.865	3.884	3.831	3.851	1625835	6272592.00
2025/10/15	3.857	3.883	3.810	3.816	2742545	10518717.00
2025/10/16	3.811	3.834	3.751	3.781	2977004	11291033.00
2025/10/17	3.777	3.786	3.744	3.759	2354407	8859379.00
2025/10/20	3.756	3.834	3.695	3.712	1415446	5308969.00
2025/10/21	3.712	3.748	3.667	3.688	3261615	12042413.00
2025/10/22	3.687	3.732	3.661	3.726	3133023	11592876.00
2025/10/23	3.725	3.748	3.685	3.744	3659196	13652846.00
2025/10/24	3.746	3.825	3.718	3.821	3555036	13409981.00
2025/10/27	3.814	3.859	3.775	3.793	4817390	18342590.00
2025/10/28	3.782	3.853	3.758	3.825	4649628	17753036.00
2025/10/29	3.807	3.844	3.789	3.798	1791623	6825019.00
2025/10/30	3.798	3.822	3.762	3.785	1940024	7346908.00
2025/10/31	3.792	3.800	3.718	3.722	4059640	15189271.00
2025/11/03	3.718	3.739	3.699	3.728	1740812	6472911.00
2025/11/05	3.732	3.758	3.662	3.758	2890243	10730666.00
2025/11/06	3.758	3.792	3.716	3.792	1957095	7375486.00
2025/11/07	3.792	3.815	3.773	3.790	1786219	6765965.00
2025/11/10	3.789	3.816	3.756	3.780	2356254	8899939.00
2025/11/11	3.791	3.796	3.717	3.773	3289502	12413245.00
2025/11/12	3.762	3.771	3.712	3.731	2315677	8647764.00
2025/11/13	3.735	3.748	3.687	3.724	2307634	8595413.00
2025/11/14	3.716	3.771	3.687	3.750	2090320	7821208.00
2025/11/17	3.748	3.779	3.723	3.768	2946558	11117282.00
2025/11/18	3.756	3.788	3.747	3.765	664167	2501191.00
2025/11/19	3.765	3.780	3.730	3.755	1375972	5174336.00
2025/11/20	3.748	3.780	3.709	3.765	1482824	5563688.00
2025/11/21	3.764	3.785	3.720	3.771	1304602	4908099.00
2025/11/24	3.786	3.796	3.726	3.761	2743967	10313568.00
2025/11/25	3.764	3.791	3.731	3.774	3233006	12174627.00
2025/11/26	3.779	3.805	3.756	3.775	3608710	13682811.00
2025/11/27	3.780	3.797	3.727	3.774	2740758	10313289.00
2025/11/28	3.768	3.792	3.738	3.771	1075720	4050264.00
2025/12/01	3.759	3.798	3.741	3.762	2195411	8280323.00
2025/12/02	3.756	3.772	3.740	3.766	1962714	7350587.00
2025/12/03	3.762	3.770	3.736	3.763	969743	3642444.00
2025/12/04	3.758	3.773	3.720	3.772	2771310	10431240.00
2025/12/05	3.755	3.772	3.737	3.746	1072065	4022790.00
2025/12/08	3.734	3.741	3.681	3.722	2066994	7652050.00
2025/12/09	3.709	3.748	3.684	3.713	2136900	7932341.00
2025/12/10	3.720	3.758	3.661	3.756	1994155	7427794.00
2025/12/11	3.744	3.775	3.720	3.773	2152842	8089757.00
2025/12/12	3.770	3.780	3.735	3.769	1630171	6129693.00
2025/12/15	3.767	3.767	3.725	3.742	1667001	6250028.00
2025/12/16	3.732	3.760	3.695	3.728	1039816	3868702.00
2025/12/17	3.727	3.739	3.690	3.712	1886859	7003259.00
2025/12/18	3.711	3.711	3.667	3.683	955134	3520550.00
2025/12/19	3.680	3.694	3.631	3.676	1638046	5985611.00
2025/12/22	3.664	3.703	3.663	3.688	1707886	6295966.00
2025/12/23	3.684	3.700	3.664	3.680	1599470	5884638.00
2025/12/24	3.684	3.772	3.621	3.759	1560234	5775332.00
2025/12/25	3.743	3.800	3.732	3.767	1933729	7294657.00
2025/12/26	3.773	3.796	3.732	3.759	1624157	6114087.00
2025/12/29	3.748	3.792	3.736	3.764	1665158	6255934.00
2025/12/30	3.768	3.774	3.701	3.732	1412259	5267610.00
2025/12/31	3.720	3.766	3.707	3.735	1153919	4304267.00
2026/01/05	3.723	3.838	3.713	3.801	2895271	11001902.00
2026/01/06	3.804	3.895	3.773	3.859	4449948	17105732.00
2026/01/07	3.842	3.897	3.828	3.878	2058191	7942768.00
2026/01/08	3.861	3.918	3.855	3.914	1692374	6575624.00
2026/01/09	3.897	3.924	3.857	3.887	4311107	16773301.00
2026/01/12	3.876	3.920	3.832	3.911	2000257	7784751.00
2026/01/13	3.893	3.922	3.871	3.913	1312076	5127471.00
2026/01/14	3.892	3.946	3.890	3.935	8127318	31762116.00
2026/01/15	3.917	3.955	3.894	3.919	1728565	6757262.00
2026/01/16	3.912	3.946	3.911	3.930	2074690	8142561.00
2026/01/19	3.924	3.952	3.911	3.913	1700165	6664658.00
2026/01/20	3.915	3.950	3.875	3.924	3435998	13489902.00
2026/01/21	3.912	3.976	3.912	3.955	2751352	10875598.00
2026/01/22	3.966	4.036	3.944	4.034	1398576	5602108.00
2026/01/23	4.045	4.060	3.994	4.059	1503270	6064053.00
2026/01/26	4.063	4.130	4.022	4.116	1782647	7256706.00
2026/01/27	4.105	4.110	4.046	4.084	2203371	8999887.00
2026/01/28	4.065	4.131	4.051	4.100	2676198	10973940.00
2026/01/29	4.111	4.188	4.081	4.188	1771649	7333789.00
2026/01/30	4.188	4.219	4.162	4.183	1970398	8255025.00
2026/02/02	4.188	4.205	4.058	4.072	1800945	7388564.00
2026/02/03	4.061	4.116	4.059	4.095	3766079	15432472.00
2026/02/04	4.095	4.129	4.073	4.111	3783599	15549152.00
2026/02/05	4.108	4.134	4.095	4.120	2177704	8939438.00
2026/02/06	4.113	4.135	4.095	4.101	3036400	12489866.00
2026/02/09	4.101	4.101	4.031	4.064	2952432	11992355.00
2026/02/10	4.045	4.090	4.000	4.067	3155136	12801753.00
2026/02/11	4.065	4.138	4.036	4.058	2502521	10198244.00
2026/02/12	4.030	4.068	4.026	4.058	1303163	5282108.00
2026/02/13	4.061	4.107	4.031	4.090	1131517	4616701.00
2026/02/24	4.071	4.098	4.014	4.041	1512372	6106024.00
2026/02/25	4.022	4.064	4.022	4.060	1179065	4773559.00
2026/02/26	4.044	4.065	3.982	3.997	880967	3538128.00
2026/02/27	3.979	3.996	3.931	3.949	1690117	6697415.00
2026/03/02	3.933	3.962	3.891	3.932	2288894	8981130.00
2026/03/03	3.921	3.980	3.921	3.970	1895320	7504029.00
2026/03/04	3.957	3.996	3.917	3.949	1201002	4741840.00
2026/03/05	3.953	3.972	3.905	3.936	1294328	5096364.00
2026/03/06	3.936	3.948	3.871	3.896	1402663	5474918.00
2026/03/09	3.885	3.908	3.826	3.881	1905251	7359912.00
2026/03/10	3.873	3.956	3.848	3.915	1590837	6234229.00
2026/03/11	3.920	3.945	3.880	3.926	1390074	5440957.00
2026/03/12	3.926	3.968	3.899	3.931	818839	3215940.00
2026/03/13	3.913	3.956	3.867	3.935	1461955	5742012.00
2026/03/16	3.935	3.956	3.863	3.912	1162002	4541685.00
2026/03/17	3.894	3.945	3.881	3.911	1064917	4162598.00
2026/03/18	3.897	3.953	3.870	3.953	1236646	4844098.00
2026/03/19	3.935	4.000	3.913	3.934	2359378	9303360.00
2026/03/20	3.930	3.956	3.877	3.910	1851110	7250475.00
2026/03/23	3.892	3.922	3.855	3.886	1083510	4212942.00
2026/03/24	3.883	3.898	3.810	3.898	2898311	11139223.00
2026/04/03	3.934	3.965	3.901	3.962	1341059	5285336.00
#鑒앴윱都:繫댐斤
