508077 »ӘПД»щҪр»ӘИуУРіІ ИХПЯ І»ёҙИЁ
      ИХЖЪ	    ҝӘЕМ	    ЧоёЯ	    ЧоөН	    КХЕМ	    іЙҪ»Бҝ	    іЙҪ»¶о
2022/12/09	2.878	2.878	2.780	2.824	65899041	186322128.00
2022/12/12	2.800	2.824	2.770	2.807	7438705	20809262.00
2022/12/13	2.798	2.815	2.767	2.801	8033998	22400704.00
2022/12/14	2.793	2.800	2.521	2.778	2466656	6835020.00
2022/12/15	2.771	2.779	2.746	2.754	1904467	5253600.00
2022/12/16	2.756	2.757	2.729	2.741	2443087	6700919.00
2022/12/19	2.736	2.741	2.702	2.708	2888707	7852290.00
2022/12/20	2.707	2.710	2.669	2.696	3156142	8487718.00
2022/12/21	2.694	2.705	2.670	2.704	5646442	15170212.00
2022/12/22	2.704	2.713	2.666	2.697	4941381	13297816.00
2022/12/23	2.697	2.756	2.685	2.750	5046208	13772253.00
2022/12/26	2.751	2.761	2.724	2.741	1355285	3706972.00
2022/12/27	2.740	2.740	2.700	2.705	1562220	4232486.00
2022/12/28	2.705	2.705	2.624	2.636	4918245	13022272.00
2022/12/29	2.648	2.648	2.578	2.580	3659343	9568844.00
2022/12/30	2.596	2.600	2.561	2.578	3411296	8772384.00
2023/01/03	2.587	2.594	2.550	2.566	1933705	4965924.00
2023/01/04	2.582	2.582	2.558	2.572	2293348	5887350.00
2023/01/05	2.572	2.581	2.562	2.570	3681921	9461406.00
2023/01/06	2.575	2.596	2.551	2.588	5156839	13239501.00
2023/01/09	2.592	2.595	2.560	2.583	1995348	5140993.00
2023/01/10	2.589	2.597	2.579	2.592	3297437	8531559.00
2023/01/11	2.590	2.630	2.590	2.600	4025139	10476364.00
2023/01/12	2.600	2.600	2.592	2.594	1009831	2621009.00
2023/01/13	2.594	2.617	2.555	2.576	2264968	5846710.00
2023/01/16	2.576	2.576	2.555	2.559	2010186	5151678.00
2023/01/17	2.559	2.569	2.556	2.563	747712	1915799.00
2023/01/18	2.563	2.568	2.557	2.564	925802	2373007.00
2023/01/19	2.564	2.569	2.556	2.563	1150165	2946040.00
2023/01/20	2.562	2.587	2.560	2.586	1036591	2666115.00
2023/01/30	2.586	2.612	2.579	2.595	3236526	8406010.00
2023/01/31	2.595	2.638	2.592	2.628	2375498	6200610.00
2023/02/01	2.626	2.650	2.613	2.650	2421401	6364088.00
2023/02/02	2.650	2.650	2.619	2.631	1609519	4229755.00
2023/02/03	2.628	2.631	2.614	2.626	854205	2242047.00
2023/02/06	2.625	2.649	2.611	2.616	1938238	5095984.00
2023/02/07	2.616	2.632	2.608	2.626	1570543	4109105.00
2023/02/08	2.630	2.630	2.610	2.626	1075970	2820349.00
2023/02/09	2.626	2.649	2.610	2.649	1134148	2981740.00
2023/02/10	2.659	2.660	2.636	2.647	1835621	4868742.00
2023/02/13	2.647	2.671	2.647	2.670	2217268	5906951.00
2023/02/14	2.670	2.702	2.660	2.688	4503093	12119082.00
2023/02/15	2.688	2.718	2.666	2.685	6568199	17695426.00
2023/02/16	2.685	2.691	2.675	2.680	1941510	5208087.00
2023/02/17	2.680	2.686	2.668	2.675	2255249	6028018.00
2023/02/20	2.675	2.686	2.640	2.671	2718524	7252059.00
2023/02/21	2.671	2.683	2.668	2.678	2213764	5925395.00
2023/02/22	2.677	2.679	2.666	2.675	1059216	2833758.00
2023/02/23	2.674	2.676	2.660	2.667	1195026	3191450.00
2023/02/24	2.660	2.666	2.645	2.650	1206667	3201555.00
2023/02/27	2.646	2.646	2.631	2.636	1462127	3854675.00
2023/02/28	2.636	2.648	2.636	2.642	569707	1505290.00
2023/03/01	2.632	2.642	2.632	2.640	471214	1244108.00
2023/03/02	2.641	2.654	2.641	2.643	771752	2043198.00
2023/03/03	2.642	2.652	2.635	2.643	1181509	3120425.00
2023/03/06	2.646	2.660	2.646	2.658	741109	1967775.00
2023/03/07	2.658	2.681	2.649	2.662	863278	2296697.00
2023/03/08	2.661	2.703	2.643	2.694	2268226	6060473.00
2023/03/09	2.689	2.693	2.661	2.680	1957145	5244657.00
2023/03/10	2.680	2.696	2.667	2.691	1275361	3413225.00
2023/03/13	2.700	2.700	2.674	2.684	2632015	7065016.00
2023/03/14	2.680	2.680	2.666	2.669	733167	1958573.00
2023/03/15	2.669	2.669	2.656	2.663	1036585	2761455.00
2023/03/16	2.663	2.663	2.640	2.647	657652	1740650.00
2023/03/17	2.648	2.670	2.646	2.666	2030694	5399459.00
2023/03/20	2.666	2.666	2.642	2.659	432757	1151199.00
2023/03/21	2.659	2.659	2.643	2.648	903643	2391186.00
2023/03/22	2.648	2.648	2.640	2.646	369032	976360.00
2023/03/23	2.645	2.649	2.645	2.645	454387	1202595.00
2023/03/24	2.645	2.657	2.631	2.654	1938183	5116187.00
2023/03/27	2.660	2.667	2.648	2.660	921748	2449905.00
2023/03/28	2.660	2.661	2.649	2.651	1155903	3070648.00
2023/03/29	2.641	2.652	2.630	2.635	767082	2026860.00
2023/03/30	2.635	2.669	2.629	2.655	1440937	3815181.00
2023/03/31	2.655	2.680	2.642	2.669	1543279	4119923.00
2023/04/03	2.671	2.675	2.657	2.660	844740	2254322.00
2023/04/04	2.660	2.660	2.642	2.649	464413	1232568.00
2023/04/06	2.649	2.654	2.639	2.647	743773	1969235.00
2023/04/07	2.647	2.654	2.647	2.649	394439	1045323.00
2023/04/10	2.649	2.649	2.636	2.638	631382	1666821.00
2023/04/11	2.638	2.644	2.633	2.634	836463	2206869.00
2023/04/12	2.634	2.652	2.621	2.633	1382284	3637109.00
2023/04/13	2.627	2.627	2.589	2.599	1821795	4744724.00
2023/04/14	2.599	2.602	2.561	2.589	1833511	4740361.00
2023/04/17	2.585	2.605	2.580	2.605	2022511	5256353.00
2023/04/18	2.602	2.628	2.592	2.611	3415117	8911051.00
2023/04/19	2.611	2.623	2.587	2.612	4016984	10493513.00
2023/04/20	2.600	2.615	2.595	2.601	2542808	6627822.00
2023/04/21	2.602	2.624	2.585	2.593	5390826	14021170.00
2023/04/24	2.593	2.623	2.592	2.621	3476952	9084311.00
2023/04/25	2.623	2.629	2.613	2.615	1595666	4184521.00
2023/04/26	2.612	2.615	2.602	2.613	1323303	3454043.00
2023/04/27	2.613	2.616	2.586	2.603	4656419	12118374.00
2023/04/28	2.603	2.603	2.570	2.585	2128143	5503016.00
2023/05/04	2.580	2.580	2.532	2.557	2978227	7608225.00
2023/05/05	2.557	2.557	2.535	2.543	2640377	6720978.00
2023/05/08	2.540	2.540	2.521	2.530	752613	1906060.00
2023/05/09	2.529	2.559	2.522	2.540	2279678	5786464.00
2023/05/10	2.536	2.604	2.536	2.600	3821369	9890643.00
2023/05/11	2.600	2.642	2.600	2.622	4111479	10788489.00
2023/05/12	2.622	2.622	2.586	2.606	3400979	8845036.00
2023/05/15	2.602	2.602	2.563	2.565	1991300	5130903.00
2023/05/16	2.565	2.590	2.561	2.578	1606201	4136710.00
2023/05/17	2.578	2.597	2.541	2.576	3126347	8056083.00
2023/05/18	2.576	2.579	2.553	2.564	1348727	3466851.00
2023/05/19	2.564	2.577	2.552	2.562	2234497	5728491.00
2023/05/22	2.562	2.564	2.549	2.552	1678781	4288951.00
2023/05/23	2.552	2.556	2.536	2.550	1848470	4711366.00
2023/05/24	2.543	2.553	2.522	2.533	2548677	6469634.00
2023/05/25	2.533	2.533	2.511	2.529	1200476	3028297.00
2023/05/26	2.518	2.538	2.516	2.533	1966389	4979543.00
2023/05/29	2.523	2.530	2.516	2.522	818301	2064530.00
2023/05/30	2.521	2.534	2.494	2.498	3242196	8130450.00
2023/05/31	2.499	2.518	2.445	2.448	3326348	8222161.00
2023/06/01	2.465	2.465	2.421	2.423	2344031	5693790.00
2023/06/02	2.425	2.437	2.417	2.422	2098667	5079031.00
2023/06/05	2.419	2.430	2.366	2.373	2688879	6451739.00
2023/06/06	2.373	2.373	2.296	2.354	4584743	10655377.00
2023/06/07	2.347	2.390	2.338	2.390	3053782	7215065.00
2023/06/08	2.390	2.448	2.390	2.443	2034934	4938415.00
2023/06/09	2.450	2.466	2.424	2.455	3331492	8164417.00
2023/06/12	2.450	2.459	2.419	2.438	3496071	8492659.00
2023/06/13	2.437	2.454	2.431	2.452	2735902	6693956.00
2023/06/14	2.452	2.453	2.440	2.443	1128265	2763000.00
2023/06/15	2.409	2.458	2.409	2.439	1815554	4441837.00
2023/06/16	2.439	2.453	2.439	2.445	1254988	3069833.00
2023/06/19	2.419	2.450	2.417	2.424	1209482	2935098.00
2023/06/20	2.434	2.439	2.423	2.425	1136249	2759118.00
2023/06/21	2.429	2.435	2.407	2.425	2063522	4998045.00
2023/06/26	2.430	2.430	2.409	2.411	1278606	3084450.00
2023/06/27	2.411	2.429	2.405	2.422	6416231	15514330.00
2023/06/28	2.424	2.458	2.407	2.450	4562967	11114332.00
2023/06/29	2.450	2.477	2.450	2.466	4564348	11253684.00
2023/06/30	2.466	2.466	2.444	2.452	2017057	4948207.00
2023/07/03	2.422	2.456	2.421	2.423	1840378	4461742.00
2023/07/04	2.423	2.433	2.422	2.427	473163	1149432.00
2023/07/05	2.427	2.430	2.351	2.385	3673165	8843313.00
2023/07/06	2.383	2.441	2.383	2.440	4385341	10577958.00
2023/07/07	2.423	2.505	2.423	2.481	3278304	8137699.00
2023/07/10	2.463	2.498	2.463	2.467	2235511	5543591.00
2023/07/11	2.467	2.479	2.454	2.460	2238020	5516103.00
2023/07/12	2.455	2.466	2.451	2.452	920601	2260035.00
2023/07/13	2.454	2.483	2.433	2.479	5639015	13807655.00
2023/07/14	2.478	2.521	2.469	2.501	3654095	9137702.00
2023/07/17	2.500	2.550	2.483	2.540	5368651	13600359.00
2023/07/18	2.540	2.609	2.535	2.602	7036738	18040768.00
2023/07/19	2.602	2.602	2.550	2.578	5452635	14047063.00
2023/07/20	2.577	2.577	2.548	2.553	4138254	10583330.00
2023/07/21	2.553	2.596	2.548	2.584	5037051	12991534.00
2023/07/24	2.559	2.609	2.549	2.609	5272018	13639950.00
2023/07/25	2.606	2.634	2.576	2.617	6030948	15804974.00
2023/07/26	2.600	2.630	2.582	2.621	4197020	10945085.00
2023/07/27	2.621	2.632	2.593	2.613	2447173	6400313.00
2023/07/28	2.581	2.630	2.556	2.627	4995201	12997773.00
2023/07/31	2.614	2.648	2.605	2.636	6450976	17002840.00
2023/08/01	2.636	2.664	2.573	2.639	7327822	19300532.00
2023/08/02	2.619	2.676	2.601	2.636	8375340	22098184.00
2023/08/03	2.640	2.659	2.611	2.640	4971681	13091130.00
2023/08/04	2.639	2.666	2.610	2.625	4484659	11800349.00
2023/08/07	2.620	2.633	2.591	2.629	3869089	10115395.00
2023/08/08	2.603	2.650	2.603	2.636	7774884	20476248.00
2023/08/09	2.633	2.657	2.612	2.628	5228877	13738987.00
2023/08/10	2.619	2.646	2.600	2.623	3440932	9034010.00
2023/08/11	2.623	2.644	2.601	2.625	4225169	11083060.00
2023/08/14	2.617	2.631	2.608	2.629	2195130	5745288.00
2023/08/15	2.624	2.648	2.624	2.640	5156188	13591682.00
2023/08/16	2.629	2.645	2.622	2.636	3373078	8879467.00
2023/08/17	2.639	2.652	2.625	2.638	4589843	12104266.00
2023/08/18	2.643	2.674	2.643	2.672	3413343	9064828.00
2023/08/21	2.679	2.699	2.662	2.684	3177586	8519462.00
2023/08/22	2.629	2.629	2.561	2.591	5852860	15147338.00
2023/08/23	2.578	2.591	2.565	2.583	4637024	11946168.00
2023/08/24	2.588	2.641	2.554	2.630	5891312	15276603.00
2023/08/25	2.618	2.643	2.582	2.617	4664563	12223454.00
2023/08/28	2.603	2.670	2.600	2.613	6557515	17232142.00
2023/08/29	2.610	2.623	2.575	2.588	3954738	10275172.00
2023/08/30	2.593	2.598	2.557	2.589	2678393	6902361.00
2023/08/31	2.581	2.597	2.550	2.577	6647089	17118058.00
2023/09/01	2.569	2.590	2.551	2.556	3248075	8358239.00
2023/09/04	2.553	2.568	2.531	2.566	2233158	5704329.00
2023/09/05	2.565	2.571	2.549	2.562	2514815	6441697.00
2023/09/06	2.557	2.572	2.551	2.562	2658319	6819725.00
2023/09/07	2.562	2.601	2.562	2.594	1722456	4443029.00
2023/09/08	2.594	2.602	2.567	2.578	3357611	8675869.00
2023/09/11	2.577	2.600	2.565	2.594	6115377	15809450.00
2023/09/12	2.591	2.594	2.565	2.586	4921380	12722352.00
2023/09/13	2.580	2.590	2.579	2.585	3250917	8401778.00
2023/09/14	2.584	2.590	2.581	2.585	1659649	4289963.00
2023/09/15	2.585	2.589	2.581	2.584	1817261	4697382.00
2023/09/18	2.582	2.587	2.570	2.575	2252665	5810056.00
2023/09/19	2.572	2.578	2.570	2.574	2474990	6368872.00
2023/09/20	2.571	2.579	2.559	2.573	1500227	3858055.00
2023/09/21	2.571	2.584	2.556	2.569	1992272	5117532.00
2023/09/22	2.560	2.578	2.550	2.576	1796589	4616543.00
2023/09/25	2.567	2.576	2.555	2.575	1863974	4787139.00
2023/09/26	2.560	2.578	2.560	2.566	2191843	5636905.00
2023/09/27	2.560	2.577	2.559	2.568	1422633	3654383.00
2023/09/28	2.563	2.592	2.560	2.567	3234961	8331287.00
2023/10/09	2.567	2.577	2.563	2.570	1607201	4134567.00
2023/10/10	2.570	2.589	2.564	2.573	1301228	3346138.00
2023/10/11	2.573	2.577	2.565	2.569	1787962	4592064.00
2023/10/12	2.566	2.574	2.565	2.572	1578361	4057740.00
2023/10/13	2.566	2.599	2.566	2.572	2694861	6935620.00
2023/10/16	2.573	2.573	2.547	2.559	1536577	3940478.00
2023/10/17	2.548	2.549	2.499	2.520	3522930	8853140.00
2023/10/18	2.519	2.519	2.464	2.485	3392013	8435636.00
2023/10/19	2.475	2.475	2.452	2.465	997435	2456094.00
2023/10/20	2.465	2.465	2.402	2.426	1675672	4078059.00
2023/10/23	2.420	2.421	2.383	2.395	1771833	4259558.00
2023/10/24	2.440	2.441	2.373	2.429	2372085	5713475.00
2023/10/25	2.450	2.492	2.435	2.439	2963420	7302865.00
2023/10/26	2.444	2.444	2.402	2.426	2357058	5714828.00
2023/10/27	2.420	2.438	2.413	2.426	1439834	3492522.00
2023/10/30	2.423	2.424	2.406	2.413	1186200	2864256.00
2023/10/31	2.408	2.424	2.399	2.405	1868699	4510199.00
2023/11/01	2.405	2.409	2.377	2.379	2252869	5383804.00
2023/11/02	2.379	2.379	2.368	2.372	396490	941435.00
2023/11/03	2.365	2.379	2.360	2.379	1082272	2566548.00
2023/11/06	2.379	2.407	2.370	2.405	1362389	3250126.00
2023/11/07	2.402	2.417	2.385	2.410	2050839	4931258.00
2023/11/08	2.406	2.450	2.400	2.444	1874788	4565820.00
2023/11/09	2.444	2.487	2.437	2.472	2279222	5628271.00
2023/11/10	2.471	2.479	2.437	2.441	2635804	6475360.00
2023/11/13	2.437	2.440	2.409	2.421	1361868	3299437.00
2023/11/14	2.421	2.435	2.410	2.411	871304	2109301.00
2023/11/15	2.408	2.420	2.399	2.400	503775	1212561.00
2023/11/16	2.396	2.399	2.389	2.394	613936	1469503.00
2023/11/17	2.393	2.401	2.386	2.394	302975	725141.00
2023/11/20	2.395	2.395	2.381	2.389	828521	1976561.00
2023/11/21	2.390	2.390	2.370	2.373	673445	1598527.00
2023/11/22	2.373	2.378	2.336	2.344	1590700	3737961.00
2023/11/23	2.337	2.337	2.290	2.292	2253534	5192555.00
2023/11/24	2.292	2.292	2.227	2.251	2212867	4967402.00
2023/11/27	2.234	2.255	2.204	2.204	2169385	4821402.00
2023/11/28	2.209	2.210	2.185	2.197	1177958	2588298.00
2023/11/29	2.198	2.223	2.194	2.220	1203690	2664016.00
2023/11/30	2.223	2.286	2.222	2.285	2674544	6068064.00
2023/12/01	2.290	2.341	2.287	2.330	1893113	4376365.00
2023/12/04	2.333	2.348	2.268	2.296	1494154	3430470.00
2023/12/05	2.289	2.289	2.208	2.228	1983275	4463641.00
2023/12/06	2.238	2.259	2.227	2.235	958798	2144893.00
2023/12/07	2.235	2.245	2.232	2.232	901816	2017254.00
2023/12/08	2.232	2.238	2.228	2.237	913282	2037115.00
2023/12/11	2.227	2.238	2.215	2.234	523228	1163526.00
2023/12/12	2.234	2.248	2.227	2.242	523415	1173546.00
2023/12/13	2.240	2.270	2.220	2.225	711981	1589083.00
2023/12/14	2.225	2.231	2.211	2.228	476225	1055432.00
2023/12/15	2.225	2.256	2.217	2.255	787023	1763151.00
2023/12/18	2.256	2.275	2.236	2.270	1305228	2936953.00
2023/12/19	2.270	2.282	2.247	2.272	283241	640473.00
2023/12/20	2.267	2.317	2.255	2.308	927938	2116409.00
2023/12/21	2.302	2.359	2.288	2.353	1755866	4102403.00
2023/12/22	2.350	2.423	2.346	2.389	2903386	6967594.00
2023/12/25	2.387	2.406	2.350	2.365	5818233	13815630.00
2023/12/26	2.358	2.387	2.339	2.340	3942905	9315077.00
2023/12/27	2.338	2.351	2.310	2.310	4063854	9469030.00
2023/12/28	2.304	2.314	2.291	2.304	2854910	6586370.00
2023/12/29	2.317	2.381	2.303	2.362	2637246	6169917.00
2024/01/02	2.359	2.368	2.353	2.358	1417946	3352355.00
2024/01/03	2.351	2.366	2.328	2.360	2979549	7025303.00
2024/01/04	2.360	2.360	2.305	2.320	6011246	13982749.00
2024/01/05	2.320	2.324	2.261	2.315	3476817	7960462.00
2024/01/08	2.308	2.308	2.270	2.289	2489127	5698142.00
2024/01/09	2.289	2.301	2.217	2.233	5732024	12949709.00
2024/01/10	2.228	2.238	2.150	2.156	4560928	9938747.00
2024/01/11	2.152	2.185	2.100	2.121	5275387	11296503.00
2024/01/12	2.116	2.121	2.020	2.057	5387450	11259195.00
2024/01/15	2.057	2.057	2.020	2.036	2968125	6039882.00
2024/01/16	2.041	2.085	2.027	2.074	3201340	6581604.00
2024/01/17	2.079	2.150	2.067	2.143	4028058	8457554.00
2024/01/18	2.139	2.152	2.106	2.130	3630793	7714966.00
2024/01/19	2.129	2.172	2.105	2.146	3287289	7067257.00
2024/01/22	2.150	2.153	2.128	2.130	2696023	5778325.00
2024/01/23	2.130	2.140	2.087	2.104	2173948	4598137.00
2024/01/24	2.104	2.150	2.076	2.111	3353388	7060184.00
2024/01/25	2.107	2.136	2.100	2.130	4366379	9246107.00
2024/01/26	2.126	2.152	2.123	2.150	987963	2104953.00
2024/01/29	2.150	2.160	2.133	2.160	2782953	5987262.00
2024/01/30	2.160	2.173	2.144	2.169	3616311	7826253.00
2024/01/31	2.171	2.188	2.160	2.160	3004257	6522250.00
2024/02/01	2.160	2.164	2.155	2.155	2873275	6202523.00
2024/02/02	2.155	2.165	2.141	2.151	2853452	6135237.00
2024/02/05	2.151	2.151	2.133	2.145	764534	1640887.00
2024/02/06	2.145	2.156	2.133	2.149	946605	2031636.00
2024/02/07	2.149	2.166	2.143	2.162	3240522	6980616.00
2024/02/08	2.172	2.250	2.157	2.248	3117561	6860720.00
2024/02/19	2.254	2.348	2.254	2.346	3822163	8808061.00
2024/02/20	2.346	2.393	2.285	2.322	3880796	9127290.00
2024/02/21	2.322	2.337	2.258	2.326	7772549	18092528.00
2024/02/22	2.326	2.380	2.326	2.365	5208006	12214221.00
2024/02/23	2.364	2.455	2.354	2.432	6835434	16519124.00
2024/02/26	2.411	2.540	2.411	2.474	9433050	23609322.00
2024/02/27	2.474	2.528	2.440	2.480	7880863	19665340.00
2024/02/28	2.480	2.491	2.438	2.441	6416945	15866010.00
2024/02/29	2.404	2.467	2.394	2.456	9504163	23355142.00
2024/03/01	2.459	2.528	2.459	2.501	6504658	16248108.00
2024/03/04	2.501	2.573	2.501	2.560	7067354	18058936.00
2024/03/05	2.558	2.631	2.530	2.540	12411158	32288126.00
2024/03/06	2.541	2.567	2.463	2.495	7188289	17943338.00
2024/03/07	2.481	2.518	2.423	2.450	8959206	22228472.00
2024/03/08	2.450	2.480	2.431	2.450	7850838	19300204.00
2024/03/11	2.450	2.485	2.448	2.479	7186291	17680220.00
2024/03/12	2.479	2.487	2.465	2.474	3139765	7785982.00
2024/03/13	2.473	2.479	2.465	2.469	4935726	12197610.00
2024/03/14	2.468	2.495	2.447	2.466	6136165	15121039.00
2024/03/15	2.465	2.476	2.442	2.476	4502714	11077748.00
2024/03/18	2.468	2.489	2.456	2.459	1107840	2737238.00
2024/03/19	2.457	2.474	2.444	2.473	5890705	14502217.00
2024/03/20	2.461	2.499	2.461	2.498	2635527	6512872.00
2024/03/21	2.499	2.505	2.460	2.471	2664848	6624095.00
2024/03/22	2.470	2.471	2.435	2.454	5961986	14623131.00
2024/03/25	2.459	2.460	2.411	2.423	1545204	3750956.00
2024/03/26	2.423	2.446	2.411	2.445	3651043	8902707.00
2024/03/27	2.446	2.525	2.446	2.501	5635630	14031135.00
2024/03/28	2.511	2.514	2.472	2.485	2995478	7440650.00
2024/03/29	2.485	2.485	2.464	2.482	2803671	6930795.00
2024/04/01	2.484	2.504	2.456	2.500	3402847	8421085.00
2024/04/02	2.508	2.521	2.490	2.502	4475659	11200024.00
2024/04/03	2.505	2.517	2.476	2.505	5831595	14541127.00
2024/04/08	2.500	2.524	2.475	2.507	4867455	12164987.00
2024/04/09	2.507	2.510	2.488	2.496	3806852	9526452.00
2024/04/10	2.445	2.445	2.365	2.439	4692508	11377486.00
2024/04/11	2.434	2.456	2.414	2.455	4552930	11090151.00
2024/04/12	2.439	2.465	2.438	2.446	3738617	9160339.00
2024/04/15	2.446	2.446	2.410	2.428	3988929	9690191.00
2024/04/16	2.426	2.437	2.414	2.419	2958959	7168387.00
2024/04/17	2.417	2.438	2.415	2.430	3224673	7822356.00
2024/04/18	2.436	2.438	2.423	2.434	2360877	5738737.00
2024/04/19	2.434	2.444	2.424	2.427	1947483	4734503.00
2024/04/22	2.423	2.473	2.423	2.464	3598395	8845037.00
2024/04/23	2.466	2.499	2.452	2.491	2468835	6095004.00
2024/04/24	2.495	2.532	2.468	2.512	3304545	8290198.00
2024/04/25	2.514	2.548	2.497	2.543	2743799	6916763.00
2024/04/26	2.539	2.605	2.539	2.560	3863783	9954791.00
2024/04/29	2.557	2.557	2.512	2.545	5949192	15048266.00
2024/04/30	2.537	2.542	2.520	2.538	2553392	6473452.00
2024/05/06	2.536	2.575	2.516	2.562	2234023	5684472.00
2024/05/07	2.562	2.597	2.561	2.584	2707986	6989966.00
2024/05/08	2.583	2.596	2.563	2.571	1642804	4234218.00
2024/05/09	2.567	2.596	2.567	2.589	3532881	9127640.00
2024/05/10	2.589	2.613	2.589	2.593	1009642	2627269.00
2024/05/13	2.587	2.600	2.565	2.570	2970882	7676008.00
2024/05/14	2.567	2.596	2.564	2.575	1448992	3733902.00
2024/05/15	2.583	2.595	2.546	2.568	1954630	5017084.00
2024/05/16	2.568	2.619	2.560	2.604	2431794	6279938.00
2024/05/17	2.604	2.615	2.587	2.591	1679177	4353917.00
2024/05/20	2.563	2.571	2.549	2.559	1926341	4935744.00
2024/05/21	2.559	2.581	2.530	2.579	1839564	4689691.00
2024/05/22	2.579	2.581	2.540	2.573	2622222	6712861.00
2024/05/23	2.553	2.571	2.525	2.543	5243383	13328487.00
2024/05/24	2.533	2.568	2.533	2.547	1573675	4013135.00
2024/05/27	2.547	2.559	2.529	2.542	1824117	4625293.00
2024/05/28	2.533	2.550	2.528	2.545	1993144	5055655.00
2024/05/29	2.545	2.562	2.518	2.527	4165552	10539349.00
2024/05/30	2.523	2.523	2.499	2.514	3202017	8048494.00
2024/05/31	2.511	2.535	2.506	2.527	1720594	4334442.00
2024/06/03	2.519	2.543	2.519	2.542	1310804	3324207.00
2024/06/04	2.541	2.582	2.535	2.564	3232413	8217522.00
2024/06/05	2.563	2.585	2.560	2.575	2005638	5145974.00
2024/06/06	2.563	2.589	2.563	2.579	2169016	5595183.00
2024/06/07	2.593	2.593	2.555	2.569	1353736	3480951.00
2024/06/11	2.569	2.580	2.552	2.567	1230090	3155888.00
2024/06/12	2.564	2.573	2.555	2.570	3769680	9671202.00
2024/06/13	2.567	2.594	2.567	2.592	2326471	6009942.00
2024/06/14	2.575	2.598	2.575	2.595	3120819	8087913.00
2024/06/17	2.586	2.596	2.574	2.588	1697390	4382067.00
2024/06/18	2.585	2.594	2.575	2.584	1518065	3921908.00
2024/06/19	2.589	2.613	2.564	2.571	2325060	5985105.00
2024/06/20	2.571	2.580	2.541	2.564	3514156	9003548.00
2024/06/21	2.553	2.573	2.525	2.570	2218529	5690938.00
2024/06/24	2.570	2.572	2.560	2.570	1529366	3927954.00
2024/06/25	2.558	2.575	2.553	2.560	3531660	9063262.00
2024/06/26	2.557	2.570	2.534	2.561	3547118	9078214.00
2024/06/27	2.565	2.610	2.553	2.604	3538544	9133157.00
2024/06/28	2.601	2.613	2.577	2.602	4104684	10642413.00
2024/07/01	2.592	2.617	2.583	2.612	2832740	7382733.00
2024/07/02	2.603	2.649	2.603	2.646	2577448	6807301.00
2024/07/03	2.647	2.650	2.641	2.646	3200275	8464059.00
2024/07/04	2.635	2.646	2.624	2.645	2565413	6757819.00
2024/07/05	2.631	2.660	2.616	2.639	2599255	6890288.00
2024/07/08	2.622	2.644	2.601	2.616	2805325	7358655.00
2024/07/09	2.596	2.654	2.583	2.622	2876163	7511144.00
2024/07/10	2.616	2.655	2.616	2.649	2607311	6866913.00
2024/07/11	2.649	2.655	2.629	2.647	2518963	6658770.00
2024/07/12	2.652	2.690	2.636	2.680	1612097	4269659.00
2024/07/15	2.680	2.722	2.680	2.710	3080265	8329292.00
2024/07/16	2.727	2.749	2.696	2.701	4120214	11216787.00
2024/07/17	2.700	2.707	2.682	2.696	1863426	5009371.00
2024/07/18	2.686	2.721	2.677	2.710	1997388	5396459.00
2024/07/19	2.700	2.721	2.675	2.696	2194491	5916416.00
2024/07/22	2.694	2.696	2.659	2.690	2098673	5604529.00
2024/07/23	2.690	2.700	2.666	2.689	2949982	7897504.00
2024/07/24	2.688	2.694	2.672	2.688	2365070	6345723.00
2024/07/25	2.672	2.694	2.671	2.686	2277238	6105152.00
2024/07/26	2.686	2.749	2.686	2.720	3847394	10489022.00
2024/07/29	2.710	2.749	2.706	2.714	1438573	3924788.00
2024/07/30	2.696	2.749	2.696	2.729	3386476	9248492.00
2024/07/31	2.729	2.750	2.718	2.733	2565400	7008816.00
2024/08/01	2.733	2.775	2.721	2.743	2419596	6629848.00
2024/08/02	2.739	2.764	2.727	2.748	2943745	8075411.00
2024/08/05	2.747	2.763	2.734	2.756	2970033	8170163.00
2024/08/06	2.738	2.739	2.692	2.728	2142125	5825591.00
2024/08/07	2.722	2.759	2.708	2.752	4685989	12854824.00
2024/08/08	2.752	2.796	2.718	2.739	2973807	8224957.00
2024/08/09	2.739	2.750	2.702	2.747	3009219	8203017.00
2024/08/12	2.746	2.765	2.703	2.744	2043777	5613771.00
2024/08/13	2.737	2.745	2.710	2.723	2986890	8144394.00
2024/08/14	2.721	2.745	2.708	2.738	3734009	10210872.00
2024/08/15	2.736	2.763	2.732	2.751	2782288	7653601.00
2024/08/16	2.751	2.760	2.715	2.725	1283306	3506943.00
2024/08/19	2.724	2.724	2.688	2.722	1754769	4755950.00
2024/08/20	2.714	2.735	2.707	2.721	2922582	7949307.00
2024/08/21	2.720	2.732	2.689	2.699	2543199	6887066.00
2024/08/22	2.694	2.747	2.680	2.747	2745123	7427060.00
2024/08/23	2.747	2.800	2.710	2.791	2693460	7438690.00
2024/08/26	2.788	2.798	2.771	2.780	1548629	4311035.00
2024/08/27	2.789	2.798	2.752	2.779	2324965	6434301.00
2024/08/28	2.779	2.779	2.736	2.746	2622718	7202635.00
2024/08/29	2.745	2.758	2.706	2.712	1649609	4492089.00
2024/08/30	2.706	2.720	2.683	2.689	1985853	5359460.00
2024/09/02	2.685	2.724	2.677	2.717	1695355	4599826.00
2024/09/03	2.717	2.722	2.690	2.709	2405808	6489407.00
2024/09/04	2.706	2.712	2.679	2.705	916095	2470739.00
2024/09/05	2.705	2.740	2.691	2.707	2948810	8006176.00
2024/09/06	2.706	2.713	2.684	2.697	2861941	7712453.00
2024/09/09	2.691	2.736	2.658	2.713	2413041	6476958.00
2024/09/10	2.701	2.720	2.692	2.718	1207558	3263660.00
2024/09/11	2.728	2.728	2.679	2.715	2565709	6923069.00
2024/09/12	2.696	2.713	2.670	2.681	2464686	6638216.00
2024/09/13	2.670	2.716	2.670	2.685	1911964	5145625.00
2024/09/18	2.682	2.712	2.664	2.689	1004492	2690073.00
2024/09/19	2.680	2.715	2.635	2.682	2400263	6424490.00
2024/09/20	2.679	2.684	2.646	2.665	1273052	3389445.00
2024/09/23	2.652	2.668	2.604	2.637	3078764	8096901.00
2024/09/24	2.625	2.700	2.624	2.678	876548	2328966.00
2024/09/25	2.686	2.719	2.644	2.713	2516055	6755377.00
2024/09/26	2.713	2.744	2.690	2.738	2989907	8101846.00
2024/09/27	2.736	2.746	2.700	2.703	1299809	3525623.00
2024/09/30	2.690	2.718	2.601	2.700	2218583	5847242.00
2024/10/08	2.675	2.699	2.640	2.676	1775860	4725026.00
2024/10/09	2.640	2.663	2.624	2.627	3552036	9353146.00
2024/10/10	2.624	2.629	2.592	2.603	3574129	9308463.00
2024/10/11	2.600	2.629	2.592	2.622	2652750	6947876.00
2024/10/14	2.612	2.666	2.584	2.599	3286715	8571903.00
2024/10/15	2.598	2.622	2.560	2.595	2233538	5784320.00
2024/10/16	2.582	2.595	2.552	2.575	3152553	8111235.00
2024/10/17	2.560	2.589	2.560	2.576	1033525	2662484.00
2024/10/18	2.566	2.588	2.552	2.586	1459628	3759728.00
2024/10/21	2.585	2.617	2.550	2.570	3244156	8338856.00
2024/10/22	2.564	2.583	2.559	2.570	2697488	6925409.00
2024/10/23	2.568	2.594	2.547	2.570	3298861	8482596.00
2024/10/24	2.560	2.599	2.527	2.543	2732983	6948364.00
2024/10/25	2.541	2.550	2.506	2.525	3740475	9469740.00
2024/10/28	2.519	2.533	2.480	2.488	1784327	4449440.00
2024/10/29	2.483	2.508	2.468	2.502	4136936	10285693.00
2024/10/30	2.500	2.510	2.481	2.506	3302971	8264136.00
2024/10/31	2.504	2.508	2.481	2.500	3808625	9482981.00
2024/11/01	2.499	2.507	2.481	2.486	2457153	6114423.00
2024/11/04	2.486	2.499	2.478	2.481	3000977	7456126.00
2024/11/05	2.490	2.499	2.460	2.469	3448477	8536490.00
2024/11/06	2.469	2.498	2.451	2.466	3429679	8473359.00
2024/11/07	2.469	2.535	2.459	2.532	2844197	7060383.00
2024/11/08	2.532	2.589	2.523	2.585	2787891	7161422.00
2024/11/11	2.590	2.628	2.590	2.626	2327020	6086738.00
2024/11/12	2.628	2.649	2.622	2.623	3153760	8310947.00
2024/11/13	2.634	2.649	2.606	2.626	3571690	9346258.00
2024/11/14	2.633	2.645	2.630	2.632	3523769	9288010.00
2024/11/15	2.634	2.643	2.567	2.599	3645266	9473376.00
2024/11/18	2.587	2.605	2.553	2.599	1795523	4652512.00
2024/11/19	2.541	2.590	2.541	2.574	3142337	8073602.00
2024/11/20	2.573	2.580	2.558	2.567	4082936	10493792.00
2024/11/21	2.571	2.595	2.564	2.590	2620943	6748072.00
2024/11/22	2.590	2.600	2.560	2.564	3490326	9002098.00
2024/11/25	2.564	2.577	2.536	2.564	2299711	5884688.00
2024/11/26	2.561	2.574	2.561	2.573	4065814	10435875.00
2024/11/27	2.560	2.604	2.560	2.580	3492642	9020413.00
2024/11/28	2.577	2.590	2.575	2.587	2081239	5374966.00
2024/11/29	2.578	2.607	2.565	2.568	4791928	12383543.00
2024/12/02	2.568	2.598	2.568	2.582	2973965	7700907.00
2024/12/03	2.595	2.609	2.585	2.607	976783	2536704.00
2024/12/04	2.607	2.622	2.601	2.619	2037202	5316767.00
2024/12/05	2.619	2.670	2.608	2.618	2390531	6261452.00
2024/12/06	2.608	2.627	2.598	2.617	3164724	8278890.00
2024/12/09	2.616	2.640	2.602	2.607	16635693	43606232.00
2024/12/10	2.618	2.714	2.600	2.701	7924242	21240500.00
2024/12/11	2.701	2.770	2.662	2.756	7397370	20130728.00
2024/12/12	2.719	2.790	2.719	2.742	5561453	15311375.00
2024/12/13	2.740	2.776	2.704	2.750	5354513	14785631.00
2024/12/16	2.739	2.886	2.713	2.881	5260775	14759184.00
2024/12/17	2.881	2.903	2.842	2.857	3655274	10495976.00
2024/12/18	2.857	2.871	2.776	2.819	5277770	14841306.00
2024/12/19	2.806	2.835	2.764	2.812	7694476	21540866.00
2024/12/20	2.800	2.870	2.775	2.830	13913555	39565304.00
2024/12/23	2.843	2.885	2.834	2.876	9687353	27714430.00
2024/12/24	2.848	2.900	2.843	2.875	5163332	14781443.00
2024/12/25	2.874	2.884	2.839	2.839	3407773	9765532.00
2024/12/26	2.839	2.879	2.800	2.850	9004199	25686444.00
2024/12/27	2.847	2.874	2.831	2.861	7390805	21139104.00
2024/12/30	2.859	2.900	2.835	2.869	3875897	11125085.00
2024/12/31	2.869	2.934	2.860	2.900	5072364	14685006.00
2025/01/02	2.900	3.005	2.860	2.985	3243441	9639971.00
2025/01/03	2.996	3.125	2.996	3.022	5634916	17100312.00
2025/01/06	3.010	3.078	3.010	3.025	3201692	9753489.00
2025/01/07	2.985	3.025	2.960	2.980	3039923	9069324.00
2025/01/08	2.973	3.070	2.967	3.000	4393237	13237605.00
2025/01/09	3.004	3.067	3.004	3.055	5544635	16811456.00
2025/01/10	3.056	3.118	3.028	3.066	3177890	9758988.00
2025/01/13	3.060	3.115	3.026	3.076	6553431	20257088.00
2025/01/14	3.068	3.068	3.000	3.032	4183383	12680254.00
2025/01/15	3.032	3.078	2.992	3.057	6217568	18929870.00
2025/01/16	3.018	3.055	3.018	3.044	3406072	10372200.00
2025/01/17	3.044	3.050	3.005	3.041	2914225	8802299.00
2025/01/20	3.003	3.076	3.003	3.046	3553806	10819342.00
2025/01/21	3.052	3.060	3.021	3.058	2967647	9052093.00
2025/01/22	3.051	3.125	3.044	3.112	4141231	12730054.00
2025/01/23	3.102	3.120	3.087	3.106	2850527	8864729.00
2025/01/24	3.100	3.114	3.078	3.079	2472410	7655596.00
2025/01/27	3.081	3.100	3.074	3.077	855012	2641184.00
2025/02/05	3.093	3.128	3.066	3.119	885252	2739508.00
2025/02/06	3.124	3.170	3.124	3.146	2456367	7734627.00
2025/02/07	3.196	3.196	3.129	3.148	921934	2902844.00
2025/02/10	3.146	3.160	3.146	3.157	2994751	9443551.00
2025/02/11	3.157	3.305	3.132	3.275	2494532	8101580.00
2025/02/12	3.275	3.319	3.156	3.191	3052697	9830296.00
2025/02/13	3.191	3.191	3.065	3.070	2378794	7387614.00
2025/02/14	3.070	3.117	3.003	3.080	5082255	15568611.00
2025/02/17	3.080	3.163	3.068	3.101	1623147	5059972.00
2025/02/18	3.101	3.140	3.090	3.100	3079317	9599927.00
2025/02/19	3.099	3.105	3.089	3.098	3037496	9407185.00
2025/02/20	3.099	3.178	3.099	3.139	5110103	16109572.00
2025/02/21	3.145	3.219	3.145	3.158	5809825	18390940.00
2025/02/24	3.150	3.189	3.120	3.150	3875941	12199502.00
2025/02/25	3.125	3.125	3.050	3.085	1857297	5720652.00
2025/02/26	3.078	3.120	3.045	3.118	3913962	12131676.00
2025/02/27	3.109	3.118	3.066	3.096	3682781	11331501.00
2025/02/28	3.096	3.096	3.052	3.084	2678251	8200111.00
2025/03/03	3.094	3.115	3.050	3.112	1023102	3160964.00
2025/03/04	3.121	3.163	3.115	3.116	3878004	12150892.00
2025/03/05	3.110	3.110	3.080	3.100	3810504	11812190.00
2025/03/06	3.095	3.100	3.055	3.061	3852406	11786004.00
2025/03/07	3.062	3.099	3.006	3.069	5142788	15587511.00
2025/03/10	3.079	3.079	3.030	3.067	3157641	9681092.00
2025/03/11	3.067	3.067	3.030	3.033	2765684	8411393.00
2025/03/12	3.033	3.048	2.967	3.002	5697875	17063504.00
2025/03/13	2.993	3.020	2.984	3.000	6871309	20619678.00
2025/03/14	3.029	3.029	2.983	3.001	2542663	7607130.00
2025/03/17	3.001	3.016	2.987	2.992	906416	2719503.00
2025/03/18	2.990	3.037	2.990	3.029	3353631	10104349.00
2025/03/19	3.029	3.107	3.025	3.088	3394624	10365558.00
2025/03/20	3.088	3.120	3.073	3.092	3140317	9736454.00
2025/03/21	3.092	3.108	3.051	3.052	2707615	8343135.00
2025/03/24	3.052	3.074	3.039	3.070	1791964	5489667.00
2025/03/25	3.067	3.116	3.040	3.108	1844797	5713855.00
2025/03/26	3.107	3.124	3.083	3.100	2373842	7368572.00
2025/03/27	3.100	3.153	3.089	3.117	2863903	8932366.00
2025/03/28	3.117	3.225	3.117	3.194	1119033	3523912.00
2025/03/31	3.194	3.220	3.138	3.195	4132097	13099007.00
2025/04/01	3.195	3.222	3.157	3.200	2591454	8277074.00
2025/04/02	3.295	3.295	3.196	3.215	1577446	5051675.00
2025/04/03	3.211	3.340	3.211	3.296	1501650	4957716.00
2025/04/07	3.300	3.528	3.264	3.283	3322253	10944434.00
2025/04/08	3.298	3.310	3.215	3.241	1814812	5883137.00
2025/04/09	3.242	3.263	3.201	3.224	1452197	4673833.00
2025/04/10	3.222	3.267	3.187	3.267	1537927	4959823.00
2025/04/11	3.253	3.320	3.253	3.286	3063223	10068018.00
2025/04/14	3.283	3.349	3.268	3.292	2793882	9235470.00
2025/04/15	3.287	3.312	3.275	3.311	872461	2875337.00
2025/04/16	3.324	3.324	3.307	3.310	3000804	9935229.00
2025/04/17	3.308	3.330	3.303	3.327	2113073	7025859.00
2025/04/18	3.321	3.330	3.311	3.320	316998	1052611.00
2025/04/21	3.309	3.309	3.274	3.305	1104602	3628615.00
2025/04/22	3.292	3.313	3.276	3.297	1944746	6428998.00
2025/04/23	3.285	3.309	3.277	3.290	447432	1471408.00
2025/04/24	3.293	3.310	3.216	3.250	4293904	13933848.00
2025/04/25	3.250	3.260	3.223	3.259	2053764	6646748.00
2025/04/28	3.258	3.258	3.230	3.240	689749	2232643.00
2025/04/29	3.240	3.292	3.239	3.242	536736	1745452.00
2025/04/30	3.240	3.275	3.233	3.260	2216486	7214440.00
2025/05/06	3.279	3.279	3.260	3.276	813034	2653978.00
2025/05/07	3.276	3.313	3.213	3.296	2146251	7036652.00
2025/05/08	3.297	3.316	3.272	3.309	1753306	5790170.00
2025/05/09	3.312	3.374	3.296	3.359	785320	2615565.00
2025/05/12	3.359	3.399	3.353	3.374	1834759	6184188.00
2025/05/13	3.370	3.441	3.342	3.412	2071725	6996556.00
2025/05/14	3.412	3.440	3.391	3.425	2189707	7500516.00
2025/05/15	3.432	3.457	3.407	3.457	1204059	4114584.00
2025/05/16	3.458	3.485	3.443	3.465	1910310	6626028.00
2025/05/19	3.479	3.481	3.438	3.465	2349916	8133366.00
2025/05/20	3.479	3.496	3.467	3.480	1908858	6645542.00
2025/05/21	3.456	3.500	3.422	3.474	2161672	7487290.00
2025/05/22	3.471	3.474	3.411	3.436	1431415	4921836.00
2025/05/23	3.450	3.492	3.402	3.445	1818173	6287267.00
2025/05/26	3.452	3.497	3.441	3.449	3546494	12237895.00
2025/05/27	3.463	3.494	3.421	3.443	589601	2026349.00
2025/05/28	3.429	3.460	3.420	3.435	194824	669824.00
2025/05/29	3.436	3.439	3.400	3.413	1768411	6041838.00
2025/05/30	3.405	3.427	3.399	3.414	687933	2352700.00
2025/06/03	3.412	3.434	3.398	3.415	1376090	4684991.00
2025/06/04	3.415	3.454	3.401	3.426	650358	2225560.00
2025/06/05	3.425	3.460	3.420	3.430	832076	2857819.00
2025/06/06	3.432	3.453	3.417	3.429	406174	1391958.00
2025/06/09	3.442	3.469	3.420	3.438	1495155	5132558.00
2025/06/10	3.445	3.487	3.438	3.486	1332970	4609640.00
2025/06/11	3.486	3.549	3.448	3.469	2404554	8367866.00
2025/06/12	3.495	3.499	3.455	3.478	2378630	8235937.00
2025/06/13	3.478	3.580	3.465	3.577	3736392	13110687.00
2025/06/16	3.578	3.645	3.549	3.600	1695339	6116291.00
2025/06/17	3.600	3.655	3.600	3.646	796695	2904886.00
2025/06/18	3.587	3.800	3.551	3.794	567393	2116700.00
2025/06/19	3.800	3.878	3.751	3.816	2496529	9467241.00
2025/06/20	3.807	3.875	3.771	3.855	1343011	5151477.00
2025/06/23	3.840	3.882	3.830	3.875	1838336	7085262.00
2025/06/24	3.860	3.888	3.701	3.837	2463456	9404991.00
2025/06/25	3.837	3.849	3.797	3.833	856364	3270604.00
2025/06/26	3.818	3.870	3.800	3.824	1455787	5572464.00
2025/06/27	3.822	3.824	3.785	3.820	1799731	6837200.00
2025/06/30	3.820	3.830	3.782	3.821	1393248	5293009.00
2025/07/01	3.800	3.815	3.773	3.790	1260095	4776502.00
2025/07/02	3.785	3.850	3.776	3.836	1243877	4753537.00
2025/07/03	3.826	3.885	3.811	3.836	1577200	6084600.00
2025/07/04	3.836	3.848	3.820	3.842	1122197	4298633.00
2025/07/07	3.843	3.847	3.820	3.830	568952	2179834.00
2025/07/08	3.846	3.846	3.750	3.753	2171039	8195362.00
2025/07/09	3.750	3.768	3.665	3.714	3330769	12303043.00
2025/07/10	3.699	3.757	3.670	3.718	2064294	7675130.00
2025/07/11	3.700	3.766	3.674	3.704	2635089	9723505.00
2025/07/14	3.686	3.701	3.669	3.682	672203	2471732.00
2025/07/15	3.680	3.733	3.644	3.731	1981189	7340249.00
2025/07/16	3.718	3.760	3.700	3.723	1811747	6761483.00
2025/07/17	3.705	3.741	3.691	3.703	1232478	4565776.00
2025/07/18	3.703	3.703	3.650	3.653	1193276	4378031.00
2025/07/21	3.650	3.653	3.619	3.627	1603624	5817056.00
2025/07/22	3.626	3.638	3.569	3.587	1501050	5418891.00
2025/07/23	3.601	3.602	3.511	3.564	2737529	9709260.00
2025/07/24	3.563	3.602	3.524	3.545	1268597	4497907.00
2025/07/25	3.545	3.568	3.517	3.542	1515739	5357123.00
2025/07/28	3.542	3.593	3.542	3.578	1820742	6500903.00
2025/07/29	3.589	3.614	3.560	3.571	582969	2086053.00
2025/07/30	3.570	3.589	3.564	3.571	2012997	7193402.00
2025/07/31	3.582	3.674	3.572	3.665	3135437	11399640.00
2025/08/01	3.665	3.709	3.650	3.698	4342144	16016897.00
2025/08/04	3.713	3.730	3.653	3.680	2383218	8811148.00
2025/08/05	3.680	3.713	3.632	3.663	1287006	4695489.00
2025/08/06	3.662	3.678	3.654	3.678	819130	3006709.00
2025/08/07	3.676	3.697	3.663	3.680	2147940	7894664.00
2025/08/08	3.695	3.716	3.660	3.666	1387929	5113289.00
2025/08/11	3.666	3.682	3.610	3.645	1519897	5528940.00
2025/08/12	3.644	3.659	3.630	3.652	1648812	6007070.00
2025/08/13	3.637	3.643	3.589	3.596	2077098	7485401.00
2025/08/14	3.600	3.600	3.541	3.548	4492311	15969493.00
2025/08/15	3.546	3.548	3.508	3.508	3170917	11169419.00
2025/08/18	3.508	3.508	3.413	3.420	2567656	8793996.00
2025/08/19	3.423	3.439	3.310	3.368	8079027	27090340.00
2025/08/20	3.388	3.388	3.348	3.363	3538041	11909970.00
2025/08/21	3.363	3.380	3.329	3.363	5026365	16885030.00
2025/08/22	3.380	3.395	3.348	3.374	3579704	12039968.00
2025/08/25	3.380	3.395	3.314	3.378	4615314	15534001.00
2025/08/26	3.369	3.446	3.358	3.419	8525819	29021728.00
2025/08/27	3.428	3.437	3.400	3.431	4341595	14872596.00
2025/08/28	3.410	3.444	3.410	3.430	2487699	8531414.00
2025/08/29	3.430	3.437	3.380	3.437	3783974	12910255.00
2025/09/01	3.395	3.430	3.395	3.428	272788	933459.00
2025/09/02	3.430	3.446	3.412	3.422	3951502	13537008.00
2025/09/03	3.428	3.438	3.395	3.420	3689556	12634757.00
2025/09/04	3.400	3.528	3.400	3.452	5050321	17517052.00
2025/09/05	3.474	3.500	3.360	3.395	3936576	13369696.00
2025/09/08	3.392	3.392	3.348	3.354	3814935	12809099.00
2025/09/09	3.355	3.357	3.313	3.353	3145245	10475921.00
2025/09/10	3.339	3.339	3.307	3.311	2220573	7355386.00
2025/09/11	3.300	3.316	3.274	3.297	3610805	11878491.00
2025/09/12	3.297	3.366	3.270	3.359	1038131	3464939.00
2025/09/15	3.359	3.369	3.349	3.353	716543	2403534.00
2025/09/16	3.353	3.370	3.322	3.367	2412334	8051168.00
2025/09/17	3.359	3.392	3.347	3.380	4493006	15096276.00
2025/09/18	3.375	3.440	3.349	3.429	4346089	14681252.00
2025/09/19	3.440	3.440	3.396	3.433	2894002	9926725.00
2025/09/22	3.432	3.432	3.375	3.420	1387385	4725133.00
2025/09/23	3.413	3.413	3.404	3.412	1959139	6677169.00
2025/09/24	3.419	3.429	3.384	3.403	330289	1121259.00
2025/09/25	3.405	3.429	3.363	3.389	1101372	3721706.00
2025/09/26	3.377	3.395	3.349	3.381	2704162	9115575.00
2025/09/29	3.369	3.395	3.342	3.381	816336	2751220.00
2025/09/30	3.370	3.408	3.363	3.403	208400	704993.00
2025/10/09	3.403	3.406	3.391	3.402	610459	2075816.00
2025/10/10	3.402	3.457	3.363	3.407	2239956	7657565.00
2025/10/13	3.407	3.450	3.406	3.409	2423985	8313179.00
2025/10/14	3.419	3.420	3.371	3.388	2372425	8026272.00
2025/10/15	3.384	3.419	3.350	3.364	2788881	9391834.00
2025/10/16	3.370	3.374	3.259	3.338	4268479	14204412.00
2025/10/17	3.318	3.335	3.215	3.262	4215251	13723563.00
2025/10/20	3.237	3.254	3.117	3.147	4140620	13036724.00
2025/10/21	3.142	3.167	3.094	3.148	4147791	13011286.00
2025/10/22	3.161	3.185	3.133	3.148	5471125	17268036.00
2025/10/23	3.144	3.158	3.138	3.149	2770200	8707121.00
2025/10/24	3.149	3.244	3.149	3.200	5063362	16141166.00
2025/10/27	3.187	3.196	3.161	3.170	1579868	5007837.00
2025/10/28	3.168	3.229	3.163	3.200	8968254	28649164.00
2025/10/29	3.199	3.210	3.173	3.193	4163163	13297996.00
2025/10/30	3.200	3.200	3.178	3.184	1580997	5036162.00
2025/10/31	3.186	3.228	3.137	3.177	9589711	30425284.00
2025/11/03	3.180	3.194	3.114	3.126	4737666	14857720.00
2025/11/04	3.130	3.130	3.059	3.100	11833245	36611012.00
2025/11/05	3.100	3.106	3.033	3.060	5514535	16840868.00
2025/11/06	3.048	3.075	3.045	3.049	4826902	14720755.00
2025/11/07	3.050	3.105	3.049	3.075	5675699	17512432.00
2025/11/10	3.075	3.170	3.052	3.144	9178176	28202538.00
2025/11/11	3.139	3.190	3.104	3.183	8460076	26641584.00
2025/11/12	3.179	3.187	3.142	3.151	2386702	7549637.00
2025/11/13	3.150	3.174	3.120	3.155	3913021	12302367.00
2025/11/14	3.151	3.177	3.146	3.155	4933731	15566476.00
2025/11/17	3.120	3.150	3.100	3.120	3176014	9930031.00
2025/11/18	3.136	3.139	3.069	3.131	7557528	23300468.00
2025/11/19	3.115	3.120	3.068	3.087	6433031	19875640.00
2025/11/20	3.079	3.079	3.050	3.063	9734788	29799208.00
2025/11/21	3.052	3.072	3.039	3.065	14825119	45379744.00
2025/11/24	3.063	3.065	3.052	3.061	7587087	23216476.00
2025/11/25	3.059	3.097	3.045	3.077	19140660	58372504.00
2025/11/26	3.077	3.085	3.058	3.080	15906662	48906240.00
2025/11/27	3.046	3.083	3.046	3.083	7078123	21688190.00
2025/11/28	3.077	3.080	3.052	3.070	6574542	20137400.00
2025/12/02	3.050	3.060	3.026	3.048	12789052	38951164.00
2025/12/03	3.053	3.077	3.028	3.064	6912464	21128640.00
2025/12/04	3.058	3.119	3.021	3.074	6639665	20316634.00
2025/12/05	3.068	3.142	3.051	3.135	4004002	12349055.00
2025/12/16	2.872	2.883	2.800	2.834	3333123	9436166.00
2025/12/17	2.835	2.861	2.790	2.820	4099299	11537048.00
2025/12/18	2.815	2.824	2.801	2.814	2280918	6403849.00
2025/12/19	2.825	2.825	2.730	2.806	3399388	9512939.00
2025/12/22	2.802	2.808	2.776	2.802	2077533	5808634.00
2025/12/23	2.797	2.838	2.726	2.780	3984962	11041799.00
2025/12/24	2.749	2.908	2.731	2.904	4664531	13215924.00
2025/12/25	2.868	3.011	2.868	2.980	5663178	16874354.00
2025/12/26	2.980	2.986	2.919	2.974	2230586	6634186.00
2025/12/29	2.934	2.960	2.868	2.955	4481813	13104529.00
2025/12/30	2.916	2.960	2.909	2.958	2393769	7051237.00
2025/12/31	2.948	2.979	2.938	2.959	841094	2483978.00
2026/01/05	2.948	3.000	2.944	2.970	3135608	9332741.00
2026/01/06	2.966	3.000	2.960	2.971	3534922	10500790.00
2026/01/07	2.970	2.998	2.930	2.970	5019933	14895940.00
2026/01/08	2.950	2.961	2.932	2.950	4063841	11969059.00
2026/01/09	2.949	2.956	2.927	2.929	3606721	10590713.00
2026/01/12	2.950	2.955	2.890	2.917	3576009	10469693.00
2026/01/13	2.916	2.916	2.850	2.890	3670468	10556603.00
2026/01/14	2.885	2.898	2.860	2.889	4797574	13812713.00
2026/01/15	2.879	2.903	2.873	2.892	2603652	7520653.00
2026/01/16	2.885	2.900	2.877	2.892	1719717	4967349.00
2026/01/19	2.909	2.909	2.868	2.870	3212775	9283554.00
2026/01/20	2.870	2.903	2.870	2.899	4537896	13131256.00
2026/01/21	2.899	2.927	2.896	2.916	4042645	11755554.00
2026/01/22	2.918	2.945	2.903	2.910	3207237	9370135.00
2026/01/23	2.916	2.950	2.890	2.901	3101530	9070293.00
2026/01/26	2.871	2.940	2.871	2.900	851017	2464176.00
2026/01/27	2.900	2.958	2.882	2.932	3746728	10949502.00
2026/01/28	2.933	2.956	2.927	2.950	3794880	11178131.00
2026/01/29	2.950	2.979	2.940	2.972	5052800	14944450.00
2026/01/30	2.970	2.977	2.956	2.957	2491890	7376902.00
2026/02/02	2.954	2.954	2.919	2.922	1618859	4739196.00
2026/02/03	2.927	2.939	2.916	2.932	3157865	9258607.00
2026/02/04	2.928	2.934	2.925	2.928	1940373	5683940.00
2026/02/05	2.933	2.933	2.912	2.916	1758380	5137356.00
2026/02/06	2.915	2.921	2.905	2.909	638662	1858399.00
2026/02/09	2.909	2.911	2.867	2.897	2168194	6258386.00
2026/02/10	2.891	2.899	2.874	2.894	2261302	6528727.00
2026/02/11	2.891	2.918	2.882	2.902	3009035	8742039.00
2026/02/12	2.905	2.918	2.895	2.899	1370092	3974122.00
2026/02/13	2.908	2.908	2.884	2.894	331717	960271.00
2026/02/24	2.893	2.900	2.885	2.898	463422	1340804.00
2026/02/25	2.897	2.910	2.897	2.900	2916099	8459212.00
2026/02/26	2.898	2.898	2.857	2.874	3490124	10005415.00
2026/02/27	2.867	2.873	2.820	2.840	3813054	10816394.00
2026/03/02	2.834	2.843	2.792	2.804	2016647	5670087.00
2026/03/03	2.803	2.844	2.800	2.825	3361497	9488758.00
2026/03/04	2.830	2.840	2.809	2.838	1265198	3579248.00
2026/03/05	2.841	2.860	2.810	2.818	2661795	7501461.00
2026/03/06	2.814	2.818	2.778	2.790	3481547	9704266.00
2026/03/09	2.783	2.794	2.746	2.790	2445327	6747445.00
2026/03/10	2.784	2.818	2.777	2.812	3528513	9909443.00
2026/03/11	2.812	2.826	2.778	2.794	5553430	15480441.00
2026/03/12	2.794	2.812	2.762	2.765	2383847	6594406.00
2026/03/13	2.765	2.780	2.744	2.776	3415875	9423098.00
2026/03/16	2.770	2.770	2.738	2.745	1221141	3347302.00
2026/03/17	2.750	2.769	2.747	2.755	1317584	3632033.00
2026/03/18	2.748	2.775	2.743	2.775	2847226	7863858.00
2026/03/19	2.775	2.800	2.747	2.765	3365883	9336749.00
2026/03/20	2.767	2.777	2.747	2.763	2718596	7517808.00
2026/03/23	2.766	2.766	2.724	2.753	2026607	5571754.00
2026/03/24	2.751	2.759	2.743	2.753	1246760	3428221.00
2026/04/03	2.736	2.795	2.731	2.795	2769762	7643207.00
#КэҫЭАҙФҙ:НЁҙпРЕ
