508003 ЦРЅрБЄ¶«їЖґґREIT ИХПЯ І»ёґИЁ
      ИХЖЪ	    їЄЕМ	    ЧоёЯ	    ЧоµН	    КХЕМ	    іЙЅ»Бї	    іЙЅ»¶о
2024/11/05	3.234	3.367	3.234	3.249	4894473	15849439.00
2024/11/06	3.241	3.244	3.235	3.238	203109	657784.00
2024/11/07	3.227	3.242	3.227	3.241	541008	1751413.00
2024/11/08	3.240	3.243	3.212	3.240	1371827	4431709.00
2024/11/11	3.211	3.239	3.203	3.234	279855	905194.00
2024/11/12	3.204	3.240	3.204	3.239	1237362	4003620.00
2024/11/13	3.209	3.235	3.209	3.231	66077	213420.00
2024/11/14	3.204	3.234	3.204	3.233	309231	999868.00
2024/11/15	3.207	3.234	3.207	3.227	56195	181569.00
2024/11/18	3.202	3.234	3.202	3.232	39131	126224.00
2024/11/19	3.222	3.235	3.222	3.230	452388	1462524.00
2024/11/20	3.222	3.234	3.222	3.234	61076	197267.00
2024/11/21	3.230	3.234	3.204	3.232	138841	448087.00
2024/11/22	3.202	3.230	3.202	3.230	35905	115777.00
2024/11/25	3.221	3.230	3.212	3.218	32651	105162.00
2024/11/26	3.204	3.234	3.204	3.221	123573	397462.00
2024/11/27	3.212	3.221	3.212	3.221	89552	288354.00
2024/11/28	3.203	3.230	3.203	3.223	41637	134134.00
2024/11/29	3.204	3.223	3.204	3.217	139422	447321.00
2024/12/02	3.212	3.235	3.212	3.231	566911	1831679.00
2024/12/03	3.216	3.235	3.216	3.232	170597	551339.00
2024/12/04	3.231	3.234	3.208	3.231	105612	340752.00
2024/12/05	3.224	3.238	3.223	3.234	179698	581161.00
2024/12/06	3.218	3.238	3.218	3.234	893715	2890279.00
2024/12/09	3.222	3.234	3.222	3.232	216056	698282.00
2024/12/10	3.230	3.235	3.213	3.234	794379	2569011.00
2024/12/11	3.230	3.241	3.229	3.238	651773	2110153.00
2024/12/12	3.234	3.239	3.230	3.238	1162735	3762322.00
2024/12/13	3.238	3.240	3.230	3.239	596272	1929851.00
2024/12/16	3.238	3.276	3.238	3.264	2458604	8010328.00
2024/12/17	3.265	3.269	3.255	3.263	170087	554926.00
2024/12/18	3.258	3.270	3.254	3.270	140366	458516.00
2024/12/19	3.234	3.270	3.234	3.248	137819	447905.00
2024/12/20	3.248	3.270	3.216	3.236	65473	212224.00
2024/12/23	3.235	3.558	3.210	3.259	76641	249073.00
2024/12/24	3.259	3.259	3.227	3.250	121700	394533.00
2024/12/25	3.249	3.250	3.235	3.243	89451	289955.00
2024/12/26	3.243	3.270	3.236	3.270	132921	432380.00
2024/12/27	3.231	3.270	3.231	3.259	169008	551847.00
2024/12/30	3.280	3.356	3.253	3.292	1679308	5518438.00
2024/12/31	3.293	3.335	3.279	3.293	2011534	6632456.00
2025/01/02	3.292	3.350	3.255	3.329	2551827	8475767.00
2025/01/03	3.329	3.370	3.320	3.369	4036309	13546644.00
2025/01/06	3.369	3.375	3.333	3.361	1533310	5156490.00
2025/01/07	3.359	3.359	3.311	3.319	1120589	3718674.00
2025/01/08	3.284	3.399	3.284	3.343	2032762	6797360.00
2025/01/09	3.355	3.422	3.343	3.361	2872796	9696085.00
2025/01/10	3.360	3.383	3.322	3.380	2178375	7349920.00
2025/01/13	3.359	3.382	3.346	3.348	655295	2211375.00
2025/01/14	3.348	3.360	3.297	3.314	1062779	3532730.00
2025/01/15	3.320	3.350	3.295	3.350	149199	497606.00
2025/01/16	3.363	3.380	3.318	3.366	1236200	4155048.00
2025/01/17	3.366	3.380	3.366	3.375	824186	2782427.00
2025/01/20	3.409	3.409	3.341	3.344	284286	953961.00
2025/01/21	3.343	3.375	3.343	3.360	169988	571258.00
2025/01/22	3.360	3.395	3.360	3.394	1224236	4139815.00
2025/01/23	3.373	3.435	3.373	3.434	1817906	6202317.00
2025/01/24	3.406	3.455	3.406	3.452	1755033	6049042.00
2025/01/27	3.450	3.497	3.442	3.463	1789943	6200846.00
2025/02/05	3.463	3.470	3.439	3.459	821173	2841167.00
2025/02/06	3.459	3.475	3.425	3.460	486346	1682369.00
2025/02/07	3.439	3.480	3.431	3.460	678278	2349392.00
2025/02/10	3.470	3.522	3.442	3.518	2291281	8016249.00
2025/02/11	3.514	3.580	3.496	3.566	3855707	13711100.00
2025/02/12	3.544	3.577	3.540	3.546	1233990	4394276.00
2025/02/13	3.535	3.548	3.478	3.497	551415	1930517.00
2025/02/14	3.457	3.530	3.420	3.500	1083823	3801920.00
2025/02/17	3.497	3.550	3.468	3.539	488453	1718716.00
2025/02/18	3.559	3.585	3.521	3.568	614104	2192734.00
2025/02/19	3.622	3.685	3.541	3.662	1108923	4010608.00
2025/02/20	3.662	3.800	3.623	3.687	1734025	6483979.00
2025/02/21	3.676	3.775	3.631	3.665	1939431	7141981.00
2025/02/24	3.665	3.719	3.626	3.658	3280647	11943179.00
2025/02/25	3.629	3.685	3.620	3.652	2659959	9725195.00
2025/02/26	3.680	3.680	3.625	3.649	982308	3575247.00
2025/02/27	3.637	3.645	3.562	3.598	1148072	4122070.00
2025/02/28	3.559	3.570	3.535	3.541	848055	3001009.00
2025/03/03	3.550	3.580	3.540	3.573	108186	385954.00
2025/03/04	3.573	3.680	3.573	3.624	885746	3218857.00
2025/03/05	3.680	3.680	3.625	3.648	2415194	8820818.00
2025/03/06	3.648	3.649	3.615	3.649	648686	2360307.00
2025/03/07	3.649	3.680	3.598	3.635	1594442	5806011.00
2025/03/10	3.622	3.648	3.622	3.636	214593	781173.00
2025/03/11	3.630	3.630	3.614	3.627	221300	801572.00
2025/03/12	3.613	3.632	3.545	3.586	2022827	7215536.00
2025/03/13	3.579	3.611	3.548	3.571	1430838	5129273.00
2025/03/14	3.571	3.593	3.566	3.571	940421	3364074.00
2025/03/17	3.571	3.928	3.570	3.631	2069081	7487478.00
2025/03/18	3.620	3.667	3.620	3.663	428960	1569671.00
2025/03/19	3.665	3.800	3.660	3.667	1022088	3784002.00
2025/03/20	3.667	3.700	3.624	3.650	1750438	6406645.00
2025/03/21	3.633	3.640	3.609	3.630	748387	2708934.00
2025/03/24	3.629	3.649	3.615	3.642	832536	3020389.00
2025/03/25	3.646	3.712	3.631	3.691	709722	2604371.00
2025/03/26	3.680	3.714	3.651	3.712	380980	1408461.00
2025/03/27	3.731	3.764	3.693	3.700	216100	801961.00
2025/03/28	3.707	3.764	3.702	3.732	1632593	6103863.00
2025/03/31	3.718	3.792	3.708	3.785	954700	3561405.00
2025/04/01	3.763	3.783	3.760	3.761	119700	451936.00
2025/04/02	3.742	3.801	3.737	3.768	865441	3274225.00
2025/04/03	3.762	3.874	3.760	3.860	374279	1434207.00
2025/04/07	3.860	4.207	3.619	3.810	1543493	5709306.00
2025/04/08	3.770	3.794	3.696	3.775	866786	3253414.00
2025/04/09	3.775	3.775	3.670	3.696	1177679	4351114.00
2025/04/10	3.690	3.770	3.658	3.747	151072	563049.00
2025/04/11	3.765	3.823	3.729	3.821	226072	851225.00
2025/04/14	3.804	3.890	3.804	3.889	608073	2332042.00
2025/04/15	3.870	3.926	3.870	3.893	454800	1775569.00
2025/04/16	3.909	3.970	3.881	3.904	907232	3547191.00
2025/04/17	3.900	3.954	3.900	3.920	483600	1895287.00
2025/04/18	3.919	3.946	3.888	3.911	92462	360822.00
2025/04/21	3.911	3.926	3.880	3.887	429100	1674913.00
2025/04/22	3.872	3.910	3.862	3.863	1102500	4292819.00
2025/04/23	3.863	3.900	3.861	3.870	486167	1884568.00
2025/04/24	3.855	3.956	3.855	3.938	705905	2770505.00
2025/04/25	3.922	3.983	3.913	3.980	720328	2853881.00
2025/04/28	3.946	3.946	3.910	3.924	611928	2398062.00
2025/04/29	3.919	4.018	3.918	3.988	935993	3717749.00
2025/04/30	3.979	4.100	3.979	4.100	641493	2594388.00
2025/05/06	4.099	4.141	4.061	4.062	224173	922452.00
2025/05/07	4.027	4.070	4.001	4.028	292980	1178713.00
2025/05/08	4.023	4.035	3.935	3.935	639080	2546976.00
2025/05/09	3.935	3.950	3.880	3.919	2348096	9157539.00
2025/05/12	3.920	4.020	3.906	3.976	1050672	4176093.00
2025/05/13	3.960	4.000	3.910	3.963	1807974	7118820.00
2025/05/14	3.976	4.020	3.923	4.004	504475	2012580.00
2025/05/15	3.999	4.000	3.939	3.940	273173	1083150.00
2025/05/16	3.933	3.974	3.932	3.945	725786	2866606.00
2025/05/19	3.958	3.961	3.941	3.950	354300	1399952.00
2025/05/20	3.961	4.091	3.950	4.078	746272	2993543.00
2025/05/21	4.078	4.193	3.998	4.136	921279	3729100.00
2025/05/22	4.106	4.135	4.020	4.024	438900	1784199.00
2025/05/23	4.009	4.024	3.994	4.020	573580	2303110.00
2025/05/26	4.010	4.160	4.010	4.159	320480	1307584.00
2025/05/27	4.138	4.211	4.041	4.089	1666193	6841778.00
2025/05/28	4.088	4.105	4.057	4.098	101065	413850.00
2025/05/29	4.105	4.138	4.103	4.131	385886	1591210.00
2025/05/30	4.117	4.214	4.065	4.076	608693	2482736.00
2025/06/03	4.089	4.089	4.033	4.037	735779	2984198.00
2025/06/04	4.053	4.086	4.010	4.030	512520	2067828.00
2025/06/05	4.030	4.085	4.011	4.056	673659	2728201.00
2025/06/06	4.056	4.088	4.051	4.068	707193	2878158.00
2025/06/09	4.068	4.086	4.057	4.068	288851	1175143.00
2025/06/10	4.067	4.080	4.065	4.074	128972	525123.00
2025/06/11	4.058	4.123	4.058	4.118	326974	1337844.00
2025/06/12	4.118	4.219	4.097	4.125	360013	1490916.00
2025/06/13	4.108	4.174	4.099	4.123	474341	1960740.00
2025/06/16	4.115	4.193	4.086	4.129	668372	2770213.00
2025/06/17	4.129	4.170	4.101	4.110	258422	1070382.00
2025/06/18	4.110	4.142	4.093	4.109	513800	2115644.00
2025/06/19	4.100	4.200	4.073	4.196	656073	2690927.00
2025/06/20	4.199	4.279	4.145	4.270	898294	3804756.00
2025/06/23	4.270	4.293	4.190	4.253	777180	3294538.00
2025/06/24	4.229	4.265	4.136	4.177	808300	3383692.00
2025/06/25	4.202	4.215	4.164	4.174	619900	2598320.00
2025/06/26	4.173	4.210	4.164	4.179	448623	1880157.00
2025/06/27	4.179	4.200	4.089	4.122	457393	1885179.00
2025/06/30	4.140	4.140	4.090	4.100	361000	1480871.00
2025/07/01	4.099	4.168	4.089	4.160	911065	3767475.00
2025/07/02	4.168	4.199	4.168	4.172	208502	873978.00
2025/07/03	4.168	4.193	4.145	4.188	344300	1432302.00
2025/07/04	4.188	4.200	4.170	4.181	176193	736782.00
2025/07/07	4.173	4.209	4.173	4.194	82309	345460.00
2025/07/08	4.229	4.229	4.151	4.165	226881	946774.00
2025/07/09	4.148	4.148	4.090	4.100	518728	2130690.00
2025/07/10	4.081	4.166	4.081	4.103	343686	1409906.00
2025/07/11	4.087	4.139	4.066	4.115	144572	593643.00
2025/07/14	4.099	4.111	4.059	4.088	387091	1583134.00
2025/07/15	4.076	4.112	4.076	4.109	71387	292736.00
2025/07/16	4.108	4.165	4.094	4.164	293197	1211065.00
2025/07/17	4.147	4.187	4.140	4.161	269600	1121689.00
2025/07/18	4.161	4.199	4.147	4.163	379136	1579225.00
2025/07/21	4.163	4.163	4.058	4.110	516800	2117735.00
2025/07/22	4.110	4.118	4.025	4.025	889100	3605714.00
2025/07/23	3.985	3.995	3.849	3.990	1341557	5227843.00
2025/07/24	3.950	3.980	3.900	3.952	1490877	5893032.00
2025/07/25	3.936	3.964	3.862	3.909	1966116	7658072.00
2025/07/28	3.900	3.910	3.869	3.888	1546396	5992913.00
2025/07/29	3.890	3.931	3.861	3.888	644761	2505457.00
2025/07/30	3.900	3.997	3.900	3.980	1283400	5094472.00
2025/07/31	3.992	4.079	3.992	4.006	677900	2737259.00
2025/08/01	4.022	4.050	3.996	4.010	380661	1533687.00
2025/08/04	4.010	4.078	4.010	4.058	740754	3009606.00
2025/08/05	4.058	4.077	4.002	4.058	245858	991408.00
2025/08/06	4.069	4.082	4.042	4.078	385224	1568226.00
2025/08/07	4.074	4.110	4.065	4.079	241700	986910.00
2025/08/08	4.068	4.079	4.050	4.078	113900	462322.00
2025/08/11	4.090	4.099	4.060	4.060	98800	401954.00
2025/08/12	4.050	4.072	4.045	4.061	31093	126139.00
2025/08/13	4.061	4.070	4.055	4.064	47200	191855.00
2025/08/14	4.054	4.075	4.035	4.036	353400	1430486.00
2025/08/15	4.020	4.060	3.955	4.012	714700	2868865.00
2025/08/18	4.025	4.025	3.900	3.903	544886	2138555.00
2025/08/19	3.909	4.100	3.890	3.890	353093	1387269.00
2025/08/20	3.902	3.950	3.902	3.949	190500	752403.00
2025/08/21	3.964	4.012	3.964	4.012	326774	1307177.00
2025/08/22	4.012	4.020	4.000	4.000	392800	1572037.00
2025/08/25	4.000	4.031	3.928	4.004	192802	770845.00
2025/08/26	3.994	4.041	3.981	4.032	545593	2198774.00
2025/08/27	4.032	4.123	4.008	4.112	377527	1531151.00
2025/08/28	4.097	4.168	4.046	4.128	186768	771536.00
2025/08/29	4.103	4.153	4.033	4.134	203093	827606.00
2025/09/01	4.109	4.138	4.062	4.075	229172	936746.00
2025/09/02	4.059	4.111	4.035	4.088	207272	846968.00
2025/09/03	4.100	4.205	4.076	4.198	470575	1953619.00
2025/09/04	4.200	4.262	4.158	4.257	576087	2435942.00
2025/09/05	4.259	4.378	4.161	4.230	808714	3436272.00
2025/09/08	4.200	4.349	4.147	4.194	1326575	5612106.00
2025/09/09	4.189	4.219	4.154	4.179	285693	1193018.00
2025/09/10	4.180	4.192	4.145	4.168	251900	1046656.00
2025/09/11	4.168	4.251	4.149	4.173	712168	2986382.00
2025/09/12	4.173	4.250	4.155	4.198	545400	2297187.00
2025/09/15	4.199	4.252	4.199	4.238	592036	2509160.00
2025/09/16	4.238	4.659	4.199	4.244	300448	1271183.00
2025/09/17	4.245	4.290	4.230	4.250	478900	2041394.00
2025/09/18	4.250	4.360	4.230	4.252	520302	2231132.00
2025/09/19	4.253	4.278	4.234	4.248	371200	1577723.00
2025/09/22	4.249	4.283	4.208	4.246	369251	1573358.00
2025/09/23	4.246	4.269	4.209	4.259	41400	176283.00
2025/09/24	4.260	4.268	4.219	4.264	31200	132967.00
2025/09/25	4.266	4.271	4.230	4.265	67241	286541.00
2025/09/26	4.266	4.303	4.239	4.278	405067	1735380.00
2025/09/29	4.279	4.283	4.250	4.277	40593	173678.00
2025/09/30	4.279	4.380	4.259	4.294	450800	1934165.00
2025/10/09	4.294	4.307	4.270	4.277	358526	1534470.00
2025/10/10	4.280	4.321	4.247	4.262	242600	1039935.00
2025/10/13	4.260	4.288	4.222	4.260	230793	983962.00
2025/10/14	4.252	4.252	4.207	4.220	121200	511282.00
2025/10/15	4.195	4.230	4.170	4.179	79100	330876.00
2025/10/16	4.154	4.179	4.104	4.150	156293	647211.00
2025/10/17	4.150	4.150	4.114	4.122	331500	1366564.00
2025/10/20	4.114	4.114	4.048	4.058	767333	3122288.00
2025/10/21	4.034	4.058	3.974	4.000	279400	1117076.00
2025/10/22	4.016	4.048	3.976	3.998	92493	370220.00
2025/10/23	3.998	4.030	3.998	4.017	192788	773595.00
2025/10/24	3.993	4.100	3.993	4.098	832396	3352408.00
2025/10/27	4.098	4.131	4.055	4.063	102900	418977.00
2025/10/28	4.033	4.183	4.029	4.046	587393	2394401.00
2025/10/29	4.046	4.070	4.020	4.024	161080	649701.00
2025/10/30	4.047	4.047	3.992	4.010	149493	599356.00
2025/10/31	4.010	4.010	3.990	3.997	114893	459496.00
2025/11/03	4.017	4.100	3.949	3.970	210900	839281.00
2025/11/04	3.946	3.947	3.906	3.914	208159	815602.00
2025/11/05	3.937	3.937	3.860	3.868	890573	3448641.00
2025/11/06	3.864	3.874	3.730	3.752	1958366	7463671.00
2025/11/07	3.748	3.752	3.604	3.660	8327793	30183458.00
2025/11/10	3.619	3.620	3.590	3.609	2461169	8865355.00
2025/11/11	3.609	3.743	3.604	3.690	2596580	9543575.00
2025/11/12	3.681	3.791	3.681	3.762	1464400	5503548.00
2025/11/13	3.785	3.799	3.760	3.767	1942993	7329807.00
2025/11/14	3.789	3.998	3.760	3.846	1268300	4826723.00
2025/11/17	3.846	3.914	3.835	3.837	1005400	3875815.00
2025/11/18	3.823	3.891	3.796	3.805	881493	3367464.00
2025/11/19	3.797	3.817	3.780	3.804	705400	2685893.00
2025/11/20	3.781	3.847	3.781	3.836	355500	1359590.00
2025/11/21	3.813	4.152	3.796	3.860	759900	2945659.00
2025/11/24	3.861	3.882	3.821	3.826	963593	3711914.00
2025/11/25	3.826	4.000	3.787	3.851	579400	2234328.00
2025/11/26	3.828	3.900	3.827	3.844	1008993	3911896.00
2025/11/27	3.821	3.867	3.820	3.854	785793	3025566.00
2025/11/28	3.850	3.897	3.837	3.868	468900	1811659.00
2025/12/01	3.845	3.900	3.800	3.868	620700	2398531.00
2025/12/02	3.865	3.938	3.850	3.882	750700	2919995.00
2025/12/03	3.883	3.929	3.766	3.839	1271400	4924549.00
2025/12/04	3.830	3.853	3.785	3.843	824893	3140476.00
2025/12/05	3.843	3.850	3.803	3.847	697100	2662266.00
2025/12/08	3.848	3.935	3.741	3.813	777100	2978109.00
2025/12/09	3.813	3.815	3.706	3.801	2173600	8174090.00
2025/12/10	3.801	3.842	3.731	3.807	2144993	8117873.00
2025/12/11	3.806	3.806	3.738	3.756	1416361	5338532.00
2025/12/12	3.752	3.780	3.726	3.767	924793	3472445.00
2025/12/15	3.762	3.813	3.730	3.747	2102993	7917994.00
2025/12/16	3.747	3.756	3.720	3.722	866300	3230627.00
2025/12/17	3.719	3.799	3.719	3.739	1032793	3872657.00
2025/12/18	3.721	3.777	3.716	3.738	1574479	5869798.00
2025/12/19	3.704	3.780	3.681	3.740	2376992	8867123.00
2025/12/22	3.754	3.754	3.703	3.707	358146	1331954.00
2025/12/23	3.700	3.744	3.649	3.668	1632153	6057364.00
2025/12/24	3.695	3.790	3.641	3.720	1647040	6131994.00
2025/12/25	3.720	3.771	3.720	3.746	1548486	5815419.00
2025/12/26	3.779	3.813	3.751	3.761	787393	2973243.00
2025/12/29	3.731	3.780	3.731	3.777	806601	3041986.00
2025/12/30	3.776	3.809	3.763	3.788	997700	3776333.00
2025/12/31	3.789	3.830	3.748	3.809	282693	1076300.00
2026/01/05	3.808	3.866	3.771	3.864	678986	2613120.00
2026/01/06	3.864	3.901	3.836	3.901	1205086	4682970.00
2026/01/07	3.901	3.970	3.865	3.934	467166	1831049.00
2026/01/08	3.930	3.957	3.900	3.921	554993	2179787.00
2026/01/09	3.921	3.953	3.600	3.850	1119293	4318515.00
2026/01/12	3.770	3.910	3.770	3.900	899571	3481912.00
2026/01/13	3.899	3.920	3.850	3.897	349259	1363214.00
2026/01/14	3.863	3.931	3.863	3.913	476694	1864046.00
2026/01/15	3.930	3.930	3.900	3.907	392722	1536094.00
2026/01/16	3.910	3.930	3.884	3.907	182393	714539.00
2026/01/19	3.927	3.950	3.893	3.931	596440	2345442.00
2026/01/20	3.936	4.013	3.922	3.929	1653340	6553748.00
2026/01/21	3.943	4.030	3.921	4.009	1217079	4864496.00
2026/01/22	3.985	4.150	3.976	4.070	1730786	7046928.00
2026/01/23	4.045	4.196	4.034	4.149	1123720	4638359.00
2026/01/26	4.150	4.200	4.017	4.156	1078900	4418837.00
2026/01/27	4.131	4.135	4.040	4.071	1396100	5688168.00
2026/01/28	4.048	4.093	4.032	4.059	1226886	4979181.00
2026/01/29	4.066	4.150	4.058	4.142	852912	3491269.00
2026/01/30	4.151	4.160	4.079	4.117	358755	1480721.00
2026/02/02	4.092	4.092	3.989	4.017	662493	2669967.00
2026/02/03	4.000	4.069	4.000	4.033	494500	1996306.00
2026/02/04	4.032	4.098	4.025	4.063	587800	2393280.00
2026/02/05	4.063	4.063	4.012	4.022	746401	3012990.00
2026/02/06	4.026	4.047	3.981	4.001	466700	1868950.00
2026/02/09	3.960	3.988	3.921	3.946	107293	422975.00
2026/02/10	3.940	3.977	3.923	3.973	482093	1910289.00
2026/02/11	3.976	4.005	3.976	3.995	207700	830229.00
2026/02/12	4.020	4.020	3.963	3.967	314300	1256782.00
2026/02/13	3.997	3.997	3.980	3.986	154732	617184.00
2026/02/24	4.017	4.017	3.991	3.996	47993	191818.00
2026/02/25	3.999	4.017	3.967	3.973	250000	1001648.00
2026/02/26	3.997	3.999	3.937	3.950	216800	856596.00
2026/02/27	3.950	3.950	3.920	3.924	303500	1193869.00
2026/03/02	3.923	3.979	3.923	3.962	447200	1767096.00
2026/03/03	3.966	3.985	3.963	3.984	288093	1146505.00
2026/03/04	3.986	4.000	3.947	3.951	82787	329124.00
2026/03/05	3.986	3.996	3.912	3.939	188400	744156.00
2026/03/06	3.943	3.943	3.865	3.898	321493	1256563.00
2026/03/09	3.890	3.950	3.835	3.925	374340	1454592.00
2026/03/10	3.933	4.007	3.929	3.959	261279	1044689.00
2026/03/11	3.966	3.966	3.943	3.948	222493	880727.00
2026/03/12	3.982	3.982	3.900	3.919	158800	622338.00
2026/03/13	3.923	3.951	3.912	3.944	173100	682094.00
2026/03/16	3.944	4.020	3.864	3.951	315493	1232337.00
2026/03/17	3.950	3.978	3.911	3.944	456993	1802258.00
2026/03/18	3.949	3.964	3.934	3.938	229800	910184.00
2026/03/19	3.981	4.005	3.868	3.935	192900	758840.00
2026/03/20	3.939	3.940	3.909	3.912	468300	1836927.00
2026/03/23	3.912	3.912	3.873	3.894	252093	981097.00
2026/03/24	3.903	3.938	3.885	3.897	203386	795423.00
2026/04/03	3.831	3.835	3.824	3.827	252000	965008.00
#КэѕЭАґФґ:НЁґпРЕ
