508056 櫓쏜팹쭤薑REIT 휑窟 꼇릿홈
      휑퍅	    역턍	    離멕	    離됴	    澗턍	    냥슥좆	    냥슥띨
2021/06/21	3.920	4.279	3.920	3.972	75799938	305190784.00
2021/06/22	3.970	3.970	3.770	3.894	21127689	81524000.00
2021/06/23	3.904	3.913	3.889	3.911	5599722	21831176.00
2021/06/24	3.912	3.912	3.895	3.901	2849178	11115732.00
2021/06/25	3.900	3.910	3.890	3.909	4518077	17596258.00
2021/06/28	3.911	3.911	3.897	3.898	1724616	6724854.00
2021/06/29	3.897	3.897	3.891	3.891	1763228	6862738.00
2021/06/30	3.890	3.900	3.890	3.893	854211	3325253.00
2021/07/01	3.895	3.910	3.895	3.904	1295803	5055069.00
2021/07/02	3.900	3.900	3.888	3.896	1952624	7599877.00
2021/07/05	3.895	3.895	3.889	3.891	2581337	10042719.00
2021/07/06	3.890	3.891	3.883	3.886	2679350	10416128.00
2021/07/07	3.886	3.886	3.871	3.872	1782166	6912730.00
2021/07/08	3.872	3.874	3.853	3.855	2425684	9369180.00
2021/07/09	3.855	3.855	3.837	3.845	2041831	7846238.00
2021/07/12	3.845	3.850	3.825	3.832	2130405	8160201.00
2021/07/13	3.831	3.860	3.816	3.846	1538372	5885671.00
2021/07/14	3.846	3.849	3.836	3.845	1006719	3869004.00
2021/07/15	3.845	3.882	3.843	3.881	837088	3236441.00
2021/07/16	3.880	3.891	3.877	3.890	2294346	8921184.00
2021/07/19	3.890	3.890	3.870	3.884	2689227	10436429.00
2021/07/20	3.884	3.884	3.878	3.882	1530971	5941883.00
2021/07/21	3.880	3.884	3.875	3.879	1297013	5031668.00
2021/07/22	3.877	3.897	3.875	3.896	798496	3106524.00
2021/07/23	3.895	3.914	3.887	3.909	919730	3591221.00
2021/07/26	3.908	3.908	3.859	3.865	2978016	11525389.00
2021/07/27	3.865	3.871	3.851	3.855	1110183	4280288.00
2021/07/28	3.855	3.880	3.831	3.870	1322903	5084927.00
2021/07/29	3.868	3.892	3.855	3.889	1204265	4671501.00
2021/07/30	3.889	3.890	3.871	3.889	2424815	9419409.00
2021/08/02	3.889	3.906	3.883	3.898	4397407	17133160.00
2021/08/03	3.898	3.915	3.895	3.901	2547009	9949386.00
2021/08/04	3.901	3.911	3.895	3.903	4235675	16542573.00
2021/08/05	3.903	3.909	3.903	3.907	1936662	7566831.00
2021/08/06	3.907	3.921	3.900	3.915	2492324	9757827.00
2021/08/09	3.915	3.915	3.907	3.911	1129177	4415605.00
2021/08/10	3.911	3.911	3.901	3.905	1691725	6607462.00
2021/08/11	3.905	3.908	3.900	3.902	2226753	8689697.00
2021/08/12	3.902	3.907	3.900	3.902	1537316	5998663.00
2021/08/13	3.901	3.907	3.901	3.902	1098881	4288557.00
2021/08/16	3.903	3.903	3.891	3.896	1816234	7076650.00
2021/08/17	3.896	3.905	3.888	3.904	2738623	10668307.00
2021/08/18	3.903	3.918	3.898	3.916	3963035	15503670.00
2021/08/19	3.916	3.931	3.912	3.930	4036590	15822394.00
2021/08/20	3.930	3.935	3.927	3.930	2186837	8595065.00
2021/08/23	3.930	3.930	3.916	3.927	1921586	7542774.00
2021/08/24	3.927	3.948	3.918	3.941	5680029	22360864.00
2021/08/25	3.941	3.984	3.932	3.984	8714320	34584028.00
2021/08/26	3.985	4.018	3.977	4.008	9660224	38569120.00
2021/08/27	4.008	4.074	4.004	4.060	6764990	27368156.00
2021/08/30	4.061	4.127	4.055	4.091	12484737	51159160.00
2021/08/31	4.091	4.114	4.070	4.089	9661955	39516536.00
2021/09/01	4.087	4.087	4.022	4.048	12082628	48880496.00
2021/09/02	4.045	4.095	4.033	4.090	4638484	18886560.00
2021/09/03	4.089	4.103	4.069	4.091	4192557	17147076.00
2021/09/06	4.092	4.098	4.078	4.090	1856986	7595980.00
2021/09/07	4.090	4.097	4.084	4.093	3676467	15038047.00
2021/09/08	4.093	4.096	4.090	4.092	1138238	4658511.00
2021/09/09	4.092	4.096	4.082	4.091	2859930	11700008.00
2021/09/10	4.091	4.091	4.085	4.091	922413	3771520.00
2021/09/13	4.091	4.097	4.085	4.097	6557449	26829128.00
2021/09/14	4.097	4.129	4.088	4.129	12470396	51193492.00
2021/09/15	4.130	4.244	4.129	4.243	10128238	42350248.00
2021/09/16	4.244	4.254	4.221	4.238	16876885	71491384.00
2021/09/17	4.238	4.253	4.184	4.189	20902995	88386880.00
2021/09/22	4.189	4.200	4.152	4.194	13954564	58316100.00
2021/09/23	4.194	4.284	4.185	4.234	20778527	87984752.00
2021/09/24	4.234	4.251	4.215	4.226	10088585	42659948.00
2021/09/27	4.226	4.292	4.220	4.271	4344323	18541112.00
2021/09/28	4.271	4.271	4.180	4.237	13292157	55895104.00
2021/09/29	4.237	4.273	4.237	4.269	2293388	9770996.00
2021/09/30	4.271	4.299	4.266	4.285	2718978	11649338.00
2021/10/08	4.286	4.311	4.273	4.311	8735400	37515060.00
2021/10/11	4.311	4.324	4.288	4.293	10221760	43999776.00
2021/10/12	4.292	4.292	4.265	4.275	8060737	34467664.00
2021/10/13	4.275	4.284	4.255	4.280	8219437	35149704.00
2021/10/14	4.282	4.283	4.270	4.282	4086386	17487706.00
2021/10/15	4.283	4.288	4.276	4.287	2510820	10751786.00
2021/10/18	4.287	4.302	4.287	4.299	5832159	25064284.00
2021/10/19	4.300	4.389	4.300	4.374	7279862	31668148.00
2021/10/20	4.374	4.473	4.366	4.464	6842479	30375322.00
2021/10/21	4.464	4.534	4.464	4.507	6541062	29480176.00
2021/10/22	4.508	4.597	4.508	4.585	12882232	58813228.00
2021/10/25	4.587	4.630	4.581	4.630	9691871	44751284.00
2021/10/26	4.631	4.736	4.548	4.652	12389566	57812696.00
2021/10/27	4.654	4.760	4.648	4.750	19765761	93278984.00
2021/10/28	4.752	4.948	4.752	4.933	19470024	94383432.00
2021/10/29	4.928	5.120	4.928	5.067	22533369	114004480.00
2021/11/01	5.065	5.135	4.949	5.005	30770866	154571376.00
2021/11/02	5.005	5.007	4.804	4.888	22965877	112529592.00
2021/11/03	4.887	4.911	4.796	4.853	16285081	79123440.00
2021/11/04	4.853	4.964	4.745	4.950	16092603	78051704.00
2021/11/05	4.950	5.088	4.939	4.997	18834797	94231784.00
2021/11/08	5.000	5.021	4.885	4.919	20311507	100235520.00
2021/11/09	4.914	4.947	4.840	4.848	14462875	70390008.00
2021/11/10	4.849	4.903	4.788	4.816	16301320	78589896.00
2021/11/11	4.816	4.883	4.771	4.867	15837644	76404992.00
2021/11/12	4.869	4.933	4.820	4.852	24320358	118127688.00
2021/11/15	4.855	4.888	4.786	4.837	19474455	94174120.00
2021/11/16	4.837	4.850	4.788	4.849	17841592	85967512.00
2021/11/17	4.846	4.857	4.709	4.854	19687616	93698152.00
2021/11/18	4.852	4.854	4.794	4.835	16724474	80866544.00
2021/11/19	4.834	4.867	4.747	4.796	23763910	114489736.00
2021/11/22	4.794	4.794	4.696	4.699	26414877	124587728.00
2021/11/23	4.696	4.715	4.648	4.703	23275674	108953968.00
2021/11/24	4.705	4.738	4.669	4.717	11551930	54409288.00
2021/11/25	4.714	4.746	4.680	4.728	10969002	51734280.00
2021/11/26	4.723	4.750	4.696	4.729	8692215	41059084.00
2021/11/29	4.725	4.750	4.701	4.722	5985280	28277412.00
2021/11/30	4.723	4.755	4.711	4.736	5508331	26075964.00
2021/12/01	4.740	4.753	4.729	4.746	4163055	19741040.00
2021/12/02	4.748	4.876	4.737	4.873	18269882	88061088.00
2021/12/03	4.875	4.978	4.844	4.867	17976345	88089200.00
2021/12/06	4.867	4.882	4.849	4.876	8424215	41022260.00
2021/12/07	4.879	4.950	4.871	4.937	19413319	95075600.00
2021/12/08	4.941	5.001	4.922	4.967	9403665	46609608.00
2021/12/09	4.967	5.014	4.967	5.002	11506937	57431332.00
2021/12/10	5.002	5.034	4.970	5.023	9524512	47604256.00
2021/12/13	5.025	5.074	5.004	5.021	9672975	48748272.00
2021/12/14	5.021	5.035	4.962	5.006	9601957	48001776.00
2021/12/15	5.018	5.063	4.981	5.057	6625364	33362924.00
2021/12/16	5.062	5.064	4.949	4.960	8051856	40223968.00
2021/12/17	4.959	5.014	4.945	4.969	14465759	72129720.00
2021/12/20	4.969	4.976	4.930	4.934	1396825	6897132.00
2021/12/21	4.934	4.939	4.920	4.924	1734402	8545974.00
2021/12/22	4.920	4.926	4.899	4.925	2063029	10143811.00
2021/12/23	4.926	4.975	4.925	4.969	3367218	16697676.00
2021/12/24	4.967	4.999	4.941	4.945	2884664	14334743.00
2021/12/27	4.945	4.956	4.932	4.943	2197229	10857279.00
2021/12/28	4.943	4.946	4.926	4.930	1521802	7508005.00
2021/12/29	4.929	4.933	4.882	4.889	3282909	16112302.00
2021/12/30	4.888	4.888	4.828	4.832	4926228	23921438.00
2021/12/31	4.832	4.881	4.826	4.865	5513416	26763998.00
2022/01/04	4.886	4.892	4.851	4.872	3746181	18217652.00
2022/01/05	4.835	4.882	4.835	4.875	1362538	6639041.00
2022/01/06	4.875	4.925	4.841	4.924	3127066	15240911.00
2022/01/07	4.924	4.985	4.910	4.971	4947795	24539048.00
2022/01/10	4.971	4.984	4.933	4.970	2755328	13652264.00
2022/01/11	4.969	4.996	4.942	4.992	4382319	21793278.00
2022/01/12	4.990	4.992	4.970	4.985	2065100	10286877.00
2022/01/13	4.985	4.986	4.971	4.983	2652943	13206804.00
2022/01/14	4.983	5.019	4.975	5.007	4292317	21449252.00
2022/01/17	5.008	5.060	5.008	5.059	3445356	17351826.00
2022/01/18	5.060	5.084	5.006	5.025	4945400	24904434.00
2022/01/19	5.020	5.029	4.993	5.022	2024079	10159509.00
2022/01/20	5.019	5.023	5.013	5.023	1890930	9490353.00
2022/01/21	5.022	5.162	5.000	5.156	5320615	27030004.00
2022/01/24	5.157	5.320	5.072	5.109	10751012	55934016.00
2022/01/25	5.110	5.113	4.957	4.989	5426331	27198776.00
2022/01/26	4.985	5.036	4.947	5.034	3368829	16808668.00
2022/01/27	4.993	5.033	4.992	5.003	2960923	14817768.00
2022/01/28	5.005	5.073	5.000	5.065	4894465	24608696.00
2022/02/07	5.069	5.264	5.067	5.238	10736687	55821940.00
2022/02/08	5.242	5.437	5.242	5.397	9350206	50285400.00
2022/02/09	5.401	5.467	5.230	5.325	6708186	35719276.00
2022/02/10	5.325	5.395	5.227	5.316	6266596	33336248.00
2022/02/11	5.315	5.360	5.260	5.340	10442465	55363472.00
2022/02/14	5.343	5.395	5.343	5.375	8152637	43764000.00
2022/02/15	5.374	5.404	5.265	5.332	9288967	49780092.00
2022/02/16	5.332	5.332	5.146	5.220	8478034	44199348.00
2022/02/17	5.216	5.216	5.137	5.165	7557534	39109048.00
2022/02/18	5.161	5.300	5.070	5.290	12310365	63569332.00
2022/02/21	5.290	5.389	5.242	5.271	5173498	27386376.00
2022/02/22	5.267	5.268	5.085	5.095	9399341	48470692.00
2022/02/23	5.091	5.095	5.000	5.043	9479606	47694680.00
2022/02/24	5.018	5.042	5.000	5.007	10103050	50684904.00
2022/02/25	5.004	5.076	5.002	5.012	4109641	20656732.00
2022/02/28	5.012	5.012	4.962	4.999	2237482	11157055.00
2022/03/01	4.999	5.012	4.994	5.012	2909468	14549171.00
2022/03/02	5.012	5.165	4.886	5.160	7356411	37182168.00
2022/03/03	5.164	5.201	5.127	5.181	4362743	22559932.00
2022/03/04	5.180	5.200	5.067	5.100	10747294	55082820.00
2022/03/07	5.093	5.124	4.998	5.045	7378941	37506976.00
2022/03/08	5.039	5.049	4.998	5.005	3883649	19516028.00
2022/03/09	5.005	5.067	4.950	5.004	5207795	26049772.00
2022/03/10	5.010	5.097	5.010	5.040	2769729	13947443.00
2022/03/11	5.037	5.037	4.993	5.023	3808931	19081256.00
2022/03/14	5.018	5.022	4.986	5.001	3589262	17948000.00
2022/03/15	4.980	4.980	4.683	4.686	11191243	53900544.00
2022/03/16	4.679	4.728	4.416	4.710	15133060	69369544.00
2022/03/17	4.715	4.800	4.635	4.729	7064179	33274734.00
2022/03/18	4.722	4.726	4.638	4.685	5055458	23680082.00
2022/03/21	4.685	4.766	4.678	4.753	3608393	17072816.00
2022/03/22	4.758	4.852	4.755	4.850	2893050	13944993.00
2022/03/23	4.851	4.915	4.832	4.864	7279595	35482608.00
2022/03/24	4.864	4.928	4.700	4.902	4905799	23919088.00
2022/03/25	4.899	4.912	4.863	4.899	2661232	13038560.00
2022/03/28	4.896	4.898	4.806	4.887	6195744	30192056.00
2022/03/29	4.887	4.900	4.867	4.872	1740636	8495880.00
2022/03/30	4.872	4.896	4.840	4.847	2766134	13450611.00
2022/03/31	4.847	4.847	4.800	4.829	2549629	12298907.00
2022/04/01	4.827	4.896	4.800	4.892	4359029	21080668.00
2022/04/06	4.892	4.892	4.821	4.855	5227028	25377404.00
2022/04/07	4.848	4.848	4.768	4.771	1648791	7887376.00
2022/04/08	4.770	4.814	4.770	4.804	2507998	12039822.00
2022/04/11	4.810	4.816	4.793	4.798	2834642	13608796.00
2022/04/12	4.800	4.835	4.792	4.812	4203483	20204126.00
2022/04/13	4.811	4.849	4.805	4.818	5402255	26052392.00
2022/04/14	4.818	4.830	4.805	4.814	3418382	16450648.00
2022/04/15	4.814	4.814	4.780	4.798	2935853	14075271.00
2022/04/18	4.795	4.819	4.774	4.813	4743977	22784928.00
2022/04/19	4.813	4.816	4.791	4.801	2636296	12660793.00
2022/04/20	4.800	4.811	4.796	4.808	2105668	10112708.00
2022/04/21	4.807	4.810	4.759	4.770	4263606	20374890.00
2022/04/22	4.770	4.770	4.697	4.752	6039683	28637016.00
2022/04/25	4.753	4.756	4.699	4.716	3000790	14148556.00
2022/04/26	4.716	4.742	4.682	4.734	3175622	14994775.00
2022/04/27	4.730	4.753	4.687	4.745	2577729	12197856.00
2022/04/28	4.744	4.748	4.682	4.685	3922425	18510200.00
2022/04/29	4.689	4.715	4.682	4.713	1141789	5364712.00
2022/05/05	4.712	4.712	4.651	4.667	3231182	15148889.00
2022/05/06	4.663	4.663	4.630	4.638	2701010	12534751.00
2022/05/09	4.643	4.663	4.600	4.646	4462870	20705856.00
2022/05/10	4.640	4.691	4.633	4.674	4033467	18811744.00
2022/05/11	4.678	4.763	4.678	4.751	5925079	28049316.00
2022/05/12	4.745	4.823	4.745	4.807	5320164	25480348.00
2022/05/13	4.804	4.832	4.781	4.796	2883136	13851625.00
2022/05/16	4.790	4.801	4.787	4.795	996054	4773829.00
2022/05/17	4.794	4.794	4.777	4.786	1970840	9434279.00
2022/05/18	4.786	4.791	4.770	4.775	1427903	6819220.00
2022/05/19	4.772	4.775	4.745	4.756	2193285	10426851.00
2022/05/20	4.756	4.785	4.740	4.773	910250	4338470.00
2022/05/23	4.769	4.772	4.743	4.754	2504636	11900704.00
2022/05/24	4.751	4.751	4.731	4.734	2959743	14024169.00
2022/05/25	4.734	4.767	4.725	4.746	2405598	11420344.00
2022/05/26	4.749	4.770	4.732	4.741	6935283	32949964.00
2022/05/27	4.740	4.753	4.727	4.733	5443815	25804964.00
2022/05/30	4.733	4.743	4.718	4.727	2267868	10724214.00
2022/05/31	4.723	4.723	4.691	4.697	4895114	23005586.00
2022/06/01	4.695	4.706	4.621	4.681	4551207	21351672.00
2022/06/02	4.677	4.709	4.652	4.708	5179756	24286656.00
2022/06/06	4.708	4.760	4.703	4.754	4553458	21550148.00
2022/06/07	4.759	4.819	4.758	4.816	4900578	23558488.00
2022/06/08	4.817	4.839	4.810	4.830	1895311	9146851.00
2022/06/09	4.821	4.864	4.774	4.852	5809264	27991296.00
2022/06/10	4.821	4.870	4.811	4.859	2776758	13475427.00
2022/06/13	4.821	4.884	4.810	4.878	2761215	13401664.00
2022/06/14	4.822	4.932	4.822	4.920	5666904	27815272.00
2022/06/15	4.838	4.953	4.838	4.932	2628910	12964583.00
2022/06/16	4.888	4.939	4.888	4.931	2415130	11897358.00
2022/06/17	4.869	4.966	4.869	4.946	2998218	14813716.00
2022/06/20	4.872	4.942	4.872	4.928	3507554	17290012.00
2022/06/21	4.890	4.946	4.890	4.906	3603818	17736620.00
2022/06/22	4.850	4.919	4.850	4.915	1489462	7312311.00
2022/06/23	4.910	4.992	4.910	4.978	4297997	21300684.00
2022/06/24	4.902	5.200	4.902	5.102	4569143	23210924.00
2022/06/27	5.106	5.155	5.102	5.144	4399995	22603552.00
2022/06/28	5.144	5.160	5.123	5.150	3746563	19272548.00
2022/06/29	5.150	5.202	5.091	5.154	7519856	38892568.00
2022/06/30	5.154	5.195	5.121	5.170	4873395	25195764.00
2022/07/01	5.170	5.170	5.143	5.156	3796075	19567492.00
2022/07/04	5.147	5.181	5.129	5.170	3694821	19102512.00
2022/07/05	5.170	5.170	5.120	5.136	3366364	17303516.00
2022/07/06	5.134	5.134	5.086	5.095	4117893	21009868.00
2022/07/07	5.091	5.091	5.036	5.058	3487079	17627792.00
2022/07/08	5.054	5.103	5.054	5.073	4244617	21575860.00
2022/07/11	5.071	5.071	5.021	5.038	7510310	37862120.00
2022/07/12	5.036	5.045	5.022	5.033	8327774	41941232.00
2022/07/13	5.031	5.031	4.999	5.013	6143645	30839112.00
2022/07/14	5.011	5.068	5.001	5.063	4603620	23208642.00
2022/07/15	5.061	5.108	5.054	5.090	4734340	24092908.00
2022/07/18	5.086	5.119	5.081	5.118	3412693	17435820.00
2022/07/19	5.116	5.148	5.091	5.125	5883444	30130264.00
2022/07/20	5.125	5.159	5.102	5.156	4143624	21297736.00
2022/07/21	5.152	5.188	5.127	5.180	5907905	30547896.00
2022/07/22	5.176	5.190	5.160	5.179	4416579	22877196.00
2022/07/25	5.175	5.208	5.152	5.179	6788185	35208728.00
2022/07/26	5.174	5.180	5.157	5.163	2396439	12377258.00
2022/07/27	5.163	5.178	5.151	5.165	4016339	20746344.00
2022/07/28	5.161	5.196	5.151	5.182	2918692	15125331.00
2022/07/29	5.183	5.226	5.165	5.222	5743850	29881732.00
2022/08/01	5.223	5.250	5.202	5.248	4594056	23993136.00
2022/08/02	5.244	5.295	5.215	5.289	4353886	22898016.00
2022/08/03	5.285	5.330	5.267	5.309	4464926	23683568.00
2022/08/04	5.307	5.341	5.289	5.329	4554033	24268896.00
2022/08/05	5.329	5.340	5.281	5.288	3906058	20766236.00
2022/08/08	5.284	5.284	5.240	5.256	4008003	21083416.00
2022/08/09	5.252	5.252	5.175	5.192	5828824	30336352.00
2022/08/10	5.189	5.232	5.169	5.209	4438824	23083868.00
2022/08/11	5.207	5.230	5.191	5.221	1571608	8199694.00
2022/08/12	5.219	5.304	5.202	5.299	4023231	21219680.00
2022/08/15	5.296	5.363	5.288	5.338	5163725	27567692.00
2022/08/16	5.341	5.370	5.334	5.362	4086337	21895536.00
2022/08/17	5.364	5.364	5.312	5.325	4119297	21952456.00
2022/08/18	5.320	5.337	5.312	5.333	2431575	12948010.00
2022/08/19	5.333	5.405	5.290	5.393	5150988	27653344.00
2022/08/22	5.393	5.495	5.311	5.342	9506476	51419004.00
2022/08/23	5.339	5.360	5.292	5.360	4623708	24649412.00
2022/08/24	5.359	5.359	5.316	5.337	5361399	28579542.00
2022/08/25	5.336	5.357	5.290	5.344	3090936	16463211.00
2022/08/26	5.341	5.348	5.288	5.323	4229754	22495640.00
2022/08/29	5.317	5.333	5.271	5.314	6027001	32022444.00
2022/08/30	5.309	5.364	5.280	5.350	5576623	29796464.00
2022/08/31	5.350	5.422	5.320	5.411	5848698	31454360.00
2022/09/01	5.406	5.440	5.347	5.382	3665983	19747882.00
2022/09/02	5.376	5.411	5.322	5.380	7613453	40962536.00
2022/09/05	5.373	5.400	5.353	5.371	2646070	14214888.00
2022/09/06	5.366	5.386	5.282	5.381	8399336	45058632.00
2022/09/07	5.376	5.459	5.341	5.415	7857571	42577820.00
2022/09/08	5.410	5.479	5.410	5.470	5795654	31610796.00
2022/09/09	5.468	5.549	5.448	5.548	6552248	36104124.00
2022/09/13	5.546	5.565	5.521	5.552	5806118	32221112.00
2022/09/14	5.547	5.547	5.490	5.514	3788088	20895556.00
2022/09/15	5.509	5.524	5.486	5.490	3085690	16972404.00
2022/09/16	5.485	5.496	5.426	5.432	3117000	17033080.00
2022/09/19	5.430	5.459	5.407	5.452	2580640	14045856.00
2022/09/20	5.447	5.511	5.447	5.456	4744677	25972572.00
2022/09/21	5.463	5.479	5.433	5.477	3943292	21539772.00
2022/09/22	5.482	5.520	5.482	5.516	4745560	26148136.00
2022/09/23	5.518	5.554	5.490	5.540	4982699	27582620.00
2022/09/26	5.540	5.583	5.534	5.553	3106599	17260834.00
2022/09/27	5.555	5.555	5.515	5.528	4948726	27364524.00
2022/09/28	5.550	5.666	5.550	5.639	11374752	64017208.00
2022/09/29	5.641	5.643	5.504	5.510	10213748	57131472.00
2022/09/30	5.504	5.509	5.401	5.458	8702086	47512160.00
2022/10/10	5.521	5.521	5.325	5.358	7151495	38479720.00
2022/10/11	5.351	5.360	5.295	5.349	5550694	29599756.00
2022/10/12	5.349	5.352	5.300	5.332	4780845	25485264.00
2022/10/13	5.332	5.363	5.302	5.360	4446146	23679572.00
2022/10/14	5.360	5.382	5.343	5.363	4422935	23713848.00
2022/10/17	5.356	5.368	5.319	5.348	4888465	26159926.00
2022/10/18	5.348	5.384	5.322	5.359	2904515	15564682.00
2022/10/19	5.359	5.374	5.354	5.359	1586696	8505553.00
2022/10/20	5.358	5.372	5.320	5.351	3372739	18055160.00
2022/10/21	5.346	5.362	5.306	5.326	5594008	29846692.00
2022/10/24	5.322	5.341	5.203	5.225	8381032	44010092.00
2022/10/25	5.220	5.220	5.115	5.181	9361364	48304420.00
2022/10/26	5.175	5.208	5.125	5.205	6714449	34614508.00
2022/10/27	5.198	5.205	5.100	5.126	5388292	27695934.00
2022/10/28	5.119	5.220	5.050	5.216	7101163	36409732.00
2022/10/31	5.216	5.216	5.128	5.176	4047038	20914004.00
2022/11/01	5.171	5.178	5.120	5.162	3891171	20069268.00
2022/11/02	5.154	5.218	5.091	5.210	4987610	25857544.00
2022/11/03	5.197	5.244	5.192	5.232	3730981	19505888.00
2022/11/04	5.230	5.280	5.196	5.271	8242526	43390624.00
2022/11/07	5.265	5.276	5.213	5.223	2840613	14913321.00
2022/11/08	5.217	5.229	5.100	5.169	5965222	30788500.00
2022/11/09	5.158	5.170	5.102	5.146	6695377	34492400.00
2022/11/10	5.142	5.159	5.110	5.143	2936999	15112611.00
2022/11/11	5.143	5.182	5.132	5.151	5063399	26094964.00
2022/11/14	5.151	5.157	5.107	5.122	4162782	21384656.00
2022/11/15	5.122	5.153	5.100	5.129	3003981	15412241.00
2022/11/16	5.122	5.145	5.122	5.129	4348881	22336072.00
2022/11/17	5.128	5.128	5.050	5.084	9167708	46625216.00
2022/11/18	5.081	5.104	5.031	5.104	4238094	21491240.00
2022/11/21	5.101	5.149	5.063	5.106	5658660	28956428.00
2022/11/22	5.101	5.105	5.060	5.072	3590521	18228878.00
2022/11/23	5.072	5.072	5.029	5.040	6283288	31652780.00
2022/11/24	5.040	5.067	5.002	5.041	4752401	23924860.00
2022/11/25	5.038	5.054	5.015	5.050	2050584	10343554.00
2022/11/28	5.050	5.053	5.019	5.032	2886919	14514427.00
2022/11/29	5.029	5.073	5.010	5.068	3949996	19921980.00
2022/11/30	5.068	5.077	5.026	5.073	3496941	17725942.00
2022/12/01	5.073	5.107	5.047	5.098	3763608	19178732.00
2022/12/02	5.098	5.145	5.069	5.114	5838368	29852186.00
2022/12/05	5.110	5.160	5.093	5.154	3734575	19209336.00
2022/12/06	5.154	5.198	5.151	5.176	6985446	36152912.00
2022/12/07	5.175	5.175	5.140	5.148	4151469	21383970.00
2022/12/08	5.149	5.189	5.103	5.151	4021168	20714420.00
2022/12/09	5.151	5.178	5.131	5.155	3226400	16632689.00
2022/12/12	5.158	5.184	5.113	5.125	3869186	19904380.00
2022/12/13	5.120	5.120	5.096	5.109	4664374	23832224.00
2022/12/14	5.104	5.109	5.074	5.090	3496590	17796844.00
2022/12/15	5.090	5.099	5.029	5.062	4096115	20747944.00
2022/12/16	5.056	5.078	5.046	5.063	2584662	13072178.00
2022/12/19	5.063	5.065	5.040	5.050	3578366	18071088.00
2022/12/20	5.050	5.058	5.000	5.024	1878883	9443964.00
2022/12/21	5.025	5.034	5.000	5.023	3768317	18883000.00
2022/12/22	5.023	5.049	5.003	5.038	3882640	19523148.00
2022/12/23	5.034	5.078	5.020	5.073	3492371	17647188.00
2022/12/26	5.072	5.124	4.850	5.092	5322524	27091990.00
2022/12/27	5.089	5.124	5.041	5.079	3981964	20239748.00
2022/12/28	5.065	5.065	4.970	5.016	6273223	31493000.00
2022/12/29	5.005	5.141	4.971	5.134	9501227	47804868.00
2022/12/30	5.134	5.404	5.068	5.397	14792973	77636176.00
2023/01/03	5.138	5.276	5.138	5.152	5309484	27495364.00
2023/01/04	5.138	5.139	5.029	5.037	5208249	26376708.00
2023/01/05	5.120	5.120	4.994	5.015	4783888	23958532.00
2023/01/06	5.111	5.111	5.000	5.035	6285535	31590580.00
2023/01/09	5.110	5.110	5.011	5.034	3036693	15312279.00
2023/01/10	5.026	5.053	5.002	5.049	3813293	19205828.00
2023/01/11	5.045	5.080	5.012	5.028	8765056	44141688.00
2023/01/12	5.021	5.071	4.992	5.014	6428954	32270468.00
2023/01/13	5.019	5.021	4.999	5.009	6473661	32401956.00
2023/01/16	5.008	5.012	4.981	4.994	3470721	17341264.00
2023/01/17	4.990	5.004	4.973	4.988	3816497	19052542.00
2023/01/18	4.984	5.012	4.965	4.990	5871151	29292572.00
2023/01/19	4.986	5.005	4.951	4.993	8646118	43133488.00
2023/01/20	4.989	5.059	4.962	5.004	11329659	56713928.00
2023/01/30	5.005	5.055	4.971	5.039	7818436	39309268.00
2023/01/31	5.035	5.149	5.035	5.127	10161974	51759756.00
2023/02/01	5.131	5.198	5.130	5.190	5933021	30769006.00
2023/02/02	5.193	5.211	5.107	5.153	9849686	50724208.00
2023/02/03	5.144	5.199	5.103	5.175	12428500	64166780.00
2023/02/06	5.170	5.190	5.144	5.172	10019598	51819396.00
2023/02/07	5.162	5.179	5.138	5.165	7065591	36496468.00
2023/02/08	5.155	5.169	5.127	5.143	3199259	16464677.00
2023/02/09	5.133	5.150	5.127	5.141	5595667	28767776.00
2023/02/10	5.141	5.189	5.135	5.178	13264759	68510392.00
2023/02/13	5.176	5.274	5.166	5.231	7179626	37502868.00
2023/02/14	5.230	5.308	5.221	5.292	8268699	43669192.00
2023/02/15	5.285	5.330	5.211	5.238	7887658	41648956.00
2023/02/16	5.230	5.279	5.189	5.209	14846372	77554784.00
2023/02/17	5.202	5.227	5.177	5.198	6874674	35728064.00
2023/02/20	5.195	5.240	5.180	5.222	4885527	25492912.00
2023/02/21	5.222	5.255	5.207	5.244	4835280	25347382.00
2023/02/22	5.241	5.288	5.191	5.201	7064682	36962452.00
2023/02/23	5.189	5.223	5.177	5.183	4735229	24602644.00
2023/02/24	5.180	5.199	5.102	5.140	6583396	33847604.00
2023/02/27	5.138	5.138	5.080	5.097	9795876	50093856.00
2023/02/28	5.097	5.120	5.084	5.112	6144221	31391722.00
2023/03/01	5.123	5.123	5.082	5.113	4964443	25359940.00
2023/03/02	5.113	5.137	5.090	5.106	7989794	40845516.00
2023/03/03	5.100	5.117	5.088	5.106	9386907	47911628.00
2023/03/06	5.106	5.119	5.067	5.073	4447320	22668048.00
2023/03/07	5.064	5.087	5.028	5.028	6328579	31939604.00
2023/03/08	5.030	5.038	5.005	5.020	4354547	21869536.00
2023/03/09	5.019	5.045	5.008	5.024	8197457	41214264.00
2023/03/10	5.024	5.039	5.003	5.023	5175787	25989206.00
2023/03/13	5.010	5.139	5.010	5.129	8569851	43433204.00
2023/03/14	5.121	5.121	5.070	5.078	7495795	38110180.00
2023/03/15	5.078	5.090	5.061	5.068	7137378	36198864.00
2023/03/16	5.069	5.082	5.021	5.053	5722601	28964400.00
2023/03/17	5.050	5.088	5.031	5.058	5915970	29882124.00
2023/03/20	5.058	5.069	5.027	5.038	5440659	27415012.00
2023/03/21	5.021	5.049	5.021	5.035	5870383	29559676.00
2023/03/22	5.035	5.052	5.022	5.036	5783948	29112776.00
2023/03/23	5.033	5.048	5.023	5.037	9150992	46095832.00
2023/03/24	5.048	5.048	5.015	5.036	9273605	46670476.00
2023/03/27	5.036	5.073	5.021	5.061	7481897	37804608.00
2023/03/28	5.060	5.099	5.041	5.049	9488139	48098336.00
2023/03/29	5.049	5.059	4.990	5.001	10020153	50271736.00
2023/03/30	5.001	5.043	4.992	5.042	5276132	26465244.00
2023/03/31	5.028	5.077	5.023	5.046	9304011	47018608.00
2023/04/03	5.047	5.065	5.022	5.024	6121130	30831644.00
2023/04/04	5.032	5.052	4.985	4.999	6880793	34449676.00
2023/04/06	4.958	4.958	4.875	4.902	7054273	34509364.00
2023/04/07	4.901	4.955	4.875	4.918	6645833	32659720.00
2023/04/10	4.929	4.942	4.903	4.913	6319774	31072192.00
2023/04/11	4.913	4.925	4.820	4.853	9285080	45254904.00
2023/04/12	4.853	4.865	4.722	4.782	10345212	49313392.00
2023/04/13	4.789	4.789	4.669	4.769	11150193	52706012.00
2023/04/14	4.755	4.813	4.735	4.792	10434072	49927288.00
2023/04/17	4.792	4.866	4.792	4.851	10321480	49939044.00
2023/04/18	4.850	4.898	4.840	4.878	10172056	49688480.00
2023/04/19	4.870	4.915	4.856	4.863	8624444	42080524.00
2023/04/20	4.873	4.884	4.816	4.843	6024768	29229792.00
2023/04/21	4.840	4.840	4.651	4.710	8624836	40874736.00
2023/04/24	4.710	4.739	4.680	4.735	3021936	14209560.00
2023/04/25	4.736	4.791	4.735	4.750	3430013	16341879.00
2023/04/26	4.746	4.760	4.713	4.735	2188072	10365548.00
2023/04/27	4.735	4.735	4.695	4.699	3217867	15135875.00
2023/04/28	4.699	4.725	4.685	4.722	2156582	10142289.00
2023/05/04	4.713	4.717	4.688	4.699	1116193	5246190.00
2023/05/05	4.698	4.712	4.693	4.698	1510932	7099076.00
2023/05/08	4.699	4.710	4.690	4.695	1306785	6138767.00
2023/05/09	4.695	4.714	4.684	4.712	1873091	8793246.00
2023/05/10	4.713	4.760	4.700	4.740	1693202	8020567.00
2023/05/11	4.740	4.750	4.685	4.698	2224766	10473841.00
2023/05/12	4.700	4.708	4.686	4.699	1774563	8339760.00
2023/05/15	4.699	4.714	4.675	4.686	2210254	10366029.00
2023/05/16	4.686	4.695	4.671	4.677	1315214	6154645.00
2023/05/17	4.677	4.696	4.673	4.680	1182989	5535453.00
2023/05/19	4.680	4.700	4.650	4.654	2242023	10474840.00
2023/05/22	4.650	4.650	4.613	4.632	2573337	11918978.00
2023/05/23	4.630	4.663	4.629	4.660	2614261	12141525.00
2023/05/24	4.664	4.675	4.660	4.667	1058324	4936560.00
2023/05/25	4.669	4.699	4.665	4.697	2532383	11861727.00
2023/05/26	4.697	4.704	4.648	4.690	2957894	13857086.00
2023/05/29	4.697	4.697	4.590	4.614	3882905	18000972.00
2023/05/30	4.600	4.600	4.430	4.480	3298873	14817875.00
2023/05/31	4.471	4.471	4.380	4.391	1369850	6031767.00
2023/06/01	4.391	4.466	4.366	4.415	4334186	19153828.00
2023/06/02	4.410	4.425	4.400	4.410	931962	4110770.00
2023/06/05	4.408	4.420	4.260	4.269	1658835	7202725.00
2023/06/06	4.270	4.271	4.000	4.197	4855913	19859994.00
2023/06/07	4.185	4.237	4.102	4.235	2057737	8560612.00
2023/06/08	4.215	4.350	4.215	4.339	6403256	27462914.00
2023/06/09	4.348	4.380	4.317	4.317	4098055	17834752.00
2023/06/12	4.317	4.317	4.251	4.286	2420054	10346382.00
2023/06/13	4.280	4.280	4.202	4.234	2901491	12285921.00
2023/06/14	4.231	4.231	4.182	4.190	1390667	5851384.00
2023/06/15	4.189	4.189	4.155	4.166	3156098	13150608.00
2023/06/16	4.182	4.223	4.172	4.220	1400874	5888524.00
2023/06/19	4.220	4.220	4.194	4.195	427474	1795759.00
2023/06/20	4.195	4.196	4.154	4.184	2476933	10348536.00
2023/06/21	4.184	4.198	4.144	4.151	1613134	6723702.00
2023/06/26	4.151	4.196	4.128	4.138	2374350	9869925.00
2023/06/27	4.143	4.159	4.110	4.116	978964	4029446.00
2023/06/28	4.110	4.110	4.052	4.070	3347956	13616885.00
2023/06/29	4.070	4.070	3.969	4.020	5038261	20256000.00
2023/06/30	4.009	4.009	3.946	3.956	5506897	21831904.00
2023/07/03	3.950	3.950	3.862	3.878	3586363	13952147.00
2023/07/04	3.876	3.882	3.799	3.799	4313234	16580834.00
2023/07/05	3.799	3.900	3.680	3.733	5001900	18597688.00
2023/07/06	3.747	3.966	3.720	3.930	5182283	20008160.00
2023/07/07	3.921	4.168	3.910	4.110	7002797	28610774.00
2023/07/10	4.110	4.199	4.105	4.131	3696929	15270753.00
2023/07/11	4.000	4.181	4.000	4.115	2856897	11766324.00
2023/07/12	4.098	4.134	4.038	4.103	3615000	14826275.00
2023/07/13	4.086	4.133	4.077	4.132	5823036	23911800.00
2023/07/14	4.115	4.185	4.104	4.139	4249822	17617648.00
2023/07/17	4.155	4.300	4.107	4.286	5339640	22450904.00
2023/07/18	4.286	4.418	4.286	4.389	5724492	25050148.00
2023/07/19	4.400	4.400	4.258	4.290	5539607	24010130.00
2023/07/20	4.286	4.329	4.198	4.199	2813266	11841956.00
2023/07/21	4.215	4.229	4.187	4.201	4367292	18376912.00
2023/07/24	4.201	4.222	4.151	4.211	6337497	26586852.00
2023/07/25	4.200	4.263	4.194	4.203	3804774	16026255.00
2023/07/26	4.202	4.240	4.176	4.206	1288675	5415395.00
2023/07/27	4.206	4.218	4.169	4.201	1644387	6907006.00
2023/07/28	4.208	4.220	4.167	4.203	2970649	12473522.00
2023/07/31	4.200	4.218	4.186	4.206	5995607	25227016.00
2023/08/01	4.205	4.309	4.181	4.289	7138714	30259592.00
2023/08/02	4.288	4.358	4.250	4.300	7497239	32357104.00
2023/08/03	4.296	4.340	4.267	4.299	4448782	19183776.00
2023/08/04	4.294	4.333	4.278	4.332	1802205	7760264.00
2023/08/07	4.331	4.363	4.300	4.357	3073412	13306166.00
2023/08/08	4.355	4.396	4.340	4.379	5027009	22015108.00
2023/08/09	4.379	4.409	4.363	4.399	1941129	8522160.00
2023/08/10	4.401	4.415	4.386	4.397	3081342	13563555.00
2023/08/11	4.397	4.397	4.369	4.369	1907299	8355891.00
2023/08/14	4.367	4.367	4.298	4.356	2605743	11270134.00
2023/08/15	4.340	4.398	4.333	4.355	2615784	11410636.00
2023/08/16	4.355	4.368	4.314	4.348	1441828	6264105.00
2023/08/17	4.320	4.340	4.302	4.315	1610571	6952570.00
2023/08/18	4.300	4.344	4.290	4.318	2799853	12089911.00
2023/08/21	4.315	4.317	4.217	4.262	2434460	10395063.00
2023/08/22	4.234	4.271	4.192	4.262	3923819	16628918.00
2023/08/23	4.246	4.295	4.234	4.290	3258256	13879276.00
2023/08/24	4.289	4.355	4.269	4.347	3600795	15512826.00
2023/08/25	4.330	4.398	4.319	4.395	4322051	18899108.00
2023/08/28	4.392	4.440	4.352	4.413	5552406	24410504.00
2023/08/29	4.399	4.415	4.341	4.382	4858467	21268408.00
2023/08/30	4.365	4.406	4.340	4.357	4913350	21463430.00
2023/08/31	4.340	4.358	4.328	4.337	2203243	9571093.00
2023/09/01	4.337	4.349	4.280	4.301	2966865	12784391.00
2023/09/04	4.301	4.359	4.266	4.302	6086196	26156076.00
2023/09/05	4.231	4.239	4.185	4.223	3513567	14795641.00
2023/09/06	4.215	4.223	4.191	4.200	4211608	17716740.00
2023/09/07	4.200	4.207	4.160	4.192	1992056	8339583.00
2023/09/08	4.185	4.215	4.175	4.210	2566505	10749750.00
2023/09/11	4.215	4.328	4.212	4.315	6272282	26727552.00
2023/09/12	4.316	4.339	4.279	4.280	2293171	9866640.00
2023/09/13	4.262	4.291	4.262	4.273	1172271	5012786.00
2023/09/14	4.270	4.273	4.213	4.257	2226374	9462725.00
2023/09/15	4.245	4.263	4.217	4.236	1906760	8082526.00
2023/09/18	4.219	4.240	4.217	4.223	1357433	5732936.00
2023/09/19	4.217	4.238	4.197	4.227	1932964	8149498.00
2023/09/20	4.225	4.269	4.215	4.262	1771125	7501848.00
2023/09/21	4.257	4.268	4.220	4.266	1122810	4767525.00
2023/09/22	4.245	4.289	4.220	4.288	3729890	15861955.00
2023/09/25	4.275	4.289	4.271	4.283	2041168	8738269.00
2023/09/26	4.280	4.287	4.265	4.280	1681592	7198483.00
2023/09/27	4.280	4.280	4.247	4.263	3524256	15016892.00
2023/09/28	4.263	4.269	4.235	4.242	1570293	6676787.00
2023/10/09	4.242	4.242	4.211	4.211	1201947	5074579.00
2023/10/10	4.209	4.214	4.191	4.200	929938	3904787.00
2023/10/11	4.196	4.201	4.121	4.137	2367290	9842808.00
2023/10/12	4.137	4.149	4.111	4.132	2279119	9419060.00
2023/10/13	4.138	4.138	4.091	4.103	1501557	6176065.00
2023/10/16	4.107	4.107	3.991	3.999	1867387	7528943.00
2023/10/17	3.999	4.015	3.937	3.985	2431548	9644508.00
2023/10/18	3.991	3.995	3.901	3.981	3112048	12231261.00
2023/10/19	3.979	3.979	3.890	3.908	2318437	9084867.00
2023/10/20	3.907	3.907	3.809	3.823	2271421	8731269.00
2023/10/23	3.810	3.810	3.709	3.735	5513403	20600200.00
2023/10/24	3.721	3.800	3.701	3.748	4942623	18483808.00
2023/10/25	3.736	3.826	3.736	3.786	7464937	28261240.00
2023/10/26	3.785	3.810	3.744	3.805	4569512	17254240.00
2023/10/27	3.819	3.826	3.781	3.818	6027649	22951220.00
2023/10/30	3.827	3.827	3.770	3.790	4957322	18801476.00
2023/10/31	3.797	3.820	3.758	3.766	4328708	16330937.00
2023/11/01	3.766	3.766	3.707	3.713	2443221	9077227.00
2023/11/02	3.702	3.720	3.658	3.703	2412616	8870359.00
2023/11/03	3.712	3.739	3.669	3.690	2022587	7461590.00
2023/11/06	3.704	3.704	3.661	3.681	2747661	10105424.00
2023/11/07	3.681	3.698	3.640	3.655	1603050	5874313.00
2023/11/08	3.642	3.690	3.638	3.671	2501929	9172136.00
2023/11/09	3.680	3.733	3.670	3.725	3388921	12575130.00
2023/11/10	3.718	3.731	3.681	3.727	2495959	9278026.00
2023/11/13	3.725	3.763	3.691	3.719	1546100	5746147.00
2023/11/14	3.725	3.746	3.699	3.705	2033357	7539930.00
2023/11/15	3.704	3.750	3.661	3.674	1939741	7143361.00
2023/11/16	3.674	3.678	3.636	3.665	1465611	5355542.00
2023/11/17	3.650	3.659	3.629	3.640	1730005	6298958.00
2023/11/20	3.628	3.659	3.554	3.600	4429978	15935460.00
2023/11/21	3.585	3.585	3.520	3.525	7005492	24875128.00
2023/11/22	3.510	3.519	3.443	3.456	5121085	17700874.00
2023/11/23	3.449	3.449	3.386	3.388	3396697	11568369.00
2023/11/24	3.390	3.392	3.263	3.273	6491293	21301452.00
2023/11/27	3.260	3.270	3.155	3.194	6609344	21183588.00
2023/11/28	3.181	3.192	3.142	3.162	3806425	12001871.00
2023/11/29	3.162	3.189	3.093	3.171	5279634	16441323.00
2023/11/30	3.157	3.198	3.113	3.180	9117473	28950764.00
2023/12/01	3.175	3.180	3.135	3.170	3628907	11461115.00
2023/12/04	3.167	3.167	3.110	3.127	6773329	21175970.00
2023/12/05	3.114	3.130	3.080	3.124	5495168	17013570.00
2023/12/06	3.120	3.185	3.100	3.165	3718074	11705918.00
2023/12/07	3.165	3.206	3.154	3.203	2931274	9327717.00
2023/12/08	3.210	3.224	3.149	3.169	3554769	11298066.00
2023/12/11	3.156	3.188	3.102	3.118	2970758	9289426.00
2023/12/12	3.120	3.129	3.019	3.104	6684915	20466774.00
2023/12/13	3.091	3.121	3.021	3.116	3767082	11536947.00
2023/12/14	3.103	3.116	3.040	3.086	9346545	28679372.00
2023/12/15	3.066	3.190	3.040	3.180	5892908	18142676.00
2023/12/18	3.178	3.221	3.135	3.167	9773400	30937444.00
2023/12/19	3.148	3.165	3.110	3.143	3553112	11131746.00
2023/12/20	3.140	3.170	3.106	3.158	7748479	24187524.00
2023/12/21	3.124	3.204	3.106	3.188	9442453	29938794.00
2023/12/22	3.190	3.360	3.190	3.282	16201344	53352812.00
2023/12/25	3.300	3.360	3.205	3.319	12412553	40694008.00
2023/12/26	3.319	3.380	3.260	3.365	11102634	36656836.00
2023/12/27	3.329	3.500	3.265	3.404	16237874	53881304.00
2023/12/28	3.321	3.472	3.320	3.430	18551428	62733400.00
2023/12/29	3.408	3.431	3.369	3.410	20815334	70751832.00
2024/01/02	3.387	3.387	3.280	3.295	6491458	21545020.00
2024/01/03	3.259	3.315	3.206	3.223	5734723	18620712.00
2024/01/04	3.210	3.234	3.156	3.175	5690392	18079692.00
2024/01/05	3.170	3.216	3.060	3.073	7470449	23121004.00
2024/01/08	3.073	3.087	2.938	2.971	9127137	27254780.00
2024/01/09	2.959	2.959	2.779	2.784	10354418	29610638.00
2024/01/10	2.773	2.774	2.598	2.677	14202215	38218972.00
2024/01/11	2.681	2.700	2.620	2.629	13303811	35295968.00
2024/01/12	2.618	2.654	2.561	2.610	11469754	29748984.00
2024/01/15	2.614	2.699	2.556	2.697	11792241	30689744.00
2024/01/16	2.696	2.816	2.670	2.800	11443120	31772908.00
2024/01/17	2.800	2.914	2.800	2.893	11715034	33833396.00
2024/01/18	2.805	2.905	2.764	2.896	8536823	24199216.00
2024/01/19	2.896	2.970	2.868	2.935	11616871	34119876.00
2024/01/22	2.938	2.938	2.890	2.900	4266578	12417621.00
2024/01/23	2.900	2.900	2.800	2.807	7218114	20355512.00
2024/01/24	2.800	2.847	2.783	2.817	4407922	12386048.00
2024/01/25	2.812	2.921	2.800	2.917	7297061	20793588.00
2024/01/26	2.927	2.999	2.890	2.962	7591690	22436942.00
2024/01/29	2.962	3.039	2.962	3.012	9679160	29152840.00
2024/01/30	3.012	3.063	2.978	3.043	5782712	17591556.00
2024/01/31	3.041	3.080	2.987	3.011	4883458	14791319.00
2024/02/01	3.009	3.009	2.972	3.005	3342076	9996575.00
2024/02/02	3.000	3.039	2.980	3.010	5262307	15796013.00
2024/02/05	3.010	3.024	2.936	2.972	4127947	12316287.00
2024/02/06	2.972	3.022	2.905	2.928	5512143	16271166.00
2024/02/07	2.928	2.932	2.886	2.929	5194677	15085260.00
2024/02/08	2.929	3.057	2.920	3.025	5316993	15997805.00
2024/02/19	3.040	3.241	3.040	3.227	12449124	39395600.00
2024/02/20	3.250	3.440	3.227	3.285	7044199	23161116.00
2024/02/21	3.286	3.374	3.240	3.359	5647952	18817448.00
2024/02/22	3.353	3.405	3.322	3.404	4061827	13752701.00
2024/02/23	3.407	3.497	3.405	3.489	9268084	32136560.00
2024/02/26	3.494	3.601	3.400	3.600	7050398	24998568.00
2024/02/27	3.558	3.621	3.418	3.528	11010013	38853272.00
2024/02/28	3.525	3.525	3.451	3.484	4833176	16837768.00
2024/02/29	3.400	3.560	3.400	3.553	4837798	16989900.00
2024/03/01	3.548	3.660	3.548	3.659	7465823	27133716.00
2024/03/04	3.661	3.744	3.650	3.714	6089540	22646876.00
2024/03/05	3.714	3.755	3.688	3.713	4047132	15084550.00
2024/03/06	3.700	3.735	3.603	3.646	7044656	25810896.00
2024/03/07	3.646	3.689	3.578	3.596	6743267	24335524.00
2024/03/08	3.609	3.609	3.521	3.580	6454640	23051000.00
2024/03/11	3.594	3.631	3.561	3.613	3384666	12227753.00
2024/03/12	3.600	3.626	3.530	3.616	4664877	16772245.00
2024/03/13	3.616	3.618	3.569	3.595	3952602	14197820.00
2024/03/14	3.593	3.605	3.560	3.588	3456483	12378383.00
2024/03/15	3.577	3.602	3.570	3.578	3530097	12645655.00
2024/03/18	3.580	3.593	3.580	3.589	2857960	10249888.00
2024/03/19	3.600	3.630	3.544	3.573	3246293	11596594.00
2024/03/20	3.577	3.577	3.528	3.546	2766059	9797891.00
2024/03/21	3.547	3.549	3.490	3.545	5703648	20042588.00
2024/03/22	3.535	3.551	3.495	3.512	5123409	17985994.00
2024/03/25	3.508	3.508	3.467	3.495	2475610	8616875.00
2024/03/26	3.495	3.536	3.471	3.518	2400315	8422665.00
2024/03/27	3.518	3.617	3.512	3.587	2860955	10293623.00
2024/03/28	3.588	3.610	3.552	3.561	2097760	7488568.00
2024/03/29	3.561	3.599	3.541	3.568	3024033	10786191.00
2024/04/01	3.575	3.592	3.511	3.555	2814136	9994998.00
2024/04/02	3.555	3.555	3.472	3.527	6443013	22609492.00
2024/04/03	3.471	3.504	3.462	3.471	2770519	9635242.00
2024/04/08	3.471	3.518	3.447	3.469	3601028	12462863.00
2024/04/09	3.473	3.479	3.420	3.468	5982364	20606408.00
2024/04/10	3.467	3.517	3.460	3.488	4793571	16749466.00
2024/04/11	3.484	3.541	3.484	3.515	4844095	17017858.00
2024/04/12	3.515	3.515	3.461	3.502	3920915	13692468.00
2024/04/15	3.495	3.520	3.463	3.492	2495265	8701992.00
2024/04/16	3.490	3.500	3.425	3.476	4140059	14341151.00
2024/04/17	3.465	3.525	3.436	3.520	3042777	10636234.00
2024/04/18	3.520	3.587	3.509	3.566	2640654	9350215.00
2024/04/19	3.556	3.583	3.532	3.570	1592625	5676205.00
2024/04/22	3.555	3.608	3.539	3.597	1969420	7055653.00
2024/04/23	3.595	3.615	3.575	3.594	2181493	7835091.00
2024/04/24	3.585	3.598	3.572	3.589	1628959	5845760.00
2024/04/25	3.588	3.666	3.568	3.640	2295681	8292288.00
2024/04/26	3.640	3.716	3.640	3.676	4014621	14768516.00
2024/04/29	3.677	3.715	3.619	3.659	3059199	11211922.00
2024/04/30	3.654	3.665	3.606	3.646	4142307	15047118.00
2024/05/06	3.636	3.684	3.635	3.651	2839175	10382274.00
2024/05/07	3.648	3.694	3.618	3.683	3785813	13909684.00
2024/05/08	3.676	3.698	3.645	3.660	1999268	7324866.00
2024/05/09	3.658	3.674	3.628	3.663	2537022	9272770.00
2024/05/10	3.671	3.690	3.648	3.684	1489465	5476594.00
2024/05/13	3.677	3.698	3.651	3.685	1612553	5940918.00
2024/05/14	3.676	3.694	3.653	3.666	1913054	7025187.00
2024/05/15	3.655	3.666	3.610	3.632	2336684	8488808.00
2024/05/16	3.618	3.639	3.570	3.598	2341006	8450706.00
2024/05/17	3.598	3.625	3.572	3.618	1862114	6718185.00
2024/05/20	3.618	3.618	3.596	3.609	2178861	7856904.00
2024/05/21	3.598	3.608	3.578	3.584	2811927	10078480.00
2024/05/22	3.578	3.588	3.553	3.569	2225822	7945316.00
2024/05/23	3.568	3.574	3.518	3.561	3566411	12598513.00
2024/05/24	3.560	3.608	3.538	3.606	2505500	8992159.00
2024/05/27	3.609	3.633	3.606	3.620	2089446	7571045.00
2024/05/28	3.620	3.641	3.584	3.617	2795293	10089536.00
2024/05/29	3.600	3.643	3.600	3.629	2607574	9457552.00
2024/05/30	3.621	3.630	3.606	3.620	1595703	5777552.00
2024/05/31	3.620	3.631	3.598	3.617	7585790	27381652.00
2024/06/03	3.617	3.628	3.578	3.609	2918911	10485559.00
2024/06/04	3.599	3.612	3.565	3.594	3874755	13898489.00
2024/06/05	3.585	3.602	3.571	3.595	2116722	7601845.00
2024/06/06	3.592	3.621	3.568	3.598	6331617	22721072.00
2024/06/07	3.588	3.606	3.584	3.598	696840	2505629.00
2024/06/11	3.592	3.592	3.570	3.582	1461960	5234328.00
2024/06/12	3.580	3.590	3.550	3.564	2841018	10115449.00
2024/06/13	3.564	3.580	3.536	3.580	1984232	7075523.00
2024/06/14	3.568	3.598	3.557	3.585	2335924	8365336.00
2024/06/17	3.598	3.598	3.544	3.558	1672871	5966525.00
2024/06/18	3.552	3.592	3.544	3.550	1896169	6748911.00
2024/06/19	3.548	3.568	3.479	3.540	13857721	48574584.00
2024/06/20	3.538	3.538	3.501	3.529	3141438	11053460.00
2024/06/21	3.529	3.560	3.497	3.555	3308503	11702838.00
2024/06/24	3.556	3.587	3.545	3.569	3630125	12941960.00
2024/06/25	3.578	3.578	3.515	3.568	7743957	27539056.00
2024/06/26	3.551	3.589	3.528	3.575	2963681	10549143.00
2024/06/27	3.575	3.595	3.546	3.584	3206679	11471812.00
2024/06/28	3.584	3.598	3.540	3.576	6856462	24418312.00
2024/07/01	3.511	3.511	3.368	3.415	18180897	62033028.00
2024/07/02	3.368	3.460	3.348	3.449	12641945	43023212.00
2024/07/03	3.444	3.460	3.418	3.457	2195752	7569519.00
2024/07/04	3.448	3.448	3.394	3.416	6523321	22248136.00
2024/07/05	3.408	3.426	3.400	3.419	2228645	7620525.00
2024/07/08	3.419	3.419	3.384	3.407	1431214	4876083.00
2024/07/09	3.406	3.411	3.386	3.398	2876016	9775282.00
2024/07/10	3.398	3.449	3.375	3.415	3228009	11007195.00
2024/07/11	3.406	3.434	3.347	3.376	8799341	29688840.00
2024/07/12	3.366	3.398	3.348	3.367	3998306	13497922.00
2024/07/15	3.378	3.405	3.343	3.402	4226757	14270127.00
2024/07/16	3.401	3.418	3.368	3.401	2861714	9732172.00
2024/07/17	3.398	3.415	3.388	3.405	2446677	8317070.00
2024/07/18	3.405	3.410	3.364	3.404	2747323	9339767.00
2024/07/19	3.404	3.424	3.400	3.410	1905135	6493921.00
2024/07/22	3.410	3.410	3.381	3.405	1743275	5923512.00
2024/07/23	3.408	3.410	3.371	3.401	2783615	9459366.00
2024/07/24	3.388	3.405	3.388	3.400	1509203	5128776.00
2024/07/25	3.400	3.409	3.361	3.400	901359	3060146.00
2024/07/26	3.399	3.420	3.370	3.417	3702879	12614691.00
2024/07/29	3.418	3.449	3.405	3.439	4143285	14237845.00
2024/07/30	3.445	3.473	3.416	3.468	3734574	12892553.00
2024/07/31	3.474	3.485	3.446	3.480	2994920	10395166.00
2024/08/01	3.480	3.500	3.449	3.488	4494611	15655004.00
2024/08/02	3.454	3.454	3.410	3.442	2506967	8606324.00
2024/08/05	3.434	3.492	3.402	3.487	1934995	6686792.00
2024/08/06	3.487	3.556	3.475	3.554	4750060	16758020.00
2024/08/07	3.542	3.636	3.536	3.618	4157869	14981986.00
2024/08/08	3.612	3.667	3.591	3.602	5046532	18365354.00
2024/08/09	3.601	3.632	3.575	3.625	2762708	9977133.00
2024/08/12	3.625	3.642	3.611	3.636	2219915	8062297.00
2024/08/13	3.636	3.649	3.601	3.640	2189888	7957908.00
2024/08/14	3.626	3.659	3.601	3.656	3665968	13368647.00
2024/08/15	3.657	3.669	3.625	3.657	3899000	14230924.00
2024/08/16	3.652	3.660	3.627	3.652	3058604	11131327.00
2024/08/19	3.644	3.655	3.600	3.618	2682023	9719965.00
2024/08/20	3.608	3.623	3.565	3.600	4272346	15360876.00
2024/08/21	3.583	3.604	3.565	3.595	3816387	13699942.00
2024/08/22	3.585	3.595	3.562	3.576	4376699	15670859.00
2024/08/23	3.567	3.587	3.539	3.562	3337613	11862658.00
2024/08/26	3.555	3.568	3.535	3.543	2715001	9621297.00
2024/08/27	3.547	3.552	3.501	3.538	2939176	10389433.00
2024/08/28	3.532	3.568	3.508	3.541	2442484	8658805.00
2024/08/29	3.550	3.558	3.480	3.492	4875295	17123264.00
2024/08/30	3.484	3.499	3.465	3.488	6272828	21818116.00
2024/09/02	3.492	3.510	3.464	3.501	3826543	13388703.00
2024/09/03	3.500	3.521	3.462	3.484	3155512	11003690.00
2024/09/04	3.488	3.488	3.428	3.467	4891441	16871704.00
2024/09/05	3.472	3.478	3.428	3.467	4974601	17199728.00
2024/09/06	3.465	3.469	3.440	3.459	3283569	11349455.00
2024/09/09	3.460	3.468	3.445	3.460	820016	2833945.00
2024/09/10	3.460	3.462	3.425	3.450	4412486	15205831.00
2024/09/11	3.439	3.470	3.413	3.463	2288508	7859535.00
2024/09/12	3.479	3.479	3.432	3.455	2119546	7320611.00
2024/09/13	3.457	3.465	3.416	3.459	2315656	7986676.00
2024/09/18	3.462	3.480	3.429	3.443	2733212	9411283.00
2024/09/19	3.443	3.460	3.410	3.421	4761493	16321208.00
2024/09/20	3.421	3.448	3.396	3.429	2157760	7361564.00
2024/09/23	3.435	3.435	3.403	3.417	2693799	9203231.00
2024/09/24	3.417	3.474	3.401	3.471	1523843	5260367.00
2024/09/25	3.472	3.514	3.441	3.500	3177768	11102968.00
2024/09/26	3.500	3.516	3.463	3.498	5104769	17837116.00
2024/09/27	3.492	3.497	3.473	3.493	1643281	5731035.00
2024/09/30	3.493	3.493	3.392	3.452	5288296	18125562.00
2024/10/08	3.520	3.553	3.421	3.452	6195214	21442080.00
2024/10/09	3.452	3.485	3.422	3.464	4671264	16143922.00
2024/10/10	3.464	3.472	3.422	3.463	4235059	14618073.00
2024/10/11	3.454	3.493	3.436	3.475	2759217	9570623.00
2024/10/14	3.476	3.510	3.461	3.476	2461301	8556849.00
2024/10/15	3.474	3.490	3.462	3.482	1935441	6732194.00
2024/10/16	3.482	3.505	3.465	3.488	2144867	7475832.00
2024/10/17	3.488	3.500	3.459	3.486	1307825	4555048.00
2024/10/18	3.475	3.497	3.455	3.495	2769974	9653003.00
2024/10/21	3.495	3.495	3.456	3.473	2603363	9054504.00
2024/10/22	3.473	3.491	3.472	3.490	4216646	14681456.00
2024/10/23	3.478	3.500	3.476	3.482	3034295	10570026.00
2024/10/24	3.478	3.500	3.462	3.480	2932117	10197452.00
2024/10/25	3.479	3.487	3.462	3.483	3773357	13131404.00
2024/10/28	3.485	3.495	3.465	3.481	3343299	11624586.00
2024/10/29	3.480	3.490	3.478	3.481	4230083	14730548.00
2024/10/30	3.467	3.467	3.407	3.434	4288005	14718610.00
2024/10/31	3.434	3.482	3.405	3.425	4522709	15507974.00
2024/11/01	3.418	3.427	3.411	3.421	1355954	4636255.00
2024/11/04	3.420	3.427	3.413	3.418	2856552	9765988.00
2024/11/05	3.425	3.425	3.400	3.406	4215346	14371658.00
2024/11/06	3.400	3.417	3.397	3.409	2520738	8595399.00
2024/11/07	3.400	3.415	3.370	3.385	3021415	10243571.00
2024/11/08	3.385	3.389	3.356	3.364	4163991	14005913.00
2024/11/11	3.364	3.379	3.353	3.376	1247261	4205662.00
2024/11/12	3.376	3.391	3.360	3.372	2924389	9871132.00
2024/11/13	3.374	3.379	3.350	3.366	5981452	20096464.00
2024/11/14	3.366	3.379	3.350	3.350	749043	2514342.00
2024/11/15	3.352	3.365	3.336	3.344	3245109	10853373.00
2024/11/18	3.346	3.353	3.332	3.337	3463074	11564918.00
2024/11/19	3.345	3.348	3.318	3.323	34758060	115701944.00
2024/11/20	3.319	3.347	3.319	3.322	2124977	7070859.00
2024/11/21	3.324	3.333	3.312	3.318	3507238	11639705.00
2024/11/22	3.315	3.330	3.296	3.306	3874315	12813501.00
2024/11/25	3.291	3.320	3.282	3.299	2071285	6829377.00
2024/11/26	3.288	3.305	3.276	3.289	1711581	5622512.00
2024/11/27	3.289	3.296	3.274	3.289	1356390	4454199.00
2024/11/28	3.278	3.295	3.259	3.271	2388898	7816306.00
2024/11/29	3.270	3.307	3.255	3.260	3340297	10904821.00
2024/12/02	3.270	3.280	3.256	3.269	1978045	6454998.00
2024/12/03	3.265	3.280	3.250	3.268	1790064	5849791.00
2024/12/04	3.269	3.269	3.255	3.264	1293523	4218172.00
2024/12/05	3.256	3.276	3.243	3.257	3705750	12061816.00
2024/12/06	3.257	3.263	3.240	3.246	4730264	15350244.00
2024/12/09	3.241	3.255	3.220	3.239	2680543	8686526.00
2024/12/10	3.230	3.271	3.228	3.254	1810967	5885099.00
2024/12/11	3.260	3.328	3.255	3.317	3131834	10252900.00
2024/12/12	3.329	3.329	3.281	3.305	3300042	10935543.00
2024/12/13	3.309	3.321	3.281	3.291	1866132	6150147.00
2024/12/16	3.301	3.302	3.275	3.288	2637339	8662742.00
2024/12/17	3.281	3.299	3.261	3.286	1504901	4943085.00
2024/12/18	3.288	3.288	3.263	3.274	1376108	4505319.00
2024/12/19	3.274	3.274	3.230	3.254	2319851	7538828.00
2024/12/20	3.253	3.253	3.227	3.237	2128800	6891607.00
2024/12/23	3.237	3.271	3.230	3.237	2946848	9544340.00
2024/12/24	3.238	3.269	3.233	3.239	1241859	4032850.00
2024/12/25	3.248	3.277	3.237	3.277	1902811	6196921.00
2024/12/26	3.277	3.291	3.242	3.264	3671753	12025619.00
2024/12/27	3.265	3.319	3.252	3.315	5446909	17972134.00
2024/12/30	3.315	3.360	3.302	3.346	4716733	15785204.00
2024/12/31	3.350	3.428	3.325	3.380	9097265	30587336.00
2025/01/02	3.339	3.360	3.300	3.344	3472630	11599682.00
2025/01/03	3.346	3.375	3.335	3.352	7853641	26378328.00
2025/01/06	3.352	3.385	3.330	3.370	6463388	21762692.00
2025/01/07	3.370	3.379	3.333	3.361	3574851	11986017.00
2025/01/08	3.361	3.369	3.339	3.362	3711578	12441012.00
2025/01/09	3.362	3.415	3.333	3.410	6803360	23075216.00
2025/01/10	3.412	3.468	3.385	3.459	6777614	23272560.00
2025/01/13	3.465	3.475	3.428	3.458	7505905	25952012.00
2025/01/14	3.445	3.460	3.404	3.447	3985339	13702224.00
2025/01/15	3.446	3.468	3.409	3.453	2906112	9999410.00
2025/01/16	3.454	3.455	3.420	3.435	4263393	14660132.00
2025/01/17	3.424	3.435	3.393	3.409	2947038	10040913.00
2025/01/20	3.410	3.439	3.377	3.400	3577305	12195440.00
2025/01/21	3.397	3.438	3.382	3.406	12803662	43710580.00
2025/01/22	3.410	3.479	3.401	3.477	7784142	26885340.00
2025/01/23	3.470	3.503	3.454	3.499	6489539	22634410.00
2025/01/24	3.485	3.504	3.468	3.494	3755737	13111333.00
2025/01/27	3.498	3.535	3.479	3.511	3344055	11745738.00
2025/02/05	3.514	3.520	3.470	3.511	3436049	12030334.00
2025/02/06	3.511	3.536	3.502	3.531	5684530	20003688.00
2025/02/07	3.535	3.600	3.520	3.588	7173417	25514552.00
2025/02/10	3.590	3.774	3.570	3.770	20107226	74228608.00
2025/02/11	3.756	3.818	3.756	3.799	22627206	85964520.00
2025/02/12	3.800	3.831	3.759	3.767	9814407	37196288.00
2025/02/13	3.751	3.754	3.675	3.728	6927469	25732564.00
2025/02/14	3.720	3.773	3.670	3.749	5425557	20240824.00
2025/02/17	3.754	3.770	3.724	3.744	10097742	37937916.00
2025/02/18	3.724	3.766	3.694	3.721	12826274	47834656.00
2025/02/19	3.714	3.733	3.662	3.696	17072673	62934688.00
2025/02/20	3.686	3.713	3.672	3.690	11304419	41791672.00
2025/02/21	3.698	3.720	3.650	3.716	10120234	37497752.00
2025/02/24	3.714	3.714	3.650	3.679	5574673	20408664.00
2025/02/25	3.663	3.687	3.635	3.652	3996097	14582612.00
2025/02/26	3.655	3.695	3.638	3.650	4533053	16577373.00
2025/02/27	3.651	3.690	3.632	3.640	4507252	16434365.00
2025/02/28	3.639	3.675	3.590	3.627	5444469	19650384.00
2025/03/03	3.616	3.673	3.600	3.670	5945882	21757118.00
2025/03/04	3.669	3.698	3.651	3.688	10015016	36794496.00
2025/03/05	3.677	3.700	3.659	3.678	5689619	20887104.00
2025/03/06	3.673	3.695	3.652	3.680	4497440	16472708.00
2025/03/07	3.681	3.681	3.644	3.663	3634496	13301194.00
2025/03/10	3.662	3.670	3.645	3.659	3125928	11440805.00
2025/03/11	3.658	3.665	3.623	3.650	2732902	9964732.00
2025/03/12	3.653	3.668	3.626	3.658	3732102	13643320.00
2025/03/13	3.670	3.677	3.627	3.655	4211263	15415903.00
2025/03/14	3.659	3.666	3.615	3.663	3773485	13762591.00
2025/03/17	3.652	3.666	3.649	3.656	2282580	8347154.00
2025/03/18	3.656	3.660	3.616	3.654	57575635	209882448.00
2025/03/19	3.654	3.686	3.651	3.665	4811941	17645548.00
2025/03/20	3.668	3.723	3.643	3.707	4060313	14983408.00
2025/03/21	3.700	3.725	3.675	3.724	3706678	13704504.00
2025/03/24	3.722	3.730	3.688	3.697	4773259	17670710.00
2025/03/25	3.697	3.718	3.683	3.694	3410198	12597931.00
2025/03/26	3.686	3.699	3.665	3.672	4821521	17720318.00
2025/03/27	3.672	3.699	3.651	3.670	4228285	15544646.00
2025/03/28	3.682	3.742	3.658	3.726	4905136	18256852.00
2025/03/31	3.730	3.773	3.690	3.697	10235034	37881544.00
2025/04/01	3.696	3.716	3.675	3.692	4860756	17966540.00
2025/04/02	3.657	3.699	3.604	3.698	4787040	17486352.00
2025/04/03	3.688	3.705	3.655	3.663	6515721	23925024.00
2025/04/07	3.651	3.660	3.507	3.553	10148492	36074096.00
2025/04/08	3.550	3.600	3.471	3.499	5555576	19581640.00
2025/04/09	3.490	3.525	3.420	3.442	11549366	39768720.00
2025/04/10	3.428	3.498	3.421	3.496	3841691	13319453.00
2025/04/11	3.494	3.535	3.467	3.530	6078873	21414176.00
2025/04/14	3.535	3.567	3.500	3.566	4414243	15585411.00
2025/04/15	3.574	3.600	3.548	3.561	5762029	20524984.00
2025/04/16	3.554	3.594	3.537	3.564	5608853	20000048.00
2025/04/17	3.555	3.588	3.531	3.585	4362476	15569618.00
2025/04/18	3.585	3.600	3.556	3.585	2081288	7431192.00
2025/04/21	3.585	3.618	3.550	3.610	2096021	7504650.00
2025/04/22	3.610	3.620	3.563	3.609	2121280	7637396.00
2025/04/23	3.609	3.609	3.577	3.595	3324849	11944155.00
2025/04/24	3.595	3.608	3.571	3.584	2552830	9155106.00
2025/04/25	3.570	3.619	3.558	3.572	3429999	12308451.00
2025/04/28	3.570	3.595	3.533	3.557	2508277	8928883.00
2025/04/29	3.556	3.595	3.537	3.593	1930888	6912833.00
2025/04/30	3.585	3.630	3.585	3.613	5202280	18801392.00
2025/05/06	3.627	3.638	3.600	3.609	3279415	11841856.00
2025/05/07	3.606	3.636	3.601	3.612	3242781	11726175.00
2025/05/08	3.614	3.625	3.571	3.603	3097127	11161529.00
2025/05/09	3.590	3.616	3.581	3.600	4897582	17637126.00
2025/05/12	3.601	3.617	3.592	3.606	6552027	23602842.00
2025/05/13	3.605	3.621	3.590	3.606	2190549	7907959.00
2025/05/14	3.607	3.611	3.590	3.592	5171032	18598012.00
2025/05/15	3.591	3.643	3.584	3.631	3429294	12363385.00
2025/05/16	3.630	3.703	3.601	3.680	5185606	19032546.00
2025/05/19	3.680	3.709	3.651	3.689	4121452	15184630.00
2025/05/20	3.682	3.723	3.660	3.720	4225080	15621294.00
2025/05/21	3.719	3.750	3.691	3.746	2257821	8432475.00
2025/05/22	3.754	3.779	3.701	3.725	2004641	7465150.00
2025/05/23	3.714	3.744	3.674	3.700	2996169	11071110.00
2025/05/26	3.700	3.735	3.673	3.693	1976059	7294425.00
2025/05/27	3.695	3.704	3.672	3.690	1108987	4087102.00
2025/05/28	3.692	3.712	3.677	3.703	1773110	6554080.00
2025/05/29	3.708	3.725	3.664	3.684	2112872	7795086.00
2025/05/30	3.689	3.718	3.653	3.677	570135	2098056.00
2025/06/03	3.687	3.687	3.657	3.680	867795	3189993.00
2025/06/04	3.681	3.700	3.672	3.686	1035276	3814062.00
2025/06/05	3.687	3.717	3.672	3.710	2653371	9820390.00
2025/06/06	3.715	3.740	3.695	3.728	2763193	10255698.00
2025/06/09	3.741	3.748	3.701	3.730	2858695	10667628.00
2025/06/10	3.725	3.740	3.703	3.716	1504038	5589791.00
2025/06/11	3.710	3.732	3.705	3.724	1142551	4251883.00
2025/06/12	3.727	3.766	3.710	3.729	3372576	12614285.00
2025/06/13	3.729	3.762	3.705	3.752	5695263	21178768.00
2025/06/16	3.751	3.752	3.713	3.742	2547440	9497959.00
2025/06/17	3.742	3.742	3.711	3.723	2718758	10113075.00
2025/06/18	3.723	3.738	3.710	3.736	1790405	6664578.00
2025/06/19	3.736	3.759	3.711	3.755	4319791	16181188.00
2025/06/20	3.758	3.860	3.747	3.843	2637482	9989036.00
2025/06/23	3.842	3.875	3.814	3.868	7292627	28097572.00
2025/06/24	3.859	3.868	3.788	3.801	4045671	15459528.00
2025/06/25	3.796	3.848	3.757	3.840	3866342	14749863.00
2025/06/26	3.848	3.865	3.802	3.848	5052311	19349536.00
2025/06/27	3.862	3.862	3.812	3.852	6333015	24204836.00
2025/06/30	3.850	3.870	3.798	3.811	4039100	15428588.00
2025/07/01	3.811	3.816	3.781	3.796	4662233	17690152.00
2025/07/02	3.796	3.818	3.772	3.810	5592141	21254028.00
2025/07/03	3.814	3.838	3.792	3.800	2474094	9421408.00
2025/07/04	3.791	3.820	3.780	3.796	3388273	12855131.00
2025/07/07	3.785	3.800	3.757	3.790	2038586	7712536.00
2025/07/08	3.783	3.791	3.726	3.745	3763922	14143589.00
2025/07/09	3.741	3.757	3.713	3.728	6131167	22817090.00
2025/07/10	3.727	3.756	3.701	3.747	3734484	13965208.00
2025/07/11	3.743	3.753	3.720	3.738	1435333	5357960.00
2025/07/14	3.738	3.757	3.719	3.722	1158455	4322426.00
2025/07/15	3.720	3.736	3.715	3.722	1632552	6079870.00
2025/07/16	3.721	3.739	3.710	3.725	2075816	7716923.00
2025/07/17	3.720	3.731	3.709	3.716	1821268	6769006.00
2025/07/18	3.717	3.749	3.717	3.720	2171781	8091331.00
2025/07/21	3.720	3.730	3.694	3.701	2619071	9720636.00
2025/07/22	3.703	3.704	3.684	3.700	2633540	9737575.00
2025/07/23	3.665	3.669	3.625	3.635	3118947	11349249.00
2025/07/24	3.625	3.645	3.625	3.634	1508056	5479045.00
2025/07/25	3.640	3.658	3.630	3.655	2781162	10131887.00
2025/07/28	3.647	3.647	3.583	3.645	4594367	16648349.00
2025/07/29	3.642	3.650	3.612	3.645	1323415	4814519.00
2025/07/30	3.646	3.662	3.633	3.656	1755546	6414066.00
2025/07/31	3.655	3.677	3.650	3.675	3895165	14280753.00
2025/08/01	3.680	3.684	3.629	3.674	2741833	10037849.00
2025/08/04	3.674	3.683	3.628	3.637	3815715	13925393.00
2025/08/05	3.631	3.649	3.608	3.616	6838728	24734412.00
2025/08/06	3.616	3.642	3.602	3.610	1525405	5517302.00
2025/08/07	3.609	3.641	3.602	3.633	3595904	13037812.00
2025/08/08	3.633	3.650	3.621	3.648	4455275	16198083.00
2025/08/11	3.648	3.649	3.619	3.632	2482752	9004271.00
2025/08/12	3.635	3.643	3.606	3.641	2406091	8726145.00
2025/08/13	3.641	3.645	3.611	3.632	2709594	9836763.00
2025/08/14	3.631	3.638	3.608	3.611	3534468	12789448.00
2025/08/15	3.611	3.625	3.583	3.583	7039881	25392868.00
2025/08/18	3.582	3.593	3.520	3.538	2347163	8328758.00
2025/08/19	3.531	3.571	3.510	3.530	7797834	27578516.00
2025/08/20	3.530	3.549	3.502	3.509	3573720	12578129.00
2025/08/21	3.509	3.538	3.500	3.533	5645724	19862056.00
2025/08/22	3.530	3.572	3.511	3.542	4381446	15535696.00
2025/08/25	3.539	3.567	3.532	3.567	2589833	9205592.00
2025/08/26	3.566	3.658	3.525	3.650	4106896	14871031.00
2025/08/27	3.643	3.650	3.614	3.625	2951372	10718496.00
2025/08/28	3.625	3.646	3.596	3.620	2608805	9438559.00
2025/08/29	3.620	3.628	3.582	3.586	2986772	10766217.00
2025/09/01	3.586	3.605	3.571	3.577	3025874	10837318.00
2025/09/02	3.577	3.605	3.570	3.600	2013221	7229489.00
2025/09/03	3.605	3.617	3.593	3.614	2336083	8429862.00
2025/09/04	3.614	3.644	3.610	3.634	2860207	10387594.00
2025/09/05	3.625	3.634	3.595	3.612	5537564	19981144.00
2025/09/08	3.612	3.622	3.555	3.569	6708986	23985016.00
2025/09/09	3.569	3.590	3.553	3.561	2421104	8631535.00
2025/09/10	3.562	3.579	3.530	3.545	2177367	7728563.00
2025/09/11	3.545	3.555	3.523	3.546	4752563	16837376.00
2025/09/12	3.546	3.570	3.546	3.563	1587620	5649583.00
2025/09/15	3.563	3.580	3.535	3.564	2577321	9190143.00
2025/09/16	3.564	3.565	3.536	3.557	1786342	6340564.00
2025/09/17	3.556	3.578	3.547	3.566	1726141	6155290.00
2025/09/18	3.566	3.586	3.541	3.564	1691463	6031799.00
2025/09/19	3.559	3.580	3.541	3.551	2792374	9925701.00
2025/09/22	3.551	3.569	3.536	3.542	1530639	5425422.00
2025/09/23	3.549	3.560	3.532	3.543	453258	1604834.00
2025/09/24	3.542	3.545	3.537	3.543	707014	2504249.00
2025/09/25	3.549	3.549	3.510	3.544	2618341	9259718.00
2025/09/26	3.544	3.559	3.523	3.542	958241	3394451.00
2025/09/29	3.543	3.557	3.526	3.529	549384	1944501.00
2025/09/30	3.530	3.540	3.505	3.525	754486	2656704.00
2025/10/09	3.524	3.549	3.501	3.522	978441	3447995.00
2025/10/10	3.521	3.542	3.514	3.525	1782076	6281907.00
2025/10/13	3.524	3.541	3.502	3.528	1607146	5664409.00
2025/10/14	3.525	3.535	3.500	3.519	2434126	8550968.00
2025/10/15	3.519	3.519	3.496	3.505	1555271	5448643.00
2025/10/16	3.500	3.504	3.474	3.489	1936024	6747858.00
2025/10/17	3.488	3.488	3.463	3.472	2276451	7906242.00
2025/10/20	3.472	3.488	3.434	3.451	2407808	8304093.00
2025/10/21	3.440	3.451	3.417	3.444	5627957	19311388.00
2025/10/22	3.443	3.452	3.410	3.426	4981365	17049928.00
2025/10/23	3.426	3.458	3.400	3.452	5229037	17887102.00
2025/10/24	3.450	3.488	3.431	3.485	6747097	23288860.00
2025/10/27	3.482	3.482	3.447	3.464	4925586	17031606.00
2025/10/28	3.463	3.492	3.448	3.492	8231573	28504618.00
2025/10/29	3.489	3.499	3.455	3.490	2259482	7873276.00
2025/10/30	3.490	3.490	3.421	3.450	5554494	19195636.00
2025/10/31	3.407	3.415	3.373	3.383	6279367	21267306.00
2025/11/03	3.383	3.392	3.318	3.325	6369835	21249752.00
2025/11/04	3.320	3.329	3.276	3.292	4737199	15593428.00
2025/11/05	3.287	3.297	3.275	3.288	3993845	13118705.00
2025/11/06	3.288	3.315	3.273	3.302	2489991	8176408.00
2025/11/07	3.303	3.314	3.278	3.299	4719280	15567826.00
2025/11/10	3.297	3.356	3.287	3.340	2739299	9081930.00
2025/11/11	3.350	3.353	3.315	3.328	1699209	5660563.00
2025/11/12	3.330	3.353	3.324	3.328	2133096	7106706.00
2025/11/13	3.327	3.348	3.300	3.302	2426183	8049304.00
2025/11/14	3.299	3.318	3.293	3.295	2584134	8529869.00
2025/11/17	3.293	3.305	3.293	3.300	1864473	6150553.00
2025/11/18	3.298	3.312	3.294	3.300	2163770	7140269.00
2025/11/19	3.304	3.304	3.275	3.279	1827577	5999658.00
2025/11/20	3.280	3.286	3.271	3.275	1630063	5337462.00
2025/11/21	3.267	3.282	3.259	3.277	1875441	6129529.00
2025/11/24	3.280	3.280	3.264	3.269	1932994	6317607.00
2025/11/25	3.260	3.316	3.260	3.304	3240374	10609472.00
2025/11/26	3.304	3.324	3.284	3.293	2560260	8448437.00
2025/11/27	3.293	3.293	3.255	3.263	3120066	10194833.00
2025/11/28	3.266	3.266	3.250	3.259	2173783	7082499.00
2025/12/01	3.258	3.265	3.240	3.255	1586448	5159997.00
2025/12/02	3.255	3.259	3.239	3.253	1319963	4289965.00
2025/12/03	3.255	3.278	3.242	3.275	3688602	12044488.00
2025/12/04	3.271	3.349	3.247	3.299	9460558	30965212.00
2025/12/05	3.299	3.299	3.257	3.275	6357846	20806640.00
2025/12/08	3.271	3.278	3.242	3.243	5157675	16793836.00
2025/12/09	3.246	3.260	3.228	3.238	4319626	13997545.00
2025/12/10	3.238	3.259	3.219	3.254	4621889	14957002.00
2025/12/11	3.254	3.254	3.225	3.236	1366477	4422107.00
2025/12/12	3.237	3.241	3.222	3.237	3252995	10503112.00
2025/12/15	3.234	3.240	3.207	3.225	4583219	14768331.00
2025/12/16	3.227	3.227	3.194	3.209	5171231	16562656.00
2025/12/17	3.217	3.217	3.178	3.198	5651304	18038060.00
2025/12/18	3.192	3.206	3.179	3.202	2577080	8221151.00
2025/12/19	3.203	3.203	3.166	3.194	5636209	17918922.00
2025/12/22	3.194	3.202	3.184	3.192	2276520	7271996.00
2025/12/23	3.192	3.208	3.168	3.187	2645897	8430635.00
2025/12/24	3.187	3.288	3.170	3.284	4494852	14519776.00
2025/12/25	3.284	3.320	3.278	3.317	5846573	19325692.00
2025/12/26	3.319	3.319	3.283	3.299	2538382	8368128.00
2025/12/29	3.298	3.298	3.259	3.284	3128342	10226144.00
2025/12/30	3.240	3.241	3.212	3.235	2148849	6922442.00
2025/12/31	3.238	3.246	3.222	3.236	3348985	10825448.00
2026/01/05	3.230	3.255	3.220	3.246	3175690	10301307.00
2026/01/06	3.246	3.326	3.110	3.299	11187967	36644800.00
2026/01/07	3.287	3.304	3.278	3.292	12040403	39636216.00
2026/01/08	3.292	3.308	3.267	3.292	5568701	18329686.00
2026/01/09	3.292	3.294	3.242	3.260	6746998	22069284.00
2026/01/12	3.262	3.264	3.235	3.260	6328833	20553124.00
2026/01/13	3.258	3.258	3.240	3.251	2709939	8798429.00
2026/01/14	3.257	3.259	3.228	3.257	2504252	8122950.00
2026/01/15	3.257	3.278	3.238	3.258	3721268	12101307.00
2026/01/16	3.270	3.270	3.243	3.249	6785118	22069252.00
2026/01/19	3.248	3.258	3.226	3.242	8020887	25970236.00
2026/01/20	3.248	3.280	3.234	3.280	5768202	18749124.00
2026/01/21	3.267	3.298	3.258	3.292	6349373	20809888.00
2026/01/22	3.288	3.348	3.281	3.333	6615529	22003012.00
2026/01/23	3.337	3.391	3.321	3.346	7615181	25604080.00
2026/01/26	3.346	3.353	3.309	3.349	4287239	14301931.00
2026/01/27	3.348	3.369	3.321	3.365	4129396	13793727.00
2026/01/28	3.365	3.392	3.353	3.376	4959461	16738407.00
2026/01/29	3.386	3.443	3.360	3.438	6402847	21872976.00
2026/01/30	3.435	3.455	3.396	3.412	5604683	19163386.00
2026/02/02	3.407	3.407	3.333	3.339	5130034	17216788.00
2026/02/03	3.333	3.384	3.333	3.382	2526898	8496356.00
2026/02/04	3.371	3.394	3.350	3.381	1145593	3872209.00
2026/02/05	3.372	3.398	3.348	3.369	1738569	5855218.00
2026/02/06	3.369	3.383	3.351	3.369	2992481	10064810.00
2026/02/09	3.365	3.386	3.353	3.370	1812244	6094580.00
2026/02/10	3.370	3.393	3.356	3.388	1883826	6361476.00
2026/02/11	3.389	3.437	3.383	3.407	3703166	12630522.00
2026/02/12	3.407	3.428	3.395	3.403	1443345	4915106.00
2026/02/13	3.397	3.417	3.394	3.410	1705131	5810262.00
2026/02/24	3.409	3.431	3.397	3.409	1524273	5189667.00
2026/02/25	3.409	3.421	3.395	3.411	2995029	10200884.00
2026/02/26	3.411	3.416	3.373	3.388	2730365	9251630.00
2026/02/27	3.387	3.387	3.356	3.377	1095981	3699406.00
2026/03/02	3.377	3.379	3.344	3.375	2765622	9295722.00
2026/03/03	3.378	3.379	3.341	3.361	6415454	21533440.00
2026/03/04	3.363	3.363	3.334	3.342	2351930	7864580.00
2026/03/05	3.350	3.350	3.319	3.345	3532574	11791240.00
2026/03/06	3.345	3.357	3.335	3.346	1591893	5319687.00
2026/03/09	3.345	3.345	3.307	3.323	2230935	7419326.00
2026/03/10	3.326	3.333	3.309	3.329	4214352	14011291.00
2026/03/11	3.336	3.336	3.311	3.327	1447572	4805684.00
2026/03/12	3.328	3.328	3.300	3.310	2159913	7164590.00
2026/03/13	3.308	3.318	3.302	3.317	2356712	7800030.00
2026/03/16	3.317	3.320	3.267	3.272	3725925	12222839.00
2026/03/17	3.272	3.288	3.250	3.270	1886292	6155605.00
2026/03/18	3.270	3.270	3.216	3.237	7415584	23975568.00
2026/03/19	3.222	3.234	3.202	3.211	3456797	11127156.00
2026/03/20	3.212	3.212	3.164	3.169	4331762	13788055.00
2026/03/23	3.166	3.179	3.081	3.107	4997471	15549847.00
2026/03/24	3.106	3.117	3.047	3.048	5271331	16145011.00
2026/04/03	3.046	3.051	3.027	3.038	4917400	14929314.00
#鑒앴윱都:繫댐斤
