508028 жааХНЈЭЖЙњМвЕчЭЖ ШеЯп ВЛИДШЈ
      ШеЦк	    ПЊХЬ	    зюИп	    зюЕЭ	    ЪеХЬ	    ГЩНЛСП	    ГЩНЛЖю
2023/03/29	9.889	10.260	9.889	9.990	52238439	525120864.00
2023/03/30	10.005	10.020	9.969	9.990	8140627	81363136.00
2023/03/31	9.995	10.004	9.981	10.000	4988076	49863160.00
2023/04/03	10.003	10.016	9.982	9.999	4445037	44411540.00
2023/04/04	9.999	9.999	9.951	9.968	3502047	34904436.00
2023/04/06	9.968	9.968	9.896	9.919	5885769	58389604.00
2023/04/07	9.910	9.926	9.893	9.907	7330742	72636856.00
2023/04/10	9.905	9.907	9.888	9.897	6365469	62984436.00
2023/04/11	9.897	9.898	9.863	9.884	5906780	58402880.00
2023/04/12	9.883	9.883	9.852	9.858	3670478	36203168.00
2023/04/13	9.856	9.856	9.826	9.837	7842246	77118408.00
2023/04/14	9.836	9.848	9.821	9.827	7295402	71744080.00
2023/04/17	9.829	9.905	9.829	9.900	5462640	53901884.00
2023/04/18	9.902	9.954	9.896	9.933	3450148	34283552.00
2023/04/19	9.931	9.939	9.891	9.918	5228085	51848264.00
2023/04/20	9.918	9.930	9.898	9.907	2446799	24253506.00
2023/04/21	9.908	9.911	9.860	9.870	2415116	23875852.00
2023/04/24	9.870	9.898	9.813	9.829	3276717	32212516.00
2023/04/25	9.829	9.839	9.813	9.826	2595826	25492754.00
2023/04/26	9.820	9.838	9.815	9.821	1997264	19614744.00
2023/04/27	9.813	9.826	9.793	9.807	4047330	39683056.00
2023/04/28	9.806	9.887	9.801	9.879	3027288	29797900.00
2023/05/04	9.878	9.888	9.850	9.867	2909461	28720256.00
2023/05/05	9.875	9.875	9.826	9.838	2607570	25653652.00
2023/05/08	9.838	9.856	9.835	9.837	2245595	22102120.00
2023/05/09	9.836	9.857	9.830	9.853	2438112	23989550.00
2023/05/10	9.854	9.928	9.838	9.921	4062020	40225360.00
2023/05/11	9.957	9.957	9.892	9.899	1865814	18477960.00
2023/05/12	9.899	9.899	9.852	9.871	1404243	13861598.00
2023/05/15	9.872	9.881	9.841	9.875	825890	8135383.00
2023/05/16	9.875	9.955	9.844	9.951	4147985	41141080.00
2023/05/17	9.892	9.955	9.892	9.915	2604590	25864548.00
2023/05/18	9.912	9.919	9.889	9.919	2956451	29277360.00
2023/05/19	9.917	9.917	9.888	9.900	2637749	26110928.00
2023/05/22	9.900	9.919	9.882	9.909	2494242	24710064.00
2023/05/23	9.916	9.916	9.891	9.903	2294157	22708312.00
2023/05/24	9.903	9.949	9.867	9.920	4360821	43216872.00
2023/05/25	9.921	9.951	9.893	9.937	4542104	45118832.00
2023/05/26	9.956	9.958	9.900	9.908	4270544	42371684.00
2023/05/29	9.901	9.928	9.900	9.916	3510615	34789312.00
2023/05/30	9.916	9.916	9.875	9.905	3634878	35959796.00
2023/05/31	9.908	9.911	9.875	9.908	2363512	23379888.00
2023/06/01	9.905	9.905	9.869	9.890	3076972	30416988.00
2023/06/02	9.890	9.893	9.866	9.875	2552336	25205584.00
2023/06/05	9.870	9.874	9.804	9.814	2251397	22190754.00
2023/06/06	9.814	9.816	9.000	9.777	13798616	132373736.00
2023/06/07	9.700	9.806	9.511	9.800	5877076	57225468.00
2023/06/08	9.810	9.853	9.763	9.838	4332995	42483692.00
2023/06/09	9.839	9.845	9.800	9.803	3286470	32289732.00
2023/06/12	9.763	9.795	9.725	9.773	3264822	31873776.00
2023/06/13	9.746	9.792	9.720	9.746	3643764	35531244.00
2023/06/14	9.731	9.799	9.731	9.760	3221441	31421456.00
2023/06/15	9.760	9.786	9.741	9.759	5062672	49382716.00
2023/06/16	9.760	9.760	9.745	9.753	2456234	23956800.00
2023/06/19	9.758	9.767	9.699	9.720	2865988	27916738.00
2023/06/20	9.730	9.738	9.690	9.721	5425426	52722028.00
2023/06/21	9.721	9.725	9.692	9.723	2747203	26655664.00
2023/06/26	9.723	9.724	9.654	9.675	5451546	52861028.00
2023/06/27	9.675	9.675	9.598	9.635	3930217	37846048.00
2023/06/28	9.635	9.635	9.411	9.500	6246422	59427672.00
2023/06/29	9.500	9.500	9.436	9.447	3679737	34780816.00
2023/06/30	9.435	9.990	9.435	9.849	5864560	55837788.00
2023/07/03	9.805	9.805	9.548	9.558	2379069	22770188.00
2023/07/04	9.546	9.549	9.457	9.493	1776820	16841472.00
2023/07/05	9.500	9.570	9.428	9.450	2995847	28370516.00
2023/07/06	9.449	9.522	9.430	9.511	2957043	28044658.00
2023/07/07	9.547	9.750	9.501	9.607	3580200	34563104.00
2023/07/10	9.607	9.644	9.570	9.630	3688347	35478500.00
2023/07/11	9.630	9.669	9.590	9.598	2377860	22877348.00
2023/07/12	9.596	9.629	9.528	9.548	1889581	18078120.00
2023/07/13	9.548	9.613	9.548	9.607	2786636	26709716.00
2023/07/14	9.607	9.727	9.598	9.686	3391985	32834850.00
2023/07/17	9.686	9.770	9.680	9.752	3192415	31092872.00
2023/07/18	9.752	9.898	9.727	9.880	5277955	52032088.00
2023/07/19	9.874	9.900	9.769	9.793	2806182	27568672.00
2023/07/20	9.793	9.850	9.698	9.720	1318533	12901576.00
2023/07/21	9.720	9.780	9.720	9.780	1778382	17331512.00
2023/07/24	9.780	9.847	9.761	9.808	3291318	32292436.00
2023/07/25	9.800	9.862	9.800	9.841	2698264	26570540.00
2023/07/26	9.838	9.877	9.804	9.835	1868445	18389136.00
2023/07/27	9.835	9.853	9.700	9.836	2501081	24463956.00
2023/07/28	9.835	9.878	9.800	9.868	4665903	45935872.00
2023/07/31	9.830	9.949	9.830	9.898	4425183	43780408.00
2023/08/01	9.898	9.960	9.849	9.926	3129568	31068880.00
2023/08/02	9.926	9.978	9.890	9.963	3542656	35282568.00
2023/08/03	9.963	10.006	9.953	10.000	3906990	39052696.00
2023/08/04	10.000	10.050	9.960	10.024	1924851	19246836.00
2023/08/07	10.023	10.098	10.023	10.094	3720161	37449744.00
2023/08/08	10.095	10.095	9.961	10.000	3672143	36856960.00
2023/08/09	9.987	10.047	9.961	10.000	2675059	26763130.00
2023/08/10	10.000	10.069	9.981	10.021	1596610	16020564.00
2023/08/11	10.020	10.058	10.020	10.041	1541574	15474441.00
2023/08/14	10.040	10.040	9.977	9.985	4023488	40236540.00
2023/08/15	9.985	10.011	9.985	10.003	3736940	37366156.00
2023/08/16	10.000	10.031	9.967	9.987	3045998	30431084.00
2023/08/17	9.981	9.998	9.975	9.986	2085690	20830952.00
2023/08/18	9.980	10.020	9.968	9.988	2793235	27908208.00
2023/08/21	9.948	9.986	9.948	9.954	2514764	25057966.00
2023/08/22	9.954	9.980	9.900	9.922	1851947	18379422.00
2023/08/23	9.903	9.940	9.900	9.910	2581970	25598666.00
2023/08/24	9.900	9.967	9.900	9.945	2458330	24386744.00
2023/08/25	9.910	9.955	9.910	9.932	2485441	24712914.00
2023/08/28	9.910	9.996	9.830	9.918	3845552	38234784.00
2023/08/29	9.916	9.952	9.895	9.929	2604799	25833394.00
2023/08/30	9.921	9.996	9.901	9.980	3359249	33386368.00
2023/08/31	9.980	9.999	9.915	9.923	2503189	24927164.00
2023/09/01	9.923	9.957	9.902	9.907	3393017	33658968.00
2023/09/04	9.902	9.927	9.900	9.917	2977839	29515372.00
2023/09/05	9.916	9.929	9.880	9.920	3081108	30510000.00
2023/09/06	9.903	9.929	9.890	9.915	2706790	26842428.00
2023/09/07	9.902	9.950	9.902	9.934	2023283	20098672.00
2023/09/08	9.934	9.950	9.911	9.948	2847680	28293148.00
2023/09/11	9.927	9.997	9.927	9.995	3879241	38669876.00
2023/09/12	9.995	10.028	9.962	10.016	2208590	22100364.00
2023/09/13	10.015	10.053	9.996	10.023	1856592	18612016.00
2023/09/14	10.023	10.052	9.989	10.005	2433658	24352486.00
2023/09/15	9.980	10.030	9.980	10.000	1760314	17614860.00
2023/09/18	10.018	10.020	9.970	9.994	1606181	16059794.00
2023/09/19	10.000	10.030	9.985	10.020	1555711	15556707.00
2023/09/20	10.020	10.026	9.991	10.018	1428781	14306296.00
2023/09/21	10.018	10.030	9.980	10.027	1601293	16013183.00
2023/09/22	9.777	9.917	9.700	9.717	1323030	12907230.00
2023/09/25	9.680	9.766	9.680	9.754	1812729	17657544.00
2023/09/26	9.754	9.774	9.740	9.759	1999719	19513072.00
2023/09/27	9.759	9.770	9.720	9.752	1821000	17767456.00
2023/09/28	9.752	9.880	9.720	9.878	2068932	20319800.00
2023/10/09	9.866	9.898	9.830	9.857	1555033	15326858.00
2023/10/10	9.856	9.856	9.800	9.843	1276576	12562317.00
2023/10/11	9.805	9.851	9.780	9.819	1856023	18242900.00
2023/10/12	9.820	9.859	9.803	9.855	2113081	20751068.00
2023/10/13	9.857	9.857	9.783	9.819	1023561	10040544.00
2023/10/16	9.810	9.810	9.710	9.777	645406	6304631.00
2023/10/17	9.738	9.775	9.620	9.669	1847036	17898004.00
2023/10/18	9.669	9.669	9.612	9.629	1622784	15625244.00
2023/10/19	9.629	9.675	9.580	9.639	920588	8869701.00
2023/10/20	9.639	9.708	9.500	9.546	841410	8059657.00
2023/10/23	9.527	9.550	9.469	9.483	1082676	10282033.00
2023/10/24	9.470	9.564	9.469	9.558	1533726	14590516.00
2023/10/25	9.557	9.661	9.556	9.594	2733062	26243656.00
2023/10/26	9.568	9.632	9.493	9.513	709424	6753622.00
2023/10/27	9.510	9.534	9.400	9.520	1605146	15229544.00
2023/10/30	9.520	9.520	9.424	9.431	853147	8070658.00
2023/10/31	9.431	9.475	9.350	9.388	905773	8512528.00
2023/11/01	9.425	9.451	9.350	9.420	1638867	15342638.00
2023/11/02	9.419	9.457	9.366	9.397	1057589	9946103.00
2023/11/03	9.367	9.435	9.349	9.408	1202827	11299692.00
2023/11/06	9.372	9.413	9.372	9.400	783613	7359354.00
2023/11/07	9.390	9.393	9.361	9.370	892558	8366578.00
2023/11/08	9.370	9.542	9.370	9.495	1888095	17824928.00
2023/11/09	9.467	9.623	9.467	9.587	1600292	15340903.00
2023/11/10	9.568	9.644	9.500	9.595	1552277	14878237.00
2023/11/13	9.558	9.629	9.502	9.534	475503	4543927.00
2023/11/14	9.533	9.589	9.515	9.583	1237397	11799990.00
2023/11/15	9.571	9.571	9.506	9.540	811192	7741217.00
2023/11/16	9.539	9.555	9.491	9.537	359889	3426421.00
2023/11/17	9.515	9.549	9.406	9.422	284085	2698678.00
2023/11/20	9.455	9.455	9.422	9.430	375921	3545438.00
2023/11/21	9.434	9.486	9.401	9.428	1060935	10016446.00
2023/11/22	9.400	9.411	9.370	9.374	788327	7399640.00
2023/11/23	9.370	9.375	9.313	9.356	1786493	16698444.00
2023/11/24	9.356	9.361	9.317	9.341	1356855	12655495.00
2023/11/27	9.341	9.351	9.272	9.292	1452303	13525110.00
2023/11/28	9.254	9.328	9.254	9.319	1419338	13227016.00
2023/11/29	9.302	9.391	9.302	9.321	1036772	9670068.00
2023/11/30	9.300	9.397	9.300	9.377	877969	8231677.00
2023/12/01	9.414	9.456	9.377	9.448	1283658	12098906.00
2023/12/04	9.448	9.477	9.396	9.412	819068	7718393.00
2023/12/05	9.400	9.436	9.360	9.410	899922	8458400.00
2023/12/06	9.391	9.517	9.390	9.495	812140	7670988.00
2023/12/07	9.494	9.495	9.399	9.471	1328561	12559113.00
2023/12/08	9.446	9.499	9.412	9.487	1349703	12730501.00
2023/12/11	9.509	9.509	9.435	9.468	1056985	10011154.00
2023/12/12	9.450	9.460	9.350	9.420	1152991	10872804.00
2023/12/13	9.400	9.400	9.280	9.310	1401883	13054214.00
2023/12/14	9.296	9.499	9.281	9.395	1361990	12668723.00
2023/12/15	9.393	9.393	9.283	9.338	1763464	16483019.00
2023/12/18	9.375	9.618	9.298	9.341	1109259	10367481.00
2023/12/19	9.316	9.346	9.281	9.298	1842405	17142496.00
2023/12/20	9.300	9.347	9.278	9.338	1093021	10161605.00
2023/12/21	8.988	9.252	8.901	9.120	1846441	16842576.00
2023/12/22	9.120	9.254	9.102	9.222	2247319	20701930.00
2023/12/25	9.185	9.329	9.055	9.241	3528555	32463764.00
2023/12/26	9.240	9.283	9.101	9.279	4999168	46083888.00
2023/12/27	9.241	9.259	9.176	9.226	3142347	28983972.00
2023/12/28	9.194	9.340	9.143	9.316	2461999	22672376.00
2023/12/29	9.300	9.600	9.211	9.557	2593105	24118040.00
2024/01/02	9.518	9.540	9.251	9.330	3219294	30093858.00
2024/01/03	9.292	9.363	9.212	9.301	1622414	15112753.00
2024/01/04	9.299	9.400	9.262	9.275	1657492	15411774.00
2024/01/05	9.275	9.350	9.236	9.251	1840627	17058968.00
2024/01/08	9.256	9.256	9.212	9.249	1095310	10121020.00
2024/01/09	9.249	9.284	9.200	9.220	2254284	20877050.00
2024/01/10	9.200	9.238	9.171	9.237	1482961	13654507.00
2024/01/11	9.224	9.295	9.200	9.293	2550457	23606616.00
2024/01/12	9.253	9.319	9.253	9.304	1336873	12437838.00
2024/01/15	9.264	9.305	9.250	9.301	2518923	23360836.00
2024/01/16	9.273	9.310	9.273	9.300	3512495	32662610.00
2024/01/17	9.300	9.330	9.279	9.310	2652712	24674456.00
2024/01/18	9.296	9.314	9.280	9.293	2803950	26056494.00
2024/01/19	9.281	9.321	9.253	9.297	1623045	15094788.00
2024/01/22	9.316	9.316	9.285	9.298	2816762	26189412.00
2024/01/23	9.298	9.310	9.251	9.285	2715367	25236224.00
2024/01/24	9.285	9.359	9.285	9.299	1583059	14733251.00
2024/01/25	9.299	9.330	9.280	9.300	2498773	23233780.00
2024/01/26	9.281	9.328	9.275	9.284	1119531	10397344.00
2024/01/29	9.284	9.327	9.260	9.277	1697838	15745685.00
2024/01/30	9.269	9.270	9.235	9.238	1137360	10520338.00
2024/01/31	9.246	9.248	9.207	9.216	2266887	20895644.00
2024/02/01	9.200	9.236	9.200	9.208	1486688	13696411.00
2024/02/02	9.300	9.300	9.210	9.227	1523360	14052920.00
2024/02/05	9.191	9.247	9.191	9.234	845704	7792180.00
2024/02/06	9.200	9.253	9.200	9.249	2640729	24359910.00
2024/02/07	9.248	9.310	9.220	9.298	2403833	22313516.00
2024/02/08	9.298	9.630	9.261	9.491	5753193	54315300.00
2024/02/19	9.470	9.662	9.452	9.630	2917329	28061700.00
2024/02/20	9.631	9.638	9.537	9.540	1718465	16477308.00
2024/02/21	9.519	9.550	9.445	9.504	1501562	14277236.00
2024/02/22	9.503	9.579	9.503	9.524	1659521	15821315.00
2024/02/23	9.524	9.798	9.507	9.780	2872084	27630124.00
2024/02/26	9.789	10.023	9.720	9.948	3687065	36721348.00
2024/02/27	9.950	10.037	9.681	9.756	3760973	36944856.00
2024/02/28	9.737	9.799	9.658	9.727	1386083	13490679.00
2024/02/29	9.700	9.850	9.581	9.722	1701357	16573641.00
2024/03/01	9.722	9.929	9.682	9.913	2356922	23216692.00
2024/03/04	9.873	10.229	9.873	10.210	6268693	62893892.00
2024/03/05	10.210	10.319	10.142	10.278	3940227	40472392.00
2024/03/06	10.278	10.300	10.008	10.135	1451664	14744268.00
2024/03/07	10.134	10.239	10.099	10.165	1541019	15650888.00
2024/03/08	10.165	10.195	10.115	10.184	2791152	28383116.00
2024/03/11	10.188	10.260	10.160	10.182	1498616	15278629.00
2024/03/12	10.161	10.280	10.113	10.157	1094460	11142666.00
2024/03/13	10.157	10.255	10.119	10.149	1626381	16520460.00
2024/03/14	10.109	10.165	10.049	10.146	2663675	26939912.00
2024/03/15	10.106	10.190	10.080	10.109	1973159	19966772.00
2024/03/18	10.125	10.125	10.055	10.065	1051869	10614048.00
2024/03/19	10.025	10.082	9.986	10.069	1132958	11389581.00
2024/03/20	10.029	10.128	10.011	10.063	1209918	12142901.00
2024/03/21	10.030	10.080	10.017	10.049	869087	8733423.00
2024/03/22	10.044	10.049	9.880	9.968	1463277	14554390.00
2024/03/25	9.928	10.200	9.770	9.976	1553422	15287951.00
2024/03/26	9.908	9.965	9.908	9.939	1524415	15141998.00
2024/03/27	9.939	9.960	9.921	9.957	1308658	13007267.00
2024/03/28	9.958	9.989	9.880	9.880	1279618	12707461.00
2024/03/29	9.890	9.942	9.752	9.800	3921060	38436516.00
2024/04/01	9.800	9.800	9.711	9.768	3654425	35709480.00
2024/04/02	9.860	9.860	9.720	9.732	1281701	12495052.00
2024/04/03	9.732	10.000	9.732	9.994	4239140	41799308.00
2024/04/08	9.994	10.134	9.979	10.085	2836557	28580024.00
2024/04/09	10.087	10.127	10.045	10.101	1129005	11412935.00
2024/04/10	10.099	10.140	10.051	10.090	3794347	38331920.00
2024/04/11	10.052	10.096	10.046	10.094	4876966	49170376.00
2024/04/12	10.094	10.120	10.063	10.077	3916639	39496932.00
2024/04/15	10.000	10.076	9.918	10.037	2751404	27455494.00
2024/04/16	10.030	10.082	9.951	10.011	3510783	35146964.00
2024/04/17	10.060	10.100	9.990	10.021	4812372	48226412.00
2024/04/18	10.061	10.153	10.022	10.144	4962189	50001544.00
2024/04/19	10.246	10.246	10.111	10.129	3284234	33278764.00
2024/04/22	10.135	10.309	10.121	10.145	4958795	50348776.00
2024/04/23	9.838	9.841	9.720	9.800	4616757	45222912.00
2024/04/24	9.796	9.948	9.760	9.932	2040488	20015760.00
2024/04/25	9.928	10.146	9.893	10.114	2290350	23080966.00
2024/04/26	10.115	10.240	10.115	10.200	3391173	34595192.00
2024/04/29	10.197	10.230	10.028	10.192	1748767	17778744.00
2024/04/30	10.152	10.289	10.061	10.289	3174523	32522536.00
2024/05/06	10.266	10.408	10.140	10.381	1536197	15854551.00
2024/05/07	10.381	10.381	10.289	10.298	2258816	23292760.00
2024/05/08	10.258	10.280	10.196	10.230	1952241	19991540.00
2024/05/09	10.230	10.266	10.210	10.265	2898784	29617396.00
2024/05/10	10.266	10.286	10.190	10.250	1812363	18578344.00
2024/05/13	10.247	10.260	10.179	10.209	1657907	16947176.00
2024/05/14	10.210	10.252	10.110	10.175	2131973	21717888.00
2024/05/15	10.135	10.183	10.100	10.148	2068050	20986288.00
2024/05/16	10.239	10.280	10.140	10.170	2476983	25169796.00
2024/05/17	10.171	10.200	10.110	10.161	2390044	24270028.00
2024/05/20	10.173	10.173	10.041	10.100	3284280	33276576.00
2024/05/21	10.098	10.098	9.980	10.046	2704279	27122448.00
2024/05/22	10.006	10.046	9.960	10.044	2464920	24712416.00
2024/05/23	10.010	10.092	9.972	10.079	1794068	17996522.00
2024/05/24	10.100	10.149	10.059	10.095	1482782	14983969.00
2024/05/27	10.095	10.095	10.055	10.083	2379190	23975442.00
2024/05/28	10.060	10.097	10.043	10.087	2416841	24376628.00
2024/05/29	10.067	10.087	10.050	10.065	2780882	27993254.00
2024/05/30	10.065	10.065	10.025	10.050	1476472	14843393.00
2024/05/31	10.010	10.098	10.010	10.085	994819	10003233.00
2024/06/03	10.072	10.095	10.052	10.086	989935	9976182.00
2024/06/04	10.076	10.119	9.880	10.103	1761216	17773140.00
2024/06/05	10.063	10.140	10.051	10.089	1326242	13376184.00
2024/06/06	10.090	10.124	10.050	10.085	3220526	32528250.00
2024/06/07	10.087	10.163	10.087	10.153	1276918	12954415.00
2024/06/11	10.140	10.197	10.113	10.178	1676521	17051684.00
2024/06/12	10.178	10.200	10.138	10.142	1640085	16675395.00
2024/06/13	10.141	10.189	10.138	10.184	1183686	12033760.00
2024/06/14	10.200	10.212	10.185	10.211	2064750	21050876.00
2024/06/17	10.198	10.198	10.148	10.186	2370227	24122788.00
2024/06/18	10.170	10.215	10.168	10.200	1982591	20222376.00
2024/06/19	10.200	10.240	10.161	10.195	1294421	13188173.00
2024/06/20	10.195	10.195	9.993	10.180	1310453	13332004.00
2024/06/21	10.140	10.205	10.140	10.205	1744852	17775124.00
2024/06/24	10.196	10.307	10.168	10.251	1853788	18976648.00
2024/06/25	10.252	10.300	10.221	10.259	577572	5927971.00
2024/06/26	10.260	10.299	10.200	10.254	1460509	14963335.00
2024/06/27	10.254	10.390	10.230	10.384	1498138	15429107.00
2024/06/28	10.385	10.405	10.355	10.358	3017905	31308168.00
2024/07/01	10.350	10.367	10.248	10.353	1711129	17654946.00
2024/07/02	10.360	10.387	10.300	10.338	2715387	28156412.00
2024/07/03	10.360	10.360	10.250	10.340	2054030	21194288.00
2024/07/04	10.346	10.346	10.232	10.254	2811810	28867096.00
2024/07/05	10.214	10.217	10.150	10.158	3075904	31276944.00
2024/07/08	10.158	10.240	10.158	10.168	3450542	35124160.00
2024/07/09	10.180	10.239	10.165	10.183	1704367	17366826.00
2024/07/10	10.179	10.249	10.150	10.225	2027404	20720256.00
2024/07/11	10.180	10.261	10.180	10.227	2922005	29872780.00
2024/07/12	10.174	10.293	10.174	10.282	2635637	26980772.00
2024/07/15	10.282	10.400	10.250	10.349	2558491	26480898.00
2024/07/16	10.363	10.390	10.307	10.359	3002664	31123172.00
2024/07/17	10.358	10.390	10.312	10.373	3257693	33774968.00
2024/07/18	10.343	10.343	10.212	10.261	2723689	27958870.00
2024/07/19	10.237	10.241	10.160	10.211	1643065	16766534.00
2024/07/22	10.204	10.205	10.158	10.173	1771073	18020052.00
2024/07/23	10.173	10.229	10.165	10.206	2688832	27425736.00
2024/07/24	10.160	10.236	10.160	10.217	1633462	16653329.00
2024/07/25	10.220	10.251	10.201	10.230	1431924	14627752.00
2024/07/26	10.285	10.285	10.190	10.211	1283302	13105724.00
2024/07/29	10.190	10.212	10.152	10.210	1634081	16647915.00
2024/07/30	10.151	10.271	10.151	10.252	1512891	15440012.00
2024/07/31	10.185	10.276	10.185	10.269	1198870	12307539.00
2024/08/01	10.215	10.297	10.187	10.217	1526090	15580547.00
2024/08/02	10.217	10.274	10.151	10.269	1087725	11150370.00
2024/08/05	10.269	10.339	10.269	10.333	1304466	13423623.00
2024/08/06	10.310	10.330	10.280	10.299	770290	7944027.00
2024/08/07	10.320	10.380	10.240	10.310	2664416	27507556.00
2024/08/08	10.310	10.348	10.290	10.305	2857269	29487704.00
2024/08/09	10.315	10.399	10.281	10.353	1536924	15832335.00
2024/08/12	10.354	10.400	10.337	10.345	859911	8899353.00
2024/08/13	10.344	10.359	10.261	10.350	1485536	15364134.00
2024/08/14	10.310	10.376	10.310	10.350	1810634	18740582.00
2024/08/15	10.400	10.400	10.313	10.362	1740873	18019848.00
2024/08/16	10.334	10.394	10.334	10.344	959854	9942553.00
2024/08/19	10.322	10.395	10.290	10.386	734599	7611619.00
2024/08/20	10.386	10.399	10.319	10.386	862342	8956645.00
2024/08/21	10.390	10.410	10.338	10.393	1892759	19664732.00
2024/08/22	10.400	10.400	10.331	10.379	690591	7157403.00
2024/08/23	10.388	10.404	10.368	10.368	1583595	16436262.00
2024/08/26	10.368	10.410	10.337	10.360	939448	9752406.00
2024/08/27	10.372	10.399	10.339	10.362	1444728	14958793.00
2024/08/28	10.368	10.420	10.330	10.370	1236903	12802394.00
2024/08/29	10.390	10.400	10.325	10.387	1447502	14983288.00
2024/08/30	10.385	10.395	10.304	10.361	1656874	17158564.00
2024/09/02	10.330	10.388	10.330	10.344	1806841	18695220.00
2024/09/03	10.343	10.350	10.295	10.338	876072	9048148.00
2024/09/04	10.329	10.358	10.301	10.344	1090035	11256428.00
2024/09/05	10.300	10.348	10.300	10.344	1569984	16226845.00
2024/09/06	10.330	10.377	10.281	10.337	1475801	15202160.00
2024/09/09	10.337	10.337	10.270	10.311	1102907	11356332.00
2024/09/10	10.311	10.321	10.191	10.226	1810288	18571604.00
2024/09/11	10.227	10.227	10.180	10.191	955162	9740828.00
2024/09/12	10.188	10.219	10.146	10.188	1494902	15224312.00
2024/09/13	10.192	10.202	10.160	10.186	1285531	13086521.00
2024/09/18	10.186	10.215	10.131	10.140	1839768	18688564.00
2024/09/19	10.169	10.230	10.151	10.228	1840531	18739222.00
2024/09/20	10.228	10.240	10.081	10.186	1623467	16460791.00
2024/09/23	10.186	10.196	10.087	10.120	2626951	26530796.00
2024/09/24	10.062	10.068	9.949	10.041	2295043	22866490.00
2024/09/25	10.055	10.160	9.970	10.160	2095160	21181160.00
2024/09/26	10.160	10.198	10.102	10.195	1553661	15774862.00
2024/09/27	10.130	10.160	10.101	10.150	139092	1408019.00
2024/09/30	10.149	10.149	9.942	10.090	1492065	14970283.00
2024/10/08	10.090	10.090	9.900	10.054	1459507	14633204.00
2024/10/09	9.970	10.080	9.970	10.079	1404745	14052859.00
2024/10/10	10.100	10.180	10.080	10.139	2434818	24621888.00
2024/10/11	10.080	10.180	10.061	10.129	1199032	12156141.00
2024/10/14	10.129	10.151	10.040	10.055	1338806	13493821.00
2024/10/15	10.048	10.085	10.000	10.032	1797790	17998470.00
2024/10/16	10.029	10.060	10.002	10.035	1628971	16343603.00
2024/10/17	9.995	10.059	9.995	10.031	2027073	20334736.00
2024/10/18	10.000	10.115	10.000	10.091	1851229	18612730.00
2024/10/21	10.115	10.131	10.010	10.052	542824	5460381.00
2024/10/22	10.052	10.054	10.000	10.048	1730771	17332414.00
2024/10/23	10.010	10.045	9.990	9.999	1024225	10244729.00
2024/10/24	9.999	10.017	9.983	10.000	1993248	19923098.00
2024/10/25	10.020	10.020	10.000	10.008	1811226	18122912.00
2024/10/28	10.012	10.038	9.981	10.015	1320752	13215800.00
2024/10/29	10.016	10.026	9.991	10.015	793927	7948173.00
2024/10/30	10.014	10.044	10.000	10.023	540127	5406937.00
2024/10/31	10.023	10.026	9.997	10.011	1463490	14639605.00
2024/11/01	10.011	10.045	10.005	10.016	1199527	12028274.00
2024/11/04	10.023	10.036	10.002	10.035	1134001	11367009.00
2024/11/05	10.035	10.054	10.025	10.040	1221863	12261379.00
2024/11/06	10.040	10.074	10.039	10.067	1878856	18889754.00
2024/11/07	10.118	10.118	10.034	10.045	1738815	17474740.00
2024/11/08	10.047	10.066	10.006	10.045	896739	9013984.00
2024/11/11	10.045	10.118	10.037	10.106	1760925	17739512.00
2024/11/12	10.066	10.166	10.066	10.120	700290	7089025.00
2024/11/13	10.120	10.180	10.080	10.129	1247264	12620199.00
2024/11/14	10.130	10.200	10.108	10.125	1003536	10171188.00
2024/11/15	10.157	10.180	10.079	10.131	7955630	80594272.00
2024/11/18	10.120	10.158	10.031	10.081	1741354	17533342.00
2024/11/19	10.080	10.121	10.041	10.084	1515510	15243429.00
2024/11/20	10.050	10.148	10.035	10.073	1268165	12737769.00
2024/11/21	10.073	10.077	10.046	10.053	1615082	16234530.00
2024/11/22	10.054	10.078	10.035	10.055	2570959	25859848.00
2024/11/25	10.056	10.059	10.035	10.047	1410789	14168155.00
2024/11/26	10.100	10.110	10.032	10.067	1473918	14812240.00
2024/11/27	10.067	10.067	10.037	10.043	1695542	17045048.00
2024/11/28	10.043	10.099	10.035	10.050	1348319	13554468.00
2024/11/29	10.050	10.068	10.040	10.052	1740951	17503568.00
2024/12/02	10.052	10.137	10.052	10.134	1826764	18478768.00
2024/12/03	10.100	10.205	10.100	10.197	1445281	14672578.00
2024/12/04	10.199	10.210	10.150	10.187	1993567	20306820.00
2024/12/05	10.189	10.189	10.091	10.115	3751020	37945628.00
2024/12/06	10.084	10.139	10.084	10.131	3547196	35885004.00
2024/12/09	10.124	10.154	10.124	10.144	1513824	15353072.00
2024/12/10	10.144	10.280	10.120	10.263	2742236	28020984.00
2024/12/11	10.265	10.458	10.265	10.440	3261230	33763536.00
2024/12/12	10.447	10.453	10.366	10.450	4488937	46740024.00
2024/12/13	10.454	10.469	10.436	10.451	1521853	15917210.00
2024/12/16	10.451	10.579	10.451	10.551	1132486	11904210.00
2024/12/17	10.551	10.650	10.511	10.529	1923510	20383704.00
2024/12/18	10.519	10.628	10.331	10.453	1470165	15402451.00
2024/12/19	10.219	10.219	10.077	10.117	966981	9781798.00
2024/12/20	10.116	10.205	10.116	10.146	1505074	15291828.00
2024/12/23	10.141	10.290	10.141	10.185	1956229	19940910.00
2024/12/24	10.185	10.263	10.147	10.160	1169701	11934388.00
2024/12/25	10.161	10.199	10.139	10.156	1647948	16754896.00
2024/12/26	10.189	10.191	10.154	10.162	1234413	12546947.00
2024/12/27	10.163	10.248	10.141	10.150	2352980	24026456.00
2024/12/30	10.149	10.216	10.149	10.196	1602950	16356636.00
2024/12/31	10.204	10.294	9.950	10.021	1051404	10699005.00
2025/01/02	10.119	10.266	10.115	10.248	1141679	11647011.00
2025/01/03	10.251	10.500	10.251	10.437	2177086	22664608.00
2025/01/06	10.437	10.620	10.437	10.601	2952152	31282744.00
2025/01/07	10.660	10.706	10.470	10.698	1639292	17431700.00
2025/01/08	10.698	10.821	10.561	10.818	6199009	66914628.00
2025/01/09	10.818	10.855	10.788	10.815	2072044	22428428.00
2025/01/10	10.800	10.923	10.596	10.855	1510088	16384299.00
2025/01/13	10.815	10.837	10.744	10.791	2584249	27905276.00
2025/01/14	10.751	10.836	10.576	10.695	1727366	18547376.00
2025/01/15	10.694	10.753	10.590	10.746	2358092	25239594.00
2025/01/16	10.754	10.757	10.680	10.739	1400412	14985550.00
2025/01/17	10.730	10.730	10.641	10.728	811469	8689170.00
2025/01/20	10.688	10.727	10.599	10.720	1552225	16633148.00
2025/01/21	10.720	10.790	10.645	10.657	1932181	20599072.00
2025/01/22	10.656	10.920	10.655	10.765	1309831	13996247.00
2025/01/23	10.774	10.900	10.725	10.788	1333923	14391381.00
2025/01/24	10.784	10.923	10.777	10.879	4340707	47180512.00
2025/01/27	10.890	11.244	10.890	11.130	409649	4536067.00
2025/02/05	11.110	11.352	10.980	11.309	1545542	17281416.00
2025/02/06	11.310	11.400	11.180	11.240	657081	7389274.00
2025/02/07	11.255	11.305	11.180	11.234	1209664	13616459.00
2025/02/10	11.252	11.252	11.177	11.246	2058023	23070956.00
2025/02/11	11.240	11.263	11.210	11.240	3331120	37461240.00
2025/02/12	11.239	11.299	11.181	11.235	2031737	22800644.00
2025/02/13	11.235	11.274	10.950	11.000	1335215	14804334.00
2025/02/14	10.865	11.120	10.865	11.113	2050776	22554972.00
2025/02/17	11.113	11.265	11.113	11.215	1830865	20547794.00
2025/02/18	11.215	11.260	11.081	11.125	3038330	33801768.00
2025/02/19	11.125	11.189	11.000	11.072	1743948	19299380.00
2025/02/20	11.032	11.071	10.980	11.010	1710058	18815858.00
2025/02/21	11.010	11.101	10.968	11.000	3626116	39892056.00
2025/02/24	10.998	11.003	10.854	10.886	1464137	16003283.00
2025/02/25	10.909	10.950	10.770	10.804	2816355	30400708.00
2025/02/26	10.780	10.842	10.780	10.817	1965754	21257304.00
2025/02/27	10.817	10.823	10.650	10.679	2460058	26456028.00
2025/02/28	10.679	10.684	10.550	10.659	2994954	31868196.00
2025/03/03	10.699	10.980	10.615	10.968	2571091	27618934.00
2025/03/04	10.970	11.013	10.900	10.980	2335699	25650708.00
2025/03/05	10.980	10.984	10.860	10.890	2381609	25967512.00
2025/03/06	10.860	10.904	10.841	10.900	2731942	29699340.00
2025/03/07	10.900	10.929	10.700	10.928	1738044	18878156.00
2025/03/10	10.888	10.928	10.860	10.922	2053947	22330460.00
2025/03/11	10.922	10.922	10.801	10.883	1359002	14732749.00
2025/03/12	10.920	10.920	10.812	10.879	2262814	24527860.00
2025/03/13	10.880	10.919	10.811	10.918	2797762	30355016.00
2025/03/14	10.917	10.921	10.843	10.899	1456857	15837431.00
2025/03/17	10.899	10.940	10.848	10.899	1587991	17252824.00
2025/03/18	10.936	11.062	10.800	11.014	1967427	21450346.00
2025/03/19	11.014	11.100	10.960	11.100	1950474	21404048.00
2025/03/20	11.100	11.133	11.000	11.098	2516318	27840380.00
2025/03/21	11.096	11.096	10.983	11.050	1923549	21226944.00
2025/03/24	11.010	11.065	10.940	11.006	2566176	28262136.00
2025/03/25	11.006	11.082	11.005	11.055	3354846	36985396.00
2025/03/26	11.055	11.099	11.030	11.033	1806386	19971744.00
2025/03/27	11.050	11.053	11.030	11.041	2810166	31017900.00
2025/03/28	11.002	11.123	10.986	11.102	894155	9935352.00
2025/03/31	11.122	11.204	11.080	11.083	2566463	28610404.00
2025/04/01	11.074	11.130	11.011	11.031	2923959	32383310.00
2025/04/02	11.031	11.190	11.031	11.160	2128048	23680688.00
2025/04/03	10.638	10.880	10.600	10.848	1627107	17565908.00
2025/04/07	10.848	10.877	10.700	10.877	1678643	18062240.00
2025/04/08	10.877	10.896	10.820	10.868	1593522	17308072.00
2025/04/09	10.868	10.868	10.800	10.821	663596	7180784.00
2025/04/10	10.821	10.868	10.740	10.766	1888123	20375908.00
2025/04/11	10.726	10.808	10.726	10.795	1514549	16353836.00
2025/04/14	10.800	10.800	10.750	10.760	1889217	20335180.00
2025/04/15	10.764	10.765	10.699	10.741	2171202	23315414.00
2025/04/16	10.724	10.730	10.695	10.708	2659403	28495804.00
2025/04/17	10.708	10.767	10.700	10.724	2562764	27478362.00
2025/04/18	10.726	10.728	10.709	10.717	1933708	20719252.00
2025/04/21	10.717	10.738	10.595	10.609	2029867	21624888.00
2025/04/22	10.608	10.608	10.429	10.488	2923314	30682204.00
2025/04/23	10.495	10.560	10.488	10.518	2509202	26404196.00
2025/04/24	10.524	10.602	10.501	10.523	994135	10464398.00
2025/04/25	10.514	10.607	10.500	10.550	2190910	23077032.00
2025/04/28	10.554	10.580	10.530	10.557	2301932	24287562.00
2025/04/29	10.557	10.590	10.530	10.579	2204093	23308100.00
2025/04/30	10.582	10.659	10.580	10.620	2603022	27664878.00
2025/05/06	10.621	10.638	10.600	10.624	686639	7289897.00
2025/05/07	10.620	10.659	10.580	10.640	1295421	13768732.00
2025/05/08	10.639	10.666	10.639	10.663	1922753	20490920.00
2025/05/09	10.663	10.706	10.663	10.702	1801541	19273012.00
2025/05/12	10.685	10.750	10.680	10.723	1668248	17892330.00
2025/05/13	10.723	10.760	10.595	10.677	1960492	21057082.00
2025/05/14	10.676	10.729	10.646	10.710	1752630	18760858.00
2025/05/15	10.670	10.729	10.601	10.677	206549	2207027.00
2025/05/16	10.673	10.720	10.640	10.641	1730527	18463056.00
2025/05/19	10.643	10.659	10.620	10.622	466553	4962740.00
2025/05/20	10.583	10.700	10.583	10.700	3539144	37797916.00
2025/05/21	10.700	10.810	10.660	10.801	2725584	29310426.00
2025/05/22	10.801	10.815	10.787	10.802	2492014	26923566.00
2025/05/23	10.806	10.840	10.786	10.812	1011610	10925146.00
2025/05/26	10.803	10.870	10.802	10.869	1052224	11403618.00
2025/05/27	10.869	10.898	10.861	10.869	1698111	18456650.00
2025/05/28	10.898	10.899	10.823	10.868	1836375	19957668.00
2025/05/29	10.874	10.878	10.828	10.871	1222573	13255471.00
2025/05/30	10.871	10.900	10.855	10.880	858673	9334688.00
2025/06/03	10.891	10.909	10.870	10.892	1327008	14450948.00
2025/06/04	10.919	10.919	10.888	10.888	284516	3098904.00
2025/06/05	10.889	10.905	10.888	10.892	589892	6427064.00
2025/06/06	10.899	10.981	10.899	10.940	262343	2866081.00
2025/06/09	10.984	11.025	10.975	11.004	2133778	23482036.00
2025/06/10	11.019	11.027	10.933	10.969	1341944	14724531.00
2025/06/11	10.948	11.034	10.914	10.970	1163335	12774735.00
2025/06/12	10.969	11.013	10.928	10.946	725131	7950881.00
2025/06/13	10.945	10.999	10.893	10.896	703684	7687734.00
2025/06/16	10.895	10.938	10.893	10.914	1113085	12149431.00
2025/06/17	10.916	10.951	10.855	10.889	3039123	33090360.00
2025/06/18	10.864	10.900	10.842	10.855	2099508	22804684.00
2025/06/19	10.879	10.880	10.804	10.873	3003691	32590464.00
2025/06/20	10.874	10.980	10.814	10.880	1267357	13780621.00
2025/06/23	10.880	10.888	10.842	10.883	1295113	14089317.00
2025/06/24	10.888	10.927	10.768	10.882	651344	7071854.00
2025/06/25	10.888	10.950	10.845	10.936	1040787	11364626.00
2025/06/26	10.936	10.992	10.896	10.945	1005924	11031564.00
2025/06/27	10.988	10.988	10.881	10.889	1034752	11279460.00
2025/06/30	10.900	10.953	10.848	10.951	694593	7550082.00
2025/07/01	10.907	10.938	10.852	10.883	2583127	28076900.00
2025/07/02	10.883	10.969	10.843	10.912	830714	9047322.00
2025/07/03	10.956	10.974	10.889	10.903	2352043	25764414.00
2025/07/04	10.904	10.965	10.903	10.920	1436499	15676074.00
2025/07/07	10.910	10.980	10.888	10.945	771879	8434729.00
2025/07/08	10.920	10.921	10.888	10.906	1728003	18848256.00
2025/07/09	10.920	10.943	10.885	10.919	2631448	28680346.00
2025/07/10	10.927	10.927	10.880	10.918	1338164	14579009.00
2025/07/11	10.881	10.920	10.878	10.913	1410547	15373418.00
2025/07/14	10.896	10.919	10.858	10.913	793856	8658844.00
2025/07/15	10.918	10.918	10.890	10.896	2164263	23589910.00
2025/07/16	10.894	10.897	10.882	10.887	1819137	19806216.00
2025/07/17	10.887	10.920	10.847	10.869	1409416	15328063.00
2025/07/18	10.864	10.900	10.827	10.860	1776734	19247866.00
2025/07/21	10.895	10.900	10.850	10.855	1272246	13817421.00
2025/07/22	10.857	10.890	10.812	10.840	1249659	13551358.00
2025/07/23	10.843	10.843	10.580	10.780	1908923	20391786.00
2025/07/24	10.736	10.759	10.681	10.733	2919851	31284302.00
2025/07/25	10.732	10.786	10.640	10.741	1267896	13605897.00
2025/07/28	10.732	10.820	10.671	10.819	2564988	27631184.00
2025/07/29	10.824	10.850	10.790	10.820	577416	6243431.00
2025/07/30	10.840	10.861	10.818	10.850	1716775	18635648.00
2025/07/31	10.864	10.880	10.850	10.860	1999822	21715946.00
2025/08/01	10.862	10.900	10.843	10.874	2445015	26553052.00
2025/08/04	10.874	10.899	10.860	10.889	1236799	13459663.00
2025/08/05	10.890	10.950	10.870	10.949	1612015	17563724.00
2025/08/06	10.949	10.980	10.944	10.950	1293800	14166984.00
2025/08/07	10.950	10.989	10.910	10.972	749577	8209597.00
2025/08/08	10.988	10.994	10.951	10.967	308286	3382328.00
2025/08/11	10.972	10.972	10.885	10.945	1704214	18616556.00
2025/08/12	10.901	10.934	10.891	10.898	1643695	17915782.00
2025/08/13	10.897	10.900	10.860	10.880	1299617	14137178.00
2025/08/14	10.861	10.880	10.845	10.871	2766624	30031378.00
2025/08/15	10.872	10.879	10.834	10.870	634569	6888655.00
2025/08/18	10.870	10.870	10.700	10.796	791149	8505128.00
2025/08/19	10.756	10.795	10.670	10.716	1039042	11122698.00
2025/08/20	10.716	10.830	10.691	10.799	1539736	16618787.00
2025/08/21	10.799	10.808	10.760	10.791	1574823	17006340.00
2025/08/22	10.791	10.831	10.784	10.809	1332276	14385860.00
2025/08/25	10.809	10.820	10.670	10.804	1718110	18551204.00
2025/08/26	10.804	10.868	10.767	10.848	1485964	16095123.00
2025/08/27	10.848	10.859	10.816	10.834	681554	7390866.00
2025/08/28	10.837	10.862	10.777	10.841	2974810	32248906.00
2025/08/29	10.841	10.841	10.810	10.836	1047543	11347521.00
2025/09/01	10.859	10.859	10.821	10.838	1652387	17911012.00
2025/09/02	10.838	10.900	10.804	10.860	1271036	13822438.00
2025/09/03	10.849	10.860	10.835	10.852	1648672	17878248.00
2025/09/04	10.876	10.950	10.821	10.941	1174953	12785815.00
2025/09/05	10.940	10.989	10.911	10.938	769104	8414949.00
2025/09/08	10.900	10.937	10.868	10.885	960300	10455749.00
2025/09/09	10.885	10.887	10.846	10.879	530115	5760830.00
2025/09/10	10.870	10.910	10.849	10.853	1016795	11038811.00
2025/09/11	10.815	10.877	10.815	10.866	991798	10757461.00
2025/09/12	10.868	10.877	10.826	10.860	1816468	19695320.00
2025/09/15	10.860	10.919	10.851	10.872	406796	4422034.00
2025/09/16	10.870	10.877	10.855	10.860	1660802	18034758.00
2025/09/17	10.859	10.911	10.850	10.880	1002818	10909580.00
2025/09/18	10.880	10.941	10.840	10.870	1123732	12212288.00
2025/09/19	10.869	10.915	10.860	10.908	918875	9997031.00
2025/09/22	10.908	10.970	10.873	10.950	1019697	11139591.00
2025/09/23	10.938	10.963	10.911	10.960	665189	7276361.00
2025/09/24	10.960	10.964	10.902	10.955	104444	1143169.00
2025/09/25	10.955	10.970	10.916	10.969	1014415	11109873.00
2025/09/26	10.980	11.032	10.965	11.015	1630716	17967464.00
2025/09/29	11.059	11.059	10.920	10.957	279475	3060687.00
2025/09/30	10.987	10.995	10.960	10.974	467495	5130176.00
2025/10/09	10.952	10.999	10.952	10.985	254364	2795083.00
2025/10/10	10.998	10.999	10.970	10.990	311425	3421545.00
2025/10/13	10.988	10.988	10.880	10.967	536612	5861142.00
2025/10/14	10.966	10.966	10.880	10.881	1063405	11615049.00
2025/10/15	10.880	10.906	10.865	10.870	509040	5541099.00
2025/10/16	10.863	10.866	10.780	10.855	1543568	16707055.00
2025/10/17	10.816	10.821	10.721	10.807	1618225	17459484.00
2025/10/20	10.775	10.839	10.767	10.794	721379	7777259.00
2025/10/21	10.780	10.780	10.490	10.643	3067813	32527666.00
2025/10/22	10.600	10.695	10.510	10.645	3764893	39876440.00
2025/10/23	10.606	10.752	10.606	10.750	2176958	23238858.00
2025/10/24	10.750	10.830	10.711	10.827	2398693	25891578.00
2025/10/27	10.820	10.879	10.732	10.819	884170	9512927.00
2025/10/28	10.820	10.860	10.755	10.797	2364031	25505262.00
2025/10/29	10.797	10.833	10.752	10.817	332425	3593595.00
2025/10/30	10.810	10.838	10.798	10.820	2889514	31241656.00
2025/10/31	10.856	10.856	10.758	10.794	1232025	13297805.00
2025/11/03	10.793	10.829	10.755	10.820	1334832	14415759.00
2025/11/04	10.820	10.848	10.714	10.752	416766	4483688.00
2025/11/05	10.754	10.801	10.712	10.787	1577623	17020540.00
2025/11/06	10.787	10.847	10.681	10.681	2146751	23127224.00
2025/11/07	10.680	10.799	10.617	10.799	1553616	16609734.00
2025/11/10	10.797	10.824	10.758	10.815	721117	7783090.00
2025/11/11	10.838	10.838	10.747	10.789	1146738	12376679.00
2025/11/12	10.788	10.840	10.782	10.814	746251	8071092.00
2025/11/13	10.809	10.857	10.770	10.798	260758	2812587.00
2025/11/14	10.839	10.839	10.759	10.808	1117138	12064922.00
2025/11/17	10.808	10.825	10.770	10.809	2189571	23663120.00
2025/11/18	10.825	10.838	10.750	10.784	1133047	12222893.00
2025/11/19	10.750	10.841	10.750	10.766	910749	9815966.00
2025/11/20	10.808	10.808	10.700	10.745	1335712	14377973.00
2025/11/21	10.786	10.797	10.693	10.744	1506941	16179570.00
2025/11/24	10.732	10.780	10.650	10.661	1936177	20731292.00
2025/11/25	10.691	10.749	10.629	10.736	2140551	22894676.00
2025/11/26	10.777	10.777	10.678	10.744	2951709	31632112.00
2025/11/27	10.784	10.784	10.674	10.688	1816214	19502072.00
2025/11/28	10.648	10.719	10.648	10.692	296502	3169772.00
2025/12/01	10.692	10.702	10.630	10.699	1071320	11416551.00
2025/12/02	10.660	10.705	10.659	10.699	66935	716036.00
2025/12/03	10.660	10.749	10.660	10.695	119069	1271941.00
2025/12/04	10.676	10.700	10.641	10.661	701209	7476923.00
2025/12/05	10.621	10.675	10.621	10.626	1006414	10698234.00
2025/12/08	10.626	10.626	10.580	10.602	443632	4705215.00
2025/12/09	10.604	10.728	10.500	10.672	429120	4517560.00
2025/12/10	10.629	10.660	10.541	10.622	913410	9690611.00
2025/12/11	10.582	10.619	10.556	10.562	1486827	15707351.00
2025/12/12	10.560	10.562	10.496	10.524	1728665	18172876.00
2025/12/15	10.512	10.524	10.321	10.434	839764	8732708.00
2025/12/16	10.399	10.464	10.374	10.455	409241	4268043.00
2025/12/17	10.512	10.512	10.449	10.486	406823	4262922.00
2025/12/18	10.448	10.530	10.448	10.530	734459	7698162.00
2025/12/19	10.490	10.490	10.292	10.399	1672408	17279248.00
2025/12/22	10.359	10.401	10.193	10.215	1586830	16233351.00
2025/12/23	10.175	10.223	10.050	10.199	695945	7067146.00
2025/12/24	10.199	10.505	10.100	10.490	1733928	18032236.00
2025/12/25	10.476	10.501	10.450	10.493	1738396	18232004.00
2025/12/26	10.493	10.500	10.453	10.490	719277	7546719.00
2025/12/29	10.482	10.495	10.364	10.474	1671768	17518102.00
2025/12/30	10.480	10.509	10.452	10.474	604905	6334671.00
2025/12/31	10.353	10.353	10.241	10.245	903700	9263424.00
2026/01/05	10.245	10.400	10.237	10.290	762213	7861466.00
2026/01/06	10.250	10.392	10.228	10.391	1234851	12789125.00
2026/01/07	10.391	10.420	10.351	10.394	1099047	11400666.00
2026/01/08	10.395	10.395	10.350	10.379	501636	5197182.00
2026/01/09	10.379	10.405	10.057	10.385	1553266	16117671.00
2026/01/12	10.343	10.385	10.268	10.370	432594	4473679.00
2026/01/13	10.330	10.370	10.291	10.356	623644	6455805.00
2026/01/14	10.356	10.357	10.301	10.350	751672	7776927.00
2026/01/15	10.321	10.342	10.250	10.308	1712022	17636738.00
2026/01/16	10.308	10.308	10.250	10.279	1238333	12726602.00
2026/01/19	10.279	10.279	10.200	10.242	939805	9625316.00
2026/01/20	10.239	10.277	10.200	10.247	627092	6416379.00
2026/01/21	10.238	10.384	10.230	10.353	1456223	15019435.00
2026/01/22	10.353	10.460	10.345	10.424	1147580	11946130.00
2026/01/23	10.464	10.464	10.351	10.439	1008208	10493298.00
2026/01/26	10.439	10.439	10.336	10.429	296580	3087823.00
2026/01/27	10.429	10.491	10.292	10.458	1162531	12046001.00
2026/01/28	10.418	10.475	10.350	10.453	1459331	15190037.00
2026/01/29	10.458	10.629	10.400	10.602	1982384	20939950.00
2026/01/30	10.600	10.600	10.502	10.538	712653	7509457.00
2026/02/02	10.570	10.570	10.430	10.510	824635	8635958.00
2026/02/03	10.505	10.506	10.445	10.460	1476214	15451450.00
2026/02/04	10.459	10.497	10.421	10.483	708796	7412116.00
2026/02/05	10.483	10.514	10.423	10.494	478031	4988622.00
2026/02/06	10.514	10.514	10.460	10.490	835304	8756784.00
2026/02/09	10.450	10.485	10.402	10.454	594176	6184556.00
2026/02/10	10.450	10.450	10.401	10.437	523800	5456690.00
2026/02/11	10.400	10.448	10.374	10.441	960191	10008439.00
2026/02/12	10.401	10.470	10.390	10.391	557516	5800203.00
2026/02/13	10.373	10.391	10.351	10.364	364507	3777439.00
2026/02/24	10.358	10.360	10.324	10.353	240453	2487291.00
2026/02/25	10.394	10.426	10.330	10.397	242457	2518286.00
2026/02/26	10.397	10.419	10.369	10.377	706806	7339016.00
2026/02/27	10.376	10.376	10.281	10.330	753030	7761911.00
2026/03/02	10.320	10.360	10.270	10.338	738153	7616029.00
2026/03/03	10.337	10.460	10.300	10.415	1027710	10678490.00
2026/03/04	10.416	10.474	10.351	10.454	1391270	14503692.00
2026/03/05	10.454	10.537	10.415	10.494	2064442	21606624.00
2026/03/06	10.483	10.608	10.440	10.555	1372935	14484463.00
2026/03/09	10.561	10.620	10.522	10.546	2035948	21502760.00
2026/03/10	10.539	10.550	10.460	10.549	1785218	18794288.00
2026/03/11	10.510	10.600	10.510	10.575	843933	8897971.00
2026/03/12	10.577	10.786	10.520	10.530	465304	4909857.00
2026/03/13	10.530	10.672	10.500	10.578	740546	7849116.00
2026/03/16	10.578	10.649	10.578	10.596	916231	9715319.00
2026/03/17	10.596	10.640	10.565	10.610	636039	6738294.00
2026/03/18	10.610	10.654	10.555	10.608	677039	7176754.00
2026/03/19	10.624	10.641	10.585	10.609	1036464	10994702.00
2026/03/20	10.588	10.590	10.487	10.555	407069	4295819.00
2026/03/23	10.507	10.525	10.420	10.520	639660	6719746.00
2026/03/24	10.536	10.565	10.480	10.554	250613	2632867.00
2026/04/03	10.384	10.384	10.280	10.312	1392560	14347192.00
#Ъ§ОнРДдД:ЭЈДяаХ
