508010 ЦРҪрЦШЗмБҪҪӯREIT ИХПЯ І»ёҙИЁ
      ИХЖЪ	    ҝӘЕМ	    ЧоёЯ	    ЧоөН	    КХЕМ	    іЙҪ»Бҝ	    іЙҪ»¶о
2024/12/11	2.559	2.559	2.460	2.551	5299232	13500948.00
2024/12/12	2.552	2.601	2.532	2.580	2488791	6420553.00
2024/12/13	2.570	2.596	2.550	2.589	2409346	6210355.00
2024/12/16	2.580	2.650	2.580	2.619	8599581	22402284.00
2024/12/17	2.611	2.649	2.611	2.621	1818516	4767840.00
2024/12/18	2.621	2.647	2.605	2.609	2178148	5721876.00
2024/12/19	2.600	2.639	2.500	2.610	2277225	5904860.00
2024/12/20	2.603	2.618	2.572	2.608	1160482	3026712.00
2024/12/23	2.562	2.860	2.562	2.642	812857	2114200.00
2024/12/24	2.630	2.695	2.598	2.620	688415	1802519.00
2024/12/25	2.619	2.638	2.581	2.600	179124	465856.00
2024/12/26	2.598	2.617	2.582	2.606	472683	1231725.00
2024/12/27	2.609	2.630	2.590	2.629	1356980	3550783.00
2024/12/30	2.602	2.650	2.602	2.638	1196555	3142283.00
2024/12/31	2.650	2.720	2.602	2.700	995746	2656110.00
2025/01/02	2.712	2.749	2.700	2.726	1415395	3847057.00
2025/01/03	2.705	2.888	2.705	2.840	3303724	9303249.00
2025/01/06	2.840	2.880	2.780	2.870	2296120	6573315.00
2025/01/07	2.870	2.888	2.813	2.859	538064	1526729.00
2025/01/08	2.858	2.888	2.831	2.874	383561	1101916.00
2025/01/09	2.873	3.030	2.845	2.918	928175	2709844.00
2025/01/10	2.918	2.963	2.886	2.957	2369597	6964948.00
2025/01/13	2.927	3.046	2.927	2.961	610916	1814960.00
2025/01/14	2.960	3.000	2.944	2.974	3073541	9129064.00
2025/01/15	3.019	3.019	2.930	2.979	126882	377110.00
2025/01/16	3.018	3.018	2.932	2.960	810121	2396412.00
2025/01/17	3.000	3.000	2.950	2.961	312338	924471.00
2025/01/20	2.999	2.999	2.911	2.962	673308	1982898.00
2025/01/21	2.947	2.980	2.932	2.967	1007317	2981601.00
2025/01/22	2.952	2.971	2.944	2.970	244264	723667.00
2025/01/23	2.960	2.980	2.950	2.970	429912	1273134.00
2025/01/24	2.969	3.000	2.966	2.981	172960	515298.00
2025/01/27	2.966	3.200	2.966	3.027	628704	1895698.00
2025/02/05	3.027	3.100	2.810	3.045	1204190	3568153.00
2025/02/06	3.044	3.044	2.984	3.016	1515152	4568563.00
2025/02/07	3.000	3.034	2.986	2.997	874297	2622731.00
2025/02/10	2.997	3.072	2.996	3.025	862473	2594322.00
2025/02/11	3.024	3.191	3.024	3.170	2907668	9083478.00
2025/02/12	3.160	3.200	3.123	3.168	2968254	9387067.00
2025/02/13	3.168	3.199	3.105	3.160	828347	2615729.00
2025/02/14	3.190	3.250	3.130	3.160	1012306	3198241.00
2025/02/17	3.160	3.400	3.141	3.174	1203186	3819651.00
2025/02/18	3.175	3.182	3.142	3.177	935828	2960901.00
2025/02/19	3.162	3.249	3.155	3.245	2648796	8426041.00
2025/02/20	3.270	3.300	3.196	3.289	757982	2464037.00
2025/02/21	3.260	3.386	3.247	3.353	1574399	5203633.00
2025/02/24	3.395	3.395	3.286	3.305	1361704	4514473.00
2025/02/25	3.303	3.336	3.215	3.249	2391319	7809577.00
2025/02/26	3.266	3.266	3.190	3.242	1743522	5606702.00
2025/02/27	3.226	3.257	3.153	3.188	1369704	4361697.00
2025/02/28	3.184	3.184	3.118	3.149	1744451	5466687.00
2025/03/03	3.153	3.243	3.152	3.218	2362583	7520756.00
2025/03/04	3.224	3.269	3.189	3.218	2563991	8275411.00
2025/03/05	3.228	3.228	3.180	3.215	721100	2305088.00
2025/03/06	3.221	3.229	3.155	3.178	1658596	5286135.00
2025/03/07	3.146	3.176	3.122	3.168	881100	2773621.00
2025/03/10	3.160	3.189	3.149	3.172	250895	795536.00
2025/03/11	3.204	3.230	3.163	3.170	37904	120371.00
2025/03/12	3.171	3.192	3.115	3.135	859467	2714724.00
2025/03/13	3.132	3.160	3.119	3.120	76400	239233.00
2025/03/14	3.090	3.145	3.090	3.134	606675	1894315.00
2025/03/17	3.103	3.204	3.103	3.145	917315	2899049.00
2025/03/18	3.123	3.175	3.123	3.137	125682	395343.00
2025/03/19	3.148	3.148	3.130	3.139	57064	178981.00
2025/03/20	3.139	3.190	3.138	3.167	851215	2683956.00
2025/03/21	3.167	3.188	3.135	3.155	151200	477091.00
2025/03/24	3.139	3.281	3.139	3.152	161700	509036.00
2025/03/25	3.140	3.183	3.140	3.159	622400	1964808.00
2025/03/26	3.150	3.190	3.150	3.164	119100	376695.00
2025/03/27	3.164	3.220	3.164	3.177	960658	3064979.00
2025/03/28	3.172	3.250	3.172	3.248	723048	2314408.00
2025/03/31	3.225	3.297	3.184	3.195	1508600	4849635.00
2025/04/01	3.190	3.207	3.160	3.173	232330	738823.00
2025/04/02	3.168	3.225	3.163	3.219	291091	929563.00
2025/04/03	3.208	3.312	3.208	3.306	238584	777500.00
2025/04/07	3.295	3.316	3.200	3.243	258607	837272.00
2025/04/08	3.218	3.256	3.216	3.228	194400	629288.00
2025/04/09	3.218	3.318	3.185	3.191	322900	1035193.00
2025/04/10	3.185	3.251	3.174	3.189	429643	1382172.00
2025/04/11	3.185	3.205	3.168	3.186	229500	729159.00
2025/04/14	3.174	3.198	3.174	3.191	86264	274993.00
2025/04/15	3.180	3.207	3.180	3.195	124900	398792.00
2025/04/16	3.195	3.216	3.195	3.196	193691	619863.00
2025/04/17	3.185	3.250	3.173	3.250	1089657	3512070.00
2025/04/18	3.250	3.295	3.211	3.226	213976	698648.00
2025/04/21	3.255	3.268	3.169	3.177	668991	2157560.00
2025/04/22	3.196	3.225	3.180	3.220	728500	2339039.00
2025/04/23	3.218	3.278	3.218	3.278	469685	1532444.00
2025/04/24	3.268	3.372	3.268	3.366	886577	2943510.00
2025/04/25	3.353	3.467	3.306	3.431	372947	1251396.00
2025/04/28	3.397	3.420	3.312	3.376	3038200	10170231.00
2025/04/29	3.334	3.476	3.334	3.470	441347	1509359.00
2025/04/30	3.453	3.580	3.453	3.556	186616	656420.00
2025/05/06	3.556	3.624	3.501	3.548	613961	2187993.00
2025/05/07	3.534	3.578	3.464	3.540	462142	1614222.00
2025/05/08	3.526	3.549	3.479	3.508	750523	2630264.00
2025/05/09	3.500	3.513	3.455	3.504	732692	2542001.00
2025/05/12	3.503	3.552	3.442	3.552	715002	2513063.00
2025/05/13	3.539	3.586	3.537	3.574	134991	481904.00
2025/05/14	3.574	3.611	3.540	3.572	633400	2271848.00
2025/05/15	3.558	3.715	3.553	3.701	490178	1758744.00
2025/05/16	3.709	3.719	3.664	3.690	561191	2069756.00
2025/05/19	3.686	3.740	3.635	3.705	540220	1995196.00
2025/05/20	3.702	3.759	3.649	3.687	438086	1617825.00
2025/05/21	3.687	3.820	3.684	3.791	383125	1423908.00
2025/05/22	3.800	3.801	3.696	3.731	454948	1701703.00
2025/05/23	3.711	3.750	3.708	3.715	120791	450497.00
2025/05/26	3.700	3.737	3.670	3.679	432408	1597214.00
2025/05/27	3.673	3.676	3.573	3.625	1421591	5141593.00
2025/05/28	3.619	3.660	3.598	3.648	442700	1599982.00
2025/05/29	3.649	3.680	3.630	3.648	726496	2651484.00
2025/05/30	3.652	3.683	3.596	3.638	787917	2860836.00
2025/06/03	3.623	3.647	3.607	3.639	432277	1564233.00
2025/06/04	3.624	3.638	3.610	3.620	199783	723071.00
2025/06/05	3.617	3.630	3.600	3.617	173400	626662.00
2025/06/06	3.620	3.628	3.595	3.603	349500	1260460.00
2025/06/09	3.613	3.618	3.569	3.575	102895	368932.00
2025/06/10	3.575	3.605	3.548	3.590	307095	1097878.00
2025/06/11	3.576	3.662	3.576	3.633	566768	2053620.00
2025/06/12	3.633	3.684	3.633	3.678	335791	1228315.00
2025/06/13	3.687	3.693	3.664	3.679	533413	1964026.00
2025/06/16	3.679	3.689	3.664	3.676	400400	1473097.00
2025/06/17	3.666	3.750	3.666	3.747	778200	2889343.00
2025/06/18	3.732	3.817	3.702	3.716	665574	2507473.00
2025/06/19	3.710	3.778	3.682	3.691	398074	1483187.00
2025/06/20	3.691	3.732	3.675	3.691	478882	1765569.00
2025/06/23	3.676	3.763	3.673	3.762	449900	1675207.00
2025/06/24	3.760	3.761	3.649	3.656	627700	2310632.00
2025/06/25	3.653	3.685	3.620	3.653	218255	796649.00
2025/06/26	3.653	3.653	3.590	3.612	219191	791307.00
2025/06/27	3.609	3.623	3.542	3.592	513111	1828090.00
2025/06/30	3.535	3.635	3.535	3.635	595400	2141927.00
2025/07/01	3.570	3.730	3.500	3.676	1012800	3713534.00
2025/07/02	3.680	3.705	3.679	3.687	232900	860897.00
2025/07/03	3.672	3.730	3.625	3.703	397791	1463366.00
2025/07/04	3.699	3.718	3.677	3.681	240582	889261.00
2025/07/07	3.679	3.701	3.613	3.665	330600	1209664.00
2025/07/08	3.696	3.696	3.590	3.593	492747	1787282.00
2025/07/09	3.578	3.628	3.521	3.525	967103	3426955.00
2025/07/10	3.508	3.574	3.503	3.555	315200	1116632.00
2025/07/11	3.541	3.596	3.494	3.514	625692	2209078.00
2025/07/14	3.515	3.542	3.455	3.468	783800	2732968.00
2025/07/15	3.459	3.534	3.459	3.511	906100	3164935.00
2025/07/16	3.510	3.554	3.499	3.508	426791	1501591.00
2025/07/17	3.494	3.530	3.463	3.497	464300	1615630.00
2025/07/18	3.496	3.533	3.462	3.490	349052	1221271.00
2025/07/21	3.486	3.555	3.420	3.425	652300	2254622.00
2025/07/22	3.411	3.415	3.351	3.370	474300	1598346.00
2025/07/23	3.370	3.606	3.274	3.481	2042425	6942597.00
2025/07/24	3.481	3.550	3.432	3.482	675113	2355449.00
2025/07/25	3.461	3.490	3.391	3.466	1605900	5476088.00
2025/07/28	3.458	3.458	3.370	3.419	455987	1558627.00
2025/07/29	3.419	3.440	3.362	3.368	1079891	3648745.00
2025/07/30	3.360	3.400	3.354	3.371	832191	2810705.00
2025/07/31	3.371	3.420	3.371	3.407	747591	2538653.00
2025/08/01	3.394	3.489	3.379	3.467	860300	2959114.00
2025/08/04	3.467	3.488	3.436	3.455	461329	1596844.00
2025/08/05	3.425	3.497	3.425	3.447	745356	2583509.00
2025/08/06	3.461	3.461	3.429	3.456	247091	851330.00
2025/08/07	3.460	3.480	3.454	3.455	292100	1012312.00
2025/08/08	3.461	3.465	3.442	3.442	117400	404582.00
2025/08/11	3.435	3.467	3.428	3.450	80100	275199.00
2025/08/12	3.450	3.462	3.390	3.407	185800	635206.00
2025/08/13	3.420	3.420	3.366	3.368	254900	862830.00
2025/08/14	3.363	3.363	3.330	3.333	501500	1674481.00
2025/08/15	3.330	3.342	3.308	3.310	350690	1164967.00
2025/08/18	3.309	3.319	3.198	3.210	1324500	4261912.00
2025/08/19	3.191	3.210	3.135	3.202	866791	2732047.00
2025/08/20	3.193	3.326	3.191	3.313	837773	2749856.00
2025/08/21	3.313	3.335	3.281	3.322	396000	1306420.00
2025/08/22	3.316	3.406	3.302	3.387	721259	2414856.00
2025/08/25	3.366	3.378	3.313	3.377	643377	2156593.00
2025/08/26	3.357	3.410	3.357	3.396	366630	1242526.00
2025/08/27	3.376	3.397	3.370	3.391	170679	577612.00
2025/08/28	3.390	3.395	3.374	3.378	72765	245913.00
2025/08/29	3.358	3.471	3.358	3.378	493900	1676489.00
2025/09/01	3.375	3.379	3.356	3.379	113982	383646.00
2025/09/02	3.359	3.459	3.359	3.455	518200	1769393.00
2025/09/03	3.456	3.509	3.453	3.483	352000	1226334.00
2025/09/04	3.483	3.500	3.430	3.470	543365	1879584.00
2025/09/05	3.475	3.513	3.410	3.430	115791	398668.00
2025/09/08	3.409	3.429	3.343	3.392	150982	509532.00
2025/09/09	3.392	3.434	3.376	3.405	211000	717176.00
2025/09/10	3.414	3.414	3.363	3.393	447577	1514506.00
2025/09/11	3.430	3.439	3.357	3.360	111800	376052.00
2025/09/12	3.357	3.357	3.275	3.344	418391	1377771.00
2025/09/15	3.335	3.350	3.304	3.312	204565	677964.00
2025/09/16	3.300	3.321	3.262	3.284	214765	703324.00
2025/09/17	3.281	3.320	3.260	3.320	182300	601510.00
2025/09/18	3.300	3.350	3.300	3.343	297600	987792.00
2025/09/19	3.346	3.370	3.319	3.367	329300	1104043.00
2025/09/22	3.369	3.383	3.327	3.345	268300	899112.00
2025/09/23	3.344	3.387	3.325	3.345	53400	179268.00
2025/09/24	3.339	3.343	3.319	3.320	99100	329430.00
2025/09/25	3.315	3.316	3.230	3.276	371700	1213893.00
2025/09/26	3.275	3.276	3.234	3.234	226682	735805.00
2025/09/29	3.224	3.287	3.196	3.260	364390	1182655.00
2025/09/30	3.249	3.299	3.241	3.241	527982	1722964.00
2025/10/09	3.239	3.262	3.222	3.236	141500	457380.00
2025/10/10	3.220	3.255	3.217	3.225	111800	360707.00
2025/10/13	3.225	3.272	3.206	3.215	74690	241526.00
2025/10/14	3.212	3.212	3.184	3.184	181717	579932.00
2025/10/15	3.186	3.203	3.160	3.178	33351	105936.00
2025/10/16	3.178	3.189	3.132	3.137	377200	1190335.00
2025/10/17	3.155	3.155	3.050	3.113	462765	1423609.00
2025/10/20	3.112	3.112	3.047	3.049	1189982	3661070.00
2025/10/21	3.060	3.060	3.031	3.033	374758	1137595.00
2025/10/22	3.035	3.106	3.035	3.106	1598991	4866217.00
2025/10/23	3.087	3.125	3.066	3.102	287100	891106.00
2025/10/24	3.099	3.151	3.099	3.137	1296130	4041232.00
2025/10/27	3.126	3.135	3.099	3.099	97300	302758.00
2025/10/28	3.080	3.138	3.050	3.138	500943	1551829.00
2025/10/29	3.138	3.180	3.127	3.177	318011	1003196.00
2025/10/30	3.177	3.200	3.172	3.186	228547	728568.00
2025/10/31	3.188	3.200	3.160	3.168	90182	286968.00
2025/11/03	3.169	3.180	3.129	3.140	434375	1369195.00
2025/11/04	3.137	3.140	3.121	3.135	144157	450474.00
2025/11/05	3.134	3.134	3.082	3.099	153500	477087.00
2025/11/06	3.099	3.115	3.047	3.110	312486	963524.00
2025/11/07	3.100	3.249	3.100	3.127	775886	2447228.00
2025/11/10	3.128	3.350	3.036	3.060	1206616	3721393.00
2025/11/11	3.058	3.100	3.010	3.065	299882	920827.00
2025/11/12	3.083	3.083	3.042	3.045	370191	1127437.00
2025/11/13	3.030	3.045	3.000	3.023	552582	1667444.00
2025/11/14	3.024	3.070	2.956	2.964	987112	2948493.00
2025/11/17	2.965	2.968	2.897	2.919	1625000	4745989.00
2025/11/18	2.893	2.893	2.861	2.870	1861056	5354947.00
2025/11/19	2.859	2.864	2.842	2.850	1192891	3403946.00
2025/11/20	2.833	2.833	2.789	2.808	1350400	3805674.00
2025/11/21	2.788	2.827	2.701	2.813	271543	760435.00
2025/11/24	2.819	2.827	2.779	2.787	576682	1610110.00
2025/11/25	2.795	2.806	2.770	2.780	405300	1125982.00
2025/11/26	2.790	2.790	2.700	2.761	684293	1887045.00
2025/11/27	2.777	2.777	2.707	2.729	1544265	4238698.00
2025/11/28	2.710	2.761	2.639	2.685	2654482	7102485.00
2025/12/01	2.669	2.678	2.611	2.614	1507891	3959186.00
2025/12/02	2.612	2.612	2.556	2.563	3062427	7899544.00
2025/12/03	2.554	2.599	2.554	2.596	355697	919672.00
2025/12/04	2.580	2.669	2.568	2.662	418335	1097142.00
2025/12/05	2.663	2.696	2.660	2.665	434700	1163042.00
2025/12/08	2.649	2.681	2.570	2.603	1794800	4676039.00
2025/12/09	2.601	2.602	2.563	2.599	668191	1724009.00
2025/12/10	2.599	2.680	2.565	2.680	1728282	4522541.00
2025/12/11	2.680	2.777	2.680	2.726	4369344	11938970.00
2025/12/12	2.727	2.800	2.727	2.800	722191	1992569.00
2025/12/15	2.800	2.848	2.732	2.780	871991	2441689.00
2025/12/16	2.740	2.779	2.720	2.729	291582	796279.00
2025/12/17	2.695	2.736	2.695	2.719	77182	209245.00
2025/12/18	2.700	2.700	2.660	2.660	295100	788428.00
2025/12/19	2.635	2.661	2.600	2.660	1161956	3052272.00
2025/12/22	2.622	2.700	2.622	2.698	271369	721356.00
2025/12/23	2.670	2.710	2.670	2.686	152500	410695.00
2025/12/24	2.646	2.805	2.646	2.740	1304129	3590086.00
2025/12/25	2.730	2.802	2.730	2.801	669113	1864500.00
2025/12/26	2.803	2.876	2.760	2.869	494200	1397813.00
2025/12/29	2.870	2.873	2.752	2.826	287300	805878.00
2025/12/30	2.829	2.959	2.828	2.842	742200	2128817.00
2025/12/31	2.843	2.888	2.827	2.827	196100	555817.00
2026/01/05	2.827	2.876	2.820	2.846	501056	1423775.00
2026/01/06	2.839	2.886	2.810	2.862	911056	2601069.00
2026/01/07	2.832	2.929	2.832	2.913	1672723	4801581.00
2026/01/08	2.915	2.949	2.890	2.925	483400	1415093.00
2026/01/09	2.926	2.996	2.885	2.970	530282	1570847.00
2026/01/12	2.973	3.000	2.891	2.991	382091	1127962.00
2026/01/13	2.970	3.009	2.952	2.980	432430	1290929.00
2026/01/14	2.939	2.983	2.935	2.975	167691	497040.00
2026/01/15	2.957	2.957	2.924	2.928	298791	875595.00
2026/01/16	2.920	2.935	2.880	2.884	74491	216603.00
2026/01/19	2.880	2.949	2.850	2.941	1163725	3380434.00
2026/01/20	2.946	3.010	2.946	2.976	391079	1166216.00
2026/01/21	2.976	3.099	2.945	3.096	843600	2522303.00
2026/01/22	3.096	3.156	3.096	3.105	1510800	4720123.00
2026/01/23	3.104	3.195	3.100	3.181	1516473	4788942.00
2026/01/26	3.163	3.187	3.057	3.139	561156	1756083.00
2026/01/27	3.123	3.139	3.080	3.113	815191	2545828.00
2026/01/28	3.115	3.160	3.110	3.150	665523	2084081.00
2026/01/29	3.150	3.232	3.149	3.209	868622	2778364.00
2026/01/30	3.200	3.226	3.195	3.212	741900	2381253.00
2026/02/02	3.212	3.212	3.140	3.140	805062	2552925.00
2026/02/03	3.150	3.159	3.130	3.149	81900	257932.00
2026/02/04	3.130	3.179	3.119	3.173	302200	950738.00
2026/02/05	3.176	3.191	3.135	3.184	1730600	5456529.00
2026/02/06	3.186	3.227	3.120	3.197	423700	1349959.00
2026/02/09	3.203	3.268	3.160	3.205	732513	2359309.00
2026/02/10	3.208	3.272	3.167	3.207	700300	2245857.00
2026/02/11	3.206	3.300	3.177	3.268	474791	1539554.00
2026/02/12	3.349	3.349	3.222	3.267	1186600	3854068.00
2026/02/13	3.265	3.269	3.241	3.266	72500	235221.00
2026/02/24	3.264	3.265	3.251	3.258	103485	337013.00
2026/02/25	3.262	3.262	3.218	3.230	542400	1755932.00
2026/02/26	3.229	3.236	3.160	3.162	555021	1778704.00
2026/02/27	3.160	3.160	3.096	3.104	256131	800258.00
2026/03/02	3.102	3.117	3.053	3.061	344300	1064838.00
2026/03/03	3.043	3.146	3.025	3.098	563882	1746402.00
2026/03/04	3.105	3.208	3.097	3.098	715991	2241842.00
2026/03/05	3.103	3.146	3.098	3.101	122191	379758.00
2026/03/06	3.103	3.105	3.006	3.029	1068091	3247553.00
2026/03/09	3.026	3.026	2.954	2.958	392500	1171633.00
2026/03/10	2.958	2.988	2.918	2.968	704900	2087118.00
2026/03/11	2.973	2.986	2.889	2.958	775283	2267298.00
2026/03/12	2.943	2.967	2.885	2.922	971322	2839243.00
2026/03/13	2.920	2.994	2.882	2.990	506300	1485437.00
2026/03/16	2.999	3.001	2.942	2.971	559917	1659499.00
2026/03/17	2.979	3.060	2.954	2.989	1005700	3017431.00
2026/03/18	2.996	3.023	2.972	3.020	432000	1291312.00
2026/03/19	3.020	3.096	3.003	3.095	424891	1295175.00
2026/03/20	3.098	3.165	3.028	3.085	857691	2664046.00
2026/03/23	3.078	3.078	3.003	3.022	561000	1693267.00
2026/03/24	3.024	3.100	3.005	3.058	808200	2471755.00
2026/04/03	2.852	2.857	2.771	2.795	707500	1991184.00
#КэҫЭАҙФҙ:НЁҙпРЕ
