508019 櫓쏜빤굇옰尻밟믄 휑窟 꼇릿홈
      휑퍅	    역턍	    離멕	    離됴	    澗턍	    냥슥좆	    냥슥띨
2023/06/30	2.580	2.580	2.161	2.460	65050039	155957072.00
2023/07/03	2.460	2.462	2.335	2.397	13512431	32215456.00
2023/07/04	2.375	2.404	2.332	2.400	2932845	6971251.00
2023/07/05	2.376	2.398	2.361	2.396	1147937	2743855.00
2023/07/06	2.396	2.420	2.396	2.416	3789707	9130181.00
2023/07/07	2.417	2.468	2.417	2.458	5388076	13171817.00
2023/07/10	2.462	2.488	2.462	2.484	5748280	14208730.00
2023/07/11	2.485	2.499	2.447	2.474	7981660	19727356.00
2023/07/12	2.475	2.482	2.450	2.474	3732856	9210244.00
2023/07/13	2.470	2.497	2.457	2.493	3773180	9393848.00
2023/07/14	2.495	2.529	2.487	2.510	5499859	13832963.00
2023/07/17	2.529	2.529	2.510	2.517	3560059	8973782.00
2023/07/18	2.516	2.600	2.512	2.599	10109576	25816752.00
2023/07/19	2.599	2.610	2.559	2.573	5413178	13923801.00
2023/07/20	2.573	2.573	2.526	2.547	4682939	11936417.00
2023/07/21	2.545	2.562	2.524	2.557	5327863	13556636.00
2023/07/24	2.556	2.574	2.531	2.553	5078899	12923398.00
2023/07/25	2.538	2.592	2.525	2.564	6325270	16208473.00
2023/07/26	2.560	2.561	2.501	2.544	6474474	16422014.00
2023/07/27	2.541	2.552	2.510	2.545	5349973	13533670.00
2023/07/28	2.545	2.545	2.511	2.541	2489123	6292857.00
2023/07/31	2.541	2.590	2.514	2.589	7027888	17928000.00
2023/08/01	2.586	2.635	2.560	2.610	6940134	18086166.00
2023/08/02	2.612	2.612	2.580	2.608	7392908	19258304.00
2023/08/03	2.604	2.624	2.581	2.617	4882403	12705150.00
2023/08/04	2.616	2.616	2.592	2.610	2673724	6958589.00
2023/08/07	2.608	2.608	2.572	2.588	3181564	8239185.00
2023/08/08	2.588	2.606	2.569	2.598	5631511	14597420.00
2023/08/09	2.598	2.600	2.571	2.595	1979886	5123067.00
2023/08/10	2.595	2.609	2.571	2.606	3590231	9292679.00
2023/08/11	2.605	2.610	2.588	2.591	3280533	8512691.00
2023/08/14	2.592	2.592	2.570	2.582	4178539	10788531.00
2023/08/15	2.582	2.595	2.573	2.589	3817613	9877844.00
2023/08/16	2.586	2.594	2.576	2.587	3700432	9576767.00
2023/08/17	2.585	2.594	2.574	2.587	4636762	11976146.00
2023/08/18	2.586	2.592	2.578	2.587	3407010	8813374.00
2023/08/21	2.588	2.594	2.564	2.579	2799674	7221022.00
2023/08/22	2.580	2.586	2.549	2.566	4073441	10467966.00
2023/08/23	2.566	2.566	2.538	2.554	977877	2493020.00
2023/08/24	2.553	2.555	2.536	2.552	1875451	4771078.00
2023/08/25	2.551	2.551	2.520	2.548	2839523	7209742.00
2023/08/28	2.555	2.573	2.521	2.541	5848345	14860682.00
2023/08/29	2.539	2.539	2.515	2.521	2697367	6819520.00
2023/08/30	2.520	2.535	2.500	2.520	4268836	10740557.00
2023/08/31	2.517	2.527	2.510	2.521	2768736	6970723.00
2023/09/01	2.513	2.526	2.511	2.518	3442540	8665113.00
2023/09/04	2.519	2.521	2.509	2.516	1925026	4839286.00
2023/09/05	2.521	2.523	2.510	2.518	2189337	5510417.00
2023/09/06	2.530	2.535	2.506	2.530	5472595	13809192.00
2023/09/07	2.528	2.540	2.520	2.540	2466242	6238394.00
2023/09/08	2.538	2.546	2.532	2.545	3094008	7859731.00
2023/09/11	2.545	2.547	2.537	2.545	2540951	6464473.00
2023/09/12	2.545	2.550	2.540	2.545	2347268	5971959.00
2023/09/13	2.545	2.554	2.540	2.545	2292307	5839219.00
2023/09/14	2.545	2.550	2.533	2.540	2860118	7280933.00
2023/09/15	2.530	2.541	2.530	2.539	2670736	6778923.00
2023/09/18	2.524	2.539	2.524	2.534	2030162	5136653.00
2023/09/19	2.531	2.545	2.522	2.529	733497	1858503.00
2023/09/20	2.529	2.541	2.513	2.517	1953851	4927925.00
2023/09/21	2.517	2.525	2.510	2.514	1465786	3684061.00
2023/09/22	2.514	2.519	2.502	2.506	1275006	3195343.00
2023/09/25	2.502	2.517	2.502	2.513	1235245	3100693.00
2023/09/26	2.502	2.521	2.502	2.516	794334	1998564.00
2023/09/27	2.519	2.528	2.507	2.514	1803693	4537850.00
2023/09/28	2.513	2.549	2.513	2.538	1799774	4552330.00
2023/10/09	2.537	2.544	2.519	2.526	1985787	5017928.00
2023/10/10	2.520	2.525	2.485	2.510	2058952	5157541.00
2023/10/11	2.510	2.510	2.480	2.493	1245861	3107370.00
2023/10/12	2.493	2.499	2.471	2.481	2701983	6710445.00
2023/10/13	2.478	2.478	2.461	2.466	1657180	4087596.00
2023/10/16	2.464	2.478	2.451	2.459	1207472	2972391.00
2023/10/17	2.459	2.465	2.429	2.431	1022749	2494790.00
2023/10/18	2.430	2.449	2.420	2.427	1019369	2478763.00
2023/10/19	2.427	2.435	2.401	2.401	924395	2232441.00
2023/10/20	2.402	2.406	2.347	2.376	1438845	3419913.00
2023/10/23	2.371	2.371	2.320	2.320	933493	2175858.00
2023/10/24	2.325	2.367	2.310	2.367	3191648	7444281.00
2023/10/25	2.358	2.415	2.358	2.382	1889250	4521472.00
2023/10/26	2.382	2.404	2.323	2.365	4536637	10701246.00
2023/10/27	2.356	2.386	2.326	2.370	2223095	5245039.00
2023/10/30	2.370	2.370	2.350	2.365	697114	1642125.00
2023/10/31	2.350	2.360	2.345	2.351	697013	1641186.00
2023/11/01	2.356	2.374	2.305	2.330	2775435	6487499.00
2023/11/02	2.330	2.337	2.315	2.337	1689501	3926057.00
2023/11/03	2.349	2.369	2.309	2.321	3157184	7337813.00
2023/11/06	2.319	2.328	2.309	2.327	1035003	2404371.00
2023/11/07	2.326	2.345	2.288	2.292	2115089	4895602.00
2023/11/08	2.295	2.314	2.295	2.303	684094	1575379.00
2023/11/09	2.310	2.328	2.303	2.307	1580291	3656425.00
2023/11/10	2.315	2.315	2.296	2.298	449528	1033339.00
2023/11/13	2.298	2.300	2.282	2.286	1000317	2288746.00
2023/11/14	2.285	2.289	2.270	2.272	1180418	2694097.00
2023/11/15	2.272	2.280	2.231	2.240	993117	2244987.00
2023/11/16	2.234	2.242	2.234	2.240	492357	1101653.00
2023/11/17	2.237	2.243	2.232	2.233	412458	922798.00
2023/11/20	2.232	2.246	2.213	2.242	1482627	3292907.00
2023/11/21	2.260	2.260	2.215	2.221	1385010	3073868.00
2023/11/22	2.214	2.214	2.166	2.200	3026580	6607726.00
2023/11/23	2.199	2.199	2.129	2.140	3085484	6624310.00
2023/11/24	2.136	2.136	2.063	2.066	4328710	8997486.00
2023/11/27	2.068	2.086	2.018	2.034	3848911	7853594.00
2023/11/28	2.027	2.027	1.999	2.005	1797700	3614613.00
2023/11/29	2.010	2.010	1.982	1.999	3729754	7438064.00
2023/11/30	1.999	2.038	1.996	2.035	4738455	9576219.00
2023/12/01	2.040	2.046	2.022	2.043	3016662	6116145.00
2023/12/04	2.045	2.057	2.041	2.056	2964092	6073972.00
2023/12/05	2.075	2.075	1.983	1.998	2969602	6040392.00
2023/12/06	1.998	2.018	1.989	2.018	3035553	6088922.00
2023/12/07	2.017	2.017	1.988	1.989	3636183	7257271.00
2023/12/08	1.993	1.999	1.988	1.999	2580318	5141017.00
2023/12/11	1.990	2.037	1.987	2.037	2180269	4357487.00
2023/12/12	2.037	2.037	1.993	2.018	1721507	3460668.00
2023/12/13	1.997	2.017	1.982	1.994	735814	1467382.00
2023/12/14	1.994	2.030	1.988	1.997	1678007	3339965.00
2023/12/15	2.002	2.002	1.986	1.993	1047319	2087132.00
2023/12/18	1.993	2.006	1.977	2.002	1618416	3208923.00
2023/12/19	2.002	2.002	1.968	1.981	1619669	3204806.00
2023/12/20	1.969	2.009	1.944	2.002	3530457	6915308.00
2023/12/21	1.997	2.101	1.993	2.091	4177810	8606726.00
2023/12/22	2.091	2.182	2.091	2.157	5823722	12539954.00
2023/12/25	2.157	2.203	2.118	2.203	4919139	10664647.00
2023/12/26	2.203	2.203	2.165	2.189	4043782	8854478.00
2023/12/27	2.181	2.181	2.129	2.171	4167033	8962775.00
2023/12/28	2.131	2.168	2.131	2.140	2340622	5052039.00
2023/12/29	2.140	2.169	2.140	2.162	3617951	7813374.00
2024/01/02	2.153	2.162	2.149	2.154	1886206	4065837.00
2024/01/03	2.154	2.163	2.129	2.135	3543036	7632080.00
2024/01/04	2.128	2.135	2.095	2.130	2882358	6062511.00
2024/01/05	2.126	2.126	2.050	2.072	1624989	3385662.00
2024/01/08	2.082	2.084	2.015	2.016	1748698	3577162.00
2024/01/09	2.001	2.054	1.947	1.960	2778049	5551988.00
2024/01/10	1.946	1.956	1.921	1.924	1782942	3453599.00
2024/01/11	1.922	1.969	1.883	1.909	4171542	7947138.00
2024/01/12	1.909	1.910	1.876	1.888	4599163	8679468.00
2024/01/15	1.889	1.892	1.858	1.887	3206927	6014470.00
2024/01/16	1.884	1.932	1.861	1.931	3412874	6503177.00
2024/01/17	1.930	1.971	1.927	1.968	5417252	10579498.00
2024/01/18	1.960	1.960	1.887	1.894	4837698	9182262.00
2024/01/19	1.894	1.925	1.855	1.921	2802691	5348136.00
2024/01/22	1.925	1.925	1.875	1.880	2412721	4545163.00
2024/01/23	1.861	1.874	1.857	1.864	3475062	6465757.00
2024/01/24	1.864	1.887	1.850	1.856	2322939	4316518.00
2024/01/25	1.855	1.876	1.855	1.872	5935888	11043700.00
2024/01/26	1.870	1.870	1.860	1.867	1455454	2711121.00
2024/01/29	1.867	1.875	1.862	1.869	3492594	6524664.00
2024/01/30	1.866	1.869	1.856	1.868	4239805	7901349.00
2024/01/31	1.865	1.865	1.856	1.859	2691136	5002097.00
2024/02/01	1.856	1.886	1.848	1.884	4299179	7993949.00
2024/02/02	1.889	1.896	1.878	1.889	2694644	5088856.00
2024/02/05	1.888	1.888	1.859	1.866	1741217	3263732.00
2024/02/06	1.866	1.866	1.830	1.856	4269832	7925004.00
2024/02/07	1.856	1.869	1.850	1.867	3884430	7233544.00
2024/02/08	1.861	1.938	1.861	1.921	5332805	10020032.00
2024/02/19	1.945	2.039	1.918	2.029	3411339	6787225.00
2024/02/20	2.009	2.110	1.990	2.071	3934880	8181832.00
2024/02/21	2.068	2.128	2.046	2.124	4804051	10088821.00
2024/02/22	2.120	2.195	2.085	2.193	4301807	9313067.00
2024/02/23	2.193	2.240	2.186	2.239	3421377	7627612.00
2024/02/26	2.205	2.292	2.201	2.290	5792690	13147751.00
2024/02/27	2.281	2.304	2.154	2.217	8840537	19644892.00
2024/02/28	2.212	2.252	2.154	2.189	4104368	9051424.00
2024/02/29	2.175	2.219	2.170	2.202	5386948	11867189.00
2024/03/01	2.193	2.249	2.193	2.236	4302641	9626456.00
2024/03/04	2.241	2.288	2.241	2.273	3142444	7132167.00
2024/03/05	2.276	2.316	2.259	2.294	6049761	13920990.00
2024/03/06	2.284	2.310	2.260	2.275	3495308	7957325.00
2024/03/07	2.275	2.303	2.182	2.249	3341292	7460292.00
2024/03/08	2.246	2.284	2.215	2.228	2623244	5858946.00
2024/03/11	2.214	2.241	2.214	2.234	2099252	4687256.00
2024/03/12	2.234	2.248	2.215	2.231	1773141	3943990.00
2024/03/13	2.230	2.230	2.191	2.198	2383275	5246655.00
2024/03/14	2.200	2.218	2.189	2.209	4462028	9814614.00
2024/03/15	2.204	2.248	2.196	2.226	2680646	5966834.00
2024/03/18	2.229	2.245	2.217	2.228	2705077	6052464.00
2024/03/19	2.228	2.249	2.222	2.235	3643975	8143290.00
2024/03/20	2.230	2.250	2.224	2.231	1295684	2890349.00
2024/03/21	2.219	2.219	2.164	2.188	6817313	14947435.00
2024/03/22	2.168	2.168	2.090	2.110	6471376	13773730.00
2024/03/25	2.100	2.125	2.080	2.113	3500179	7397759.00
2024/03/26	2.113	2.139	2.101	2.126	2679540	5707127.00
2024/03/27	2.126	2.222	2.117	2.212	3144691	6887576.00
2024/03/28	2.225	2.250	2.181	2.249	3800116	8428428.00
2024/03/29	2.250	2.275	2.225	2.269	2672940	6043540.00
2024/04/01	2.269	2.269	2.229	2.268	2855011	6434366.00
2024/04/02	2.267	2.298	2.256	2.268	3137903	7142117.00
2024/04/03	2.261	2.275	2.240	2.275	3691523	8381285.00
2024/04/08	2.275	2.288	2.273	2.286	1622070	3692007.00
2024/04/09	2.281	2.285	2.258	2.277	3023598	6871585.00
2024/04/10	2.249	2.306	2.249	2.294	4454634	10202938.00
2024/04/11	2.302	2.380	2.297	2.378	4480417	10445616.00
2024/04/12	2.369	2.380	2.348	2.348	2438157	5765055.00
2024/04/15	2.405	2.405	2.314	2.320	1937206	4517991.00
2024/04/16	2.240	2.249	2.200	2.207	1827228	4051784.00
2024/04/17	2.249	2.249	2.157	2.224	2419205	5379779.00
2024/04/18	2.228	2.246	2.217	2.246	2544602	5697601.00
2024/04/19	2.242	2.255	2.222	2.231	2732758	6116333.00
2024/04/22	2.231	2.258	2.231	2.254	2063982	4638149.00
2024/04/23	2.254	2.300	2.220	2.264	3650013	8312972.00
2024/04/24	2.260	2.260	2.232	2.242	5286835	11864721.00
2024/04/25	2.238	2.292	2.233	2.274	3272103	7374075.00
2024/04/26	2.275	2.319	2.274	2.291	4405681	10164318.00
2024/04/29	2.293	2.328	2.268	2.280	2972709	6804404.00
2024/04/30	2.279	2.279	2.242	2.256	1499138	3387688.00
2024/05/06	2.255	2.270	2.250	2.264	1280169	2893828.00
2024/05/07	2.264	2.312	2.264	2.302	4878961	11212656.00
2024/05/08	2.305	2.329	2.297	2.305	2959959	6843050.00
2024/05/09	2.301	2.316	2.280	2.310	6065605	13940365.00
2024/05/10	2.300	2.336	2.291	2.313	2006043	4626552.00
2024/05/13	2.300	2.305	2.277	2.288	1566399	3593925.00
2024/05/14	2.281	2.290	2.270	2.277	2229294	5085506.00
2024/05/15	2.271	2.286	2.267	2.275	2462210	5600202.00
2024/05/16	2.270	2.295	2.270	2.287	2944559	6729267.00
2024/05/17	2.292	2.292	2.278	2.280	1377028	3140937.00
2024/05/20	2.275	2.279	2.240	2.265	4762599	10794297.00
2024/05/21	2.264	2.267	2.228	2.265	7609901	17069696.00
2024/05/22	2.259	2.280	2.225	2.259	2450839	5557799.00
2024/05/23	2.280	2.280	2.248	2.248	523412	1179827.00
2024/05/24	2.255	2.275	2.255	2.274	2168515	4915570.00
2024/05/27	2.274	2.287	2.271	2.278	1156494	2631553.00
2024/05/28	2.278	2.290	2.275	2.285	1920989	4390080.00
2024/05/29	2.270	2.305	2.270	2.295	4089664	9384600.00
2024/05/30	2.295	2.295	2.264	2.289	2814171	6411238.00
2024/05/31	2.289	2.296	2.279	2.294	1759741	4030306.00
2024/06/03	2.294	2.317	2.294	2.317	2273642	5230606.00
2024/06/04	2.312	2.343	2.296	2.326	4832126	11214393.00
2024/06/05	2.309	2.347	2.309	2.341	2360799	5526800.00
2024/06/06	2.335	2.380	2.309	2.377	3869629	9171121.00
2024/06/07	2.349	2.399	2.349	2.398	1841749	4398306.00
2024/06/11	2.399	2.420	2.361	2.413	1836009	4375445.00
2024/06/12	2.408	2.428	2.375	2.408	2836540	6816408.00
2024/06/13	2.401	2.418	2.380	2.417	2874843	6882801.00
2024/06/14	2.397	2.416	2.389	2.414	3289316	7891419.00
2024/06/17	2.389	2.415	2.389	2.411	4245826	10217276.00
2024/06/18	2.411	2.420	2.387	2.402	934465	2248197.00
2024/06/19	2.401	2.402	2.363	2.372	1400545	3324917.00
2024/06/20	2.364	2.372	2.328	2.365	2831426	6642250.00
2024/06/21	2.361	2.376	2.357	2.371	932247	2205132.00
2024/06/24	2.371	2.380	2.333	2.368	2204988	5208715.00
2024/06/25	2.367	2.367	2.335	2.341	2110037	4949354.00
2024/06/26	2.330	2.341	2.304	2.331	3089517	7144210.00
2024/06/27	2.326	2.335	2.307	2.335	1661785	3848360.00
2024/06/28	2.334	2.334	2.309	2.321	1856670	4307546.00
2024/07/01	2.322	2.329	2.305	2.312	2373128	5494064.00
2024/07/02	2.326	2.330	2.313	2.323	1864615	4328125.00
2024/07/03	2.307	2.307	2.271	2.276	1830247	4165236.00
2024/07/04	2.253	2.280	2.250	2.255	1713122	3868651.00
2024/07/05	2.249	2.257	2.242	2.246	1419717	3193864.00
2024/07/08	2.246	2.265	2.219	2.229	3260499	7288923.00
2024/07/09	2.229	2.239	2.210	2.222	2037352	4531113.00
2024/07/10	2.221	2.225	2.199	2.212	4710949	10405287.00
2024/07/11	2.209	2.222	2.196	2.209	7298416	16075259.00
2024/07/12	2.210	2.248	2.196	2.242	4410269	9793925.00
2024/07/15	2.242	2.270	2.232	2.268	4897268	10992146.00
2024/07/16	2.273	2.280	2.249	2.255	9667024	21842772.00
2024/07/17	2.253	2.270	2.250	2.269	1669054	3767680.00
2024/07/18	2.274	2.288	2.249	2.265	3896910	8835202.00
2024/07/19	2.249	2.279	2.249	2.264	3668734	8310641.00
2024/07/22	2.269	2.279	2.250	2.267	2574049	5831818.00
2024/07/23	2.270	2.280	2.249	2.263	4325600	9820840.00
2024/07/24	2.262	2.273	2.248	2.263	3257970	7370569.00
2024/07/25	2.263	2.284	2.219	2.268	2367407	5368279.00
2024/07/26	2.268	2.300	2.258	2.275	3879155	8835512.00
2024/07/29	2.250	2.289	2.250	2.269	4299805	9798380.00
2024/07/30	2.253	2.308	2.253	2.289	3545597	8111582.00
2024/07/31	2.294	2.305	2.276	2.292	2199704	5037572.00
2024/08/01	2.288	2.311	2.280	2.311	3441242	7915284.00
2024/08/02	2.315	2.345	2.302	2.336	4696551	10893349.00
2024/08/05	2.334	2.418	2.315	2.411	4633436	11021832.00
2024/08/06	2.419	2.464	2.377	2.444	9011596	21988330.00
2024/08/07	2.429	2.506	2.429	2.504	8619203	21328082.00
2024/08/08	2.500	2.515	2.436	2.507	6230470	15463080.00
2024/08/09	2.491	2.510	2.355	2.507	5465780	13514019.00
2024/08/12	2.469	2.508	2.442	2.458	5148178	12690545.00
2024/08/13	2.434	2.460	2.429	2.450	4031487	9846974.00
2024/08/14	2.439	2.466	2.430	2.463	5401125	13193336.00
2024/08/15	2.460	2.488	2.440	2.459	7036330	17342036.00
2024/08/16	2.455	2.457	2.429	2.435	4433505	10797673.00
2024/08/19	2.429	2.435	2.390	2.406	3677500	8822824.00
2024/08/20	2.405	2.414	2.392	2.397	2740056	6563026.00
2024/08/21	2.372	2.429	2.372	2.388	5668217	13626379.00
2024/08/22	2.383	2.404	2.378	2.396	4687580	11218817.00
2024/08/23	2.395	2.428	2.376	2.409	2367229	5695229.00
2024/08/26	2.395	2.410	2.395	2.398	2713324	6509388.00
2024/08/27	2.398	2.418	2.396	2.409	3737942	8978711.00
2024/08/28	2.408	2.450	2.399	2.431	4635646	11235757.00
2024/08/29	2.441	2.450	2.402	2.418	3046150	7386676.00
2024/08/30	2.413	2.450	2.403	2.414	3279806	7911709.00
2024/09/02	2.399	2.429	2.398	2.416	3718211	8985714.00
2024/09/03	2.414	2.444	2.378	2.384	2366314	5714918.00
2024/09/04	2.384	2.387	2.348	2.375	1829341	4331397.00
2024/09/05	2.374	2.415	2.372	2.400	1552888	3714659.00
2024/09/06	2.395	2.423	2.380	2.417	3729858	8987235.00
2024/09/09	2.418	2.420	2.395	2.399	907149	2175681.00
2024/09/10	2.405	2.405	2.375	2.390	3421942	8175814.00
2024/09/11	2.388	2.407	2.376	2.407	1915074	4577682.00
2024/09/12	2.400	2.419	2.394	2.405	608972	1464910.00
2024/09/13	2.395	2.415	2.395	2.406	2229600	5361939.00
2024/09/18	2.397	2.420	2.384	2.391	3114316	7495142.00
2024/09/19	2.429	2.438	2.338	2.367	2264739	5384388.00
2024/09/20	2.353	2.369	2.339	2.363	1626545	3835855.00
2024/09/23	2.363	2.373	2.341	2.355	1330534	3133157.00
2024/09/24	2.355	2.380	2.343	2.370	2195035	5192865.00
2024/09/25	2.371	2.406	2.370	2.381	2524761	6043922.00
2024/09/26	2.413	2.413	2.363	2.376	2810985	6690457.00
2024/09/27	2.375	2.398	2.350	2.363	250047	592617.00
2024/09/30	2.363	2.363	2.261	2.344	1222667	2853919.00
2024/10/08	2.344	2.390	2.332	2.375	1573489	3716568.00
2024/10/09	2.375	2.375	2.349	2.360	2957023	6970442.00
2024/10/10	2.339	2.365	2.331	2.350	2122468	4979422.00
2024/10/11	2.340	2.366	2.340	2.353	1336402	3141878.00
2024/10/14	2.330	2.353	2.314	2.344	2630438	6165053.00
2024/10/15	2.344	2.344	2.330	2.330	5445789	12717266.00
2024/10/16	2.330	2.336	2.318	2.320	5020140	11696518.00
2024/10/17	2.320	2.320	2.301	2.305	4390393	10130885.00
2024/10/18	2.317	2.320	2.290	2.310	4827908	11108087.00
2024/10/21	2.307	2.310	2.289	2.299	4224369	9707047.00
2024/10/22	2.297	2.309	2.281	2.301	2639452	6066625.00
2024/10/23	2.292	2.313	2.292	2.296	2412170	5554262.00
2024/10/24	2.295	2.295	2.283	2.286	1698991	3882689.00
2024/10/25	2.285	2.308	2.270	2.283	3993908	9141123.00
2024/10/28	2.289	2.307	2.271	2.299	4048542	9272605.00
2024/10/29	2.302	2.329	2.302	2.326	3870513	8972392.00
2024/10/30	2.319	2.336	2.294	2.332	1874088	4360640.00
2024/10/31	2.309	2.355	2.309	2.337	3239593	7573835.00
2024/11/01	2.350	2.354	2.337	2.345	3471733	8156762.00
2024/11/04	2.358	2.360	2.345	2.349	1927681	4535217.00
2024/11/05	2.369	2.369	2.312	2.316	1593221	3704279.00
2024/11/06	2.332	2.332	2.307	2.312	1032161	2386012.00
2024/11/07	2.329	2.329	2.301	2.302	572592	1319984.00
2024/11/08	2.302	2.310	2.290	2.293	2003910	4607924.00
2024/11/11	2.293	2.301	2.280	2.299	1746151	3996239.00
2024/11/12	2.299	2.318	2.292	2.305	2543839	5865270.00
2024/11/13	2.305	2.318	2.297	2.304	1671708	3845654.00
2024/11/14	2.316	2.316	2.292	2.294	1444912	3319067.00
2024/11/15	2.308	2.308	2.258	2.272	1601100	3642168.00
2024/11/18	2.287	2.289	2.250	2.272	4346301	9881078.00
2024/11/19	2.276	2.283	2.235	2.257	6643263	14972778.00
2024/11/20	2.246	2.260	2.235	2.257	13236273	29785194.00
2024/11/21	2.265	2.270	2.246	2.259	4105776	9253793.00
2024/11/22	2.261	2.274	2.240	2.255	3584146	8088284.00
2024/11/25	2.252	2.264	2.243	2.255	1590762	3575434.00
2024/11/26	2.255	2.261	2.245	2.249	703947	1584519.00
2024/11/27	2.249	2.265	2.249	2.251	1431080	3230436.00
2024/11/28	2.265	2.269	2.242	2.259	3951056	8899085.00
2024/11/29	2.264	2.264	2.246	2.250	1392424	3137593.00
2024/12/02	2.250	2.261	2.232	2.240	2781922	6239366.00
2024/12/03	2.233	2.240	2.223	2.224	2360602	5259087.00
2024/12/04	2.224	2.233	2.202	2.224	1535388	3404035.00
2024/12/05	2.224	2.265	2.208	2.257	3258241	7302171.00
2024/12/06	2.248	2.270	2.246	2.255	6007055	13581337.00
2024/12/09	2.255	2.257	2.242	2.255	3262716	7341251.00
2024/12/10	2.263	2.265	2.243	2.253	4175234	9404943.00
2024/12/11	2.243	2.288	2.243	2.279	4497955	10146875.00
2024/12/12	2.279	2.337	2.252	2.327	4159441	9648784.00
2024/12/13	2.317	2.330	2.304	2.324	2570631	5975356.00
2024/12/16	2.314	2.330	2.295	2.324	6028717	13971674.00
2024/12/17	2.318	2.344	2.292	2.321	2636480	6121721.00
2024/12/18	2.316	2.319	2.282	2.308	2062005	4739055.00
2024/12/19	2.300	2.317	2.268	2.286	1107277	2529086.00
2024/12/20	2.274	2.295	2.251	2.286	2325024	5279608.00
2024/12/23	2.260	2.305	2.254	2.297	3798096	8642281.00
2024/12/24	2.279	2.331	2.279	2.320	4563474	10483475.00
2024/12/25	2.280	2.339	2.280	2.327	3991045	9272743.00
2024/12/26	2.327	2.347	2.305	2.328	2721340	6340494.00
2024/12/27	2.328	2.372	2.321	2.342	9021225	21097568.00
2024/12/30	2.354	2.388	2.323	2.384	8241059	19347600.00
2024/12/31	2.374	2.430	2.363	2.427	5425212	12976091.00
2025/01/02	2.399	2.413	2.377	2.404	4651506	11167840.00
2025/01/03	2.404	2.425	2.373	2.405	9727660	23424460.00
2025/01/06	2.401	2.418	2.399	2.410	7356753	17707846.00
2025/01/07	2.411	2.415	2.380	2.412	2937477	7074053.00
2025/01/08	2.395	2.431	2.395	2.430	3393493	8239749.00
2025/01/09	2.429	2.477	2.425	2.476	4187111	10232401.00
2025/01/10	2.476	2.493	2.454	2.485	5269308	13077947.00
2025/01/13	2.484	2.484	2.450	2.458	2134774	5285118.00
2025/01/14	2.458	2.485	2.399	2.410	3340370	8048524.00
2025/01/15	2.425	2.460	2.380	2.430	2696912	6557294.00
2025/01/16	2.429	2.458	2.401	2.442	3787361	9147023.00
2025/01/17	2.442	2.466	2.429	2.466	4055551	9964178.00
2025/01/20	2.474	2.474	2.439	2.456	1257734	3088413.00
2025/01/21	2.429	2.460	2.429	2.453	4172714	10233116.00
2025/01/22	2.447	2.458	2.415	2.457	2325998	5658945.00
2025/01/23	2.457	2.481	2.430	2.460	2592501	6344130.00
2025/01/24	2.440	2.474	2.440	2.474	2675720	6566012.00
2025/01/27	2.460	2.486	2.459	2.475	2272013	5631237.00
2025/02/05	2.475	2.475	2.452	2.464	2407309	5924128.00
2025/02/06	2.489	2.489	2.440	2.462	2534173	6211099.00
2025/02/07	2.459	2.488	2.449	2.483	3504880	8605152.00
2025/02/10	2.486	2.533	2.472	2.516	4500606	11228317.00
2025/02/11	2.517	2.627	2.517	2.602	8496034	21837884.00
2025/02/12	2.588	2.641	2.588	2.604	10510060	27602648.00
2025/02/13	2.589	2.615	2.551	2.581	5984931	15462657.00
2025/02/14	2.550	2.608	2.538	2.605	2916427	7492901.00
2025/02/17	2.610	2.669	2.583	2.651	3628140	9537905.00
2025/02/18	2.651	2.666	2.637	2.649	3139731	8352870.00
2025/02/19	2.669	2.669	2.621	2.638	3167738	8346676.00
2025/02/20	2.638	2.641	2.613	2.636	1771210	4657710.00
2025/02/21	2.636	2.665	2.608	2.626	1069635	2822380.00
2025/02/24	2.625	2.626	2.587	2.590	978808	2547076.00
2025/02/25	2.588	2.600	2.550	2.560	2889609	7476662.00
2025/02/26	2.520	2.599	2.518	2.534	3396542	8631524.00
2025/02/27	2.509	2.530	2.469	2.489	5958749	14821535.00
2025/02/28	2.481	2.520	2.463	2.506	5509677	13614056.00
2025/03/03	2.517	2.567	2.504	2.555	1057551	2686024.00
2025/03/04	2.525	2.588	2.525	2.564	4876467	12464655.00
2025/03/05	2.550	2.584	2.540	2.567	3102177	7968357.00
2025/03/06	2.548	2.578	2.547	2.553	3638640	9288994.00
2025/03/07	2.560	2.560	2.496	2.533	3447087	8646728.00
2025/03/10	2.528	2.560	2.524	2.544	3674374	9347119.00
2025/03/11	2.570	2.570	2.520	2.552	10961771	27834592.00
2025/03/12	2.552	2.568	2.503	2.546	6455131	16319028.00
2025/03/13	2.539	2.553	2.530	2.540	3193049	8100104.00
2025/03/14	2.549	2.580	2.531	2.578	2864450	7280967.00
2025/03/17	2.577	2.589	2.558	2.562	3163411	8113663.00
2025/03/18	2.562	2.574	2.543	2.564	4086014	10412590.00
2025/03/19	2.560	2.577	2.554	2.575	2694397	6893502.00
2025/03/20	2.575	2.579	2.560	2.576	1458859	3756974.00
2025/03/21	2.576	2.578	2.543	2.568	3239795	8307874.00
2025/03/24	2.568	2.575	2.554	2.561	389551	998230.00
2025/03/25	2.560	2.567	2.540	2.563	1115127	2847813.00
2025/03/26	2.563	2.575	2.540	2.557	822719	2101346.00
2025/03/27	2.551	2.592	2.550	2.567	7582144	19442614.00
2025/03/28	2.579	2.587	2.546	2.579	3665899	9415348.00
2025/03/31	2.582	2.590	2.540	2.552	2979351	7621116.00
2025/04/01	2.552	2.580	2.518	2.530	3890705	9904618.00
2025/04/02	2.549	2.549	2.519	2.535	6044020	15295470.00
2025/04/03	2.538	2.548	2.516	2.535	3501722	8892938.00
2025/04/07	2.533	2.534	2.461	2.478	2150775	5348112.00
2025/04/08	2.480	2.519	2.471	2.492	3148045	7818781.00
2025/04/09	2.504	2.511	2.473	2.486	3937311	9783396.00
2025/04/10	2.500	2.561	2.483	2.493	3288027	8174131.00
2025/04/11	2.497	2.609	2.497	2.525	6498444	16373075.00
2025/04/14	2.530	2.530	2.494	2.519	9427162	23632048.00
2025/04/15	2.514	2.523	2.499	2.514	9560213	23961404.00
2025/04/16	2.504	2.507	2.473	2.496	4114758	10255562.00
2025/04/17	2.493	2.518	2.483	2.502	4868780	12176776.00
2025/04/18	2.509	2.529	2.485	2.527	4849406	12166508.00
2025/04/21	2.520	2.549	2.490	2.546	3405256	8604068.00
2025/04/22	2.543	2.543	2.481	2.485	2073912	5197495.00
2025/04/23	2.483	2.510	2.416	2.439	2854399	7016140.00
2025/04/24	2.439	2.439	2.354	2.381	8155889	19381870.00
2025/04/25	2.368	2.377	2.336	2.357	2164642	5098538.00
2025/04/28	2.348	2.348	2.325	2.335	4918144	11474975.00
2025/04/29	2.346	2.350	2.331	2.340	3420500	8011335.00
2025/04/30	2.360	2.367	2.346	2.355	3251784	7669131.00
2025/05/06	2.354	2.365	2.339	2.361	2800280	6583746.00
2025/05/07	2.366	2.384	2.352	2.361	1949824	4606236.00
2025/05/08	2.361	2.377	2.345	2.351	806132	1898308.00
2025/05/09	2.348	2.354	2.330	2.343	1987525	4649028.00
2025/05/12	2.346	2.395	2.341	2.394	3521359	8337827.00
2025/05/13	2.396	2.417	2.368	2.394	3980227	9528126.00
2025/05/14	2.394	2.408	2.386	2.396	3330148	7982703.00
2025/05/15	2.386	2.395	2.370	2.374	1879923	4470490.00
2025/05/16	2.383	2.407	2.373	2.397	2913322	6982549.00
2025/05/19	2.397	2.419	2.391	2.394	2126924	5116052.00
2025/05/20	2.393	2.414	2.379	2.395	2549550	6103399.00
2025/05/21	2.394	2.441	2.385	2.432	1673658	4058980.00
2025/05/22	2.439	2.460	2.382	2.400	3942545	9441563.00
2025/05/23	2.403	2.403	2.355	2.358	6228500	14774492.00
2025/05/26	2.360	2.369	2.338	2.338	2903400	6819607.00
2025/05/27	2.347	2.347	2.308	2.318	2781934	6456950.00
2025/05/28	2.320	2.329	2.310	2.324	1141022	2647748.00
2025/05/29	2.339	2.339	2.279	2.301	5357155	12311424.00
2025/05/30	2.296	2.307	2.285	2.301	1721863	3948840.00
2025/06/03	2.299	2.305	2.272	2.295	3364396	7668205.00
2025/06/04	2.286	2.322	2.285	2.300	3153634	7264381.00
2025/06/05	2.323	2.323	2.299	2.314	1268322	2927290.00
2025/06/06	2.310	2.333	2.310	2.319	4956892	11498367.00
2025/06/09	2.319	2.328	2.308	2.325	1210015	2802218.00
2025/06/10	2.325	2.330	2.306	2.310	2938479	6820180.00
2025/06/11	2.310	2.324	2.300	2.308	2834932	6552018.00
2025/06/12	2.311	2.317	2.304	2.307	1236380	2853116.00
2025/06/13	2.315	2.319	2.312	2.315	3509763	8122836.00
2025/06/16	2.315	2.319	2.305	2.315	2203925	5099027.00
2025/06/17	2.315	2.315	2.312	2.314	2763773	6395278.00
2025/06/18	2.314	2.329	2.305	2.325	859245	1987571.00
2025/06/19	2.333	2.333	2.305	2.306	836922	1933258.00
2025/06/20	2.306	2.311	2.299	2.308	398567	917671.00
2025/06/23	2.309	2.309	2.299	2.304	192221	442995.00
2025/06/24	2.308	2.309	2.266	2.271	2767612	6313583.00
2025/06/25	2.272	2.285	2.264	2.282	418100	952583.00
2025/06/26	2.284	2.299	2.279	2.291	947230	2169287.00
2025/06/27	2.291	2.299	2.288	2.290	527147	1209704.00
2025/06/30	2.290	2.299	2.266	2.266	2340585	5330372.00
2025/07/01	2.266	2.279	2.260	2.272	2590489	5867397.00
2025/07/02	2.279	2.290	2.273	2.286	2459312	5604019.00
2025/07/03	2.286	2.299	2.286	2.288	6111643	13995837.00
2025/07/04	2.288	2.303	2.279	2.300	3668219	8396287.00
2025/07/07	2.308	2.308	2.289	2.298	940877	2159778.00
2025/07/08	2.298	2.305	2.269	2.270	1187200	2711796.00
2025/07/09	2.271	2.271	2.234	2.251	1660700	3735851.00
2025/07/10	2.259	2.262	2.235	2.243	3126215	7022651.00
2025/07/11	2.244	2.259	2.233	2.256	2248366	5056372.00
2025/07/14	2.255	2.273	2.253	2.262	1283879	2903791.00
2025/07/15	2.269	2.278	2.260	2.278	561419	1277333.00
2025/07/16	2.278	2.315	2.269	2.310	1511305	3460505.00
2025/07/17	2.309	2.320	2.255	2.296	19115786	43508816.00
2025/07/18	2.295	2.305	2.276	2.303	2057725	4722358.00
2025/07/21	2.297	2.297	2.276	2.286	4012490	9156220.00
2025/07/22	2.286	2.294	2.271	2.276	3126905	7143766.00
2025/07/23	2.251	2.251	2.222	2.230	827443	1849023.00
2025/07/24	2.237	2.283	2.236	2.277	605505	1361457.00
2025/07/25	2.277	2.283	2.260	2.263	650912	1481085.00
2025/07/28	2.277	2.281	2.253	2.260	1482781	3364571.00
2025/07/29	2.260	2.266	2.225	2.237	2731972	6111866.00
2025/07/30	2.246	2.246	2.192	2.208	9214268	20374810.00
2025/07/31	2.208	2.208	2.194	2.205	2808690	6182072.00
2025/08/01	2.207	2.207	2.194	2.197	5370300	11814379.00
2025/08/04	2.205	2.206	2.190	2.197	7084324	15553991.00
2025/08/05	2.201	2.201	2.174	2.174	7118200	15556009.00
2025/08/06	2.174	2.178	2.141	2.144	12239077	26337408.00
2025/08/07	2.143	2.144	2.113	2.119	9479104	20140196.00
2025/08/08	2.120	2.124	2.099	2.118	3468720	7311351.00
2025/08/11	2.119	2.128	2.118	2.120	882712	1872043.00
2025/08/12	2.120	2.125	2.112	2.112	2065218	4369354.00
2025/08/13	2.112	2.116	2.099	2.106	2269694	4769156.00
2025/08/14	2.106	2.110	2.096	2.096	1146021	2408591.00
2025/08/15	2.089	2.102	2.080	2.087	665854	1391130.00
2025/08/18	2.087	2.087	2.026	2.032	8474654	17437108.00
2025/08/19	2.028	2.032	2.014	2.024	3892545	7868054.00
2025/08/20	2.020	2.039	2.020	2.033	2534269	5148110.00
2025/08/21	2.030	2.043	2.007	2.019	6725031	13559571.00
2025/08/22	2.017	2.017	2.000	2.010	1665754	3344583.00
2025/08/25	2.010	2.019	2.005	2.010	1242643	2497682.00
2025/08/26	2.010	2.061	2.006	2.058	13339699	26978804.00
2025/08/27	2.054	2.057	2.035	2.045	9392687	19186760.00
2025/08/28	2.050	2.050	2.024	2.033	2816082	5724121.00
2025/08/29	2.034	2.034	2.010	2.015	2683312	5413758.00
2025/09/01	2.013	2.017	2.011	2.013	901267	1814556.00
2025/09/02	2.014	2.016	2.009	2.012	942092	1895001.00
2025/09/03	2.012	2.027	2.010	2.020	2445101	4940151.00
2025/09/04	2.021	2.027	2.002	2.012	3050700	6149241.00
2025/09/05	2.012	2.019	2.008	2.017	1904516	3837479.00
2025/09/08	2.018	2.026	2.011	2.015	2430670	4900026.00
2025/09/09	2.020	2.020	1.997	2.003	4449921	8933761.00
2025/09/10	2.006	2.006	1.975	1.976	4352584	8644015.00
2025/09/11	1.976	1.985	1.975	1.977	868880	1717341.00
2025/09/12	1.977	1.995	1.968	1.970	2910162	5747584.00
2025/09/15	1.970	1.973	1.949	1.954	2802706	5486125.00
2025/09/16	1.955	1.978	1.953	1.976	1724524	3379278.00
2025/09/17	1.969	1.987	1.969	1.985	2934800	5813906.00
2025/09/18	1.987	2.007	1.979	1.988	8031516	16007157.00
2025/09/19	1.997	1.998	1.956	1.972	8274775	16275937.00
2025/09/22	1.960	1.968	1.934	1.957	4092914	7978782.00
2025/09/23	1.950	1.958	1.937	1.942	1376395	2674396.00
2025/09/24	1.942	1.952	1.941	1.945	305058	592959.00
2025/09/25	1.943	1.948	1.940	1.945	120449	234007.00
2025/09/26	1.947	1.952	1.944	1.946	488200	949926.00
2025/09/29	1.954	1.963	1.940	1.947	680167	1324188.00
2025/09/30	1.943	1.962	1.942	1.947	2550854	4979027.00
2025/10/09	1.945	1.966	1.939	1.941	1439749	2797662.00
2025/10/10	1.951	1.952	1.939	1.942	1435368	2787229.00
2025/10/13	1.942	1.959	1.938	1.950	2218486	4329158.00
2025/10/14	1.958	1.964	1.944	1.953	1059523	2066087.00
2025/10/15	1.953	1.961	1.946	1.951	402641	786487.00
2025/10/16	1.963	1.963	1.941	1.948	682187	1326174.00
2025/10/17	1.945	1.952	1.924	1.931	4082686	7894999.00
2025/10/20	1.929	1.931	1.900	1.905	2797587	5345110.00
2025/10/21	1.905	1.905	1.893	1.896	1264400	2398232.00
2025/10/22	1.896	1.907	1.893	1.904	2456922	4671100.00
2025/10/23	1.910	1.911	1.892	1.898	2681735	5097727.00
2025/10/24	1.896	1.917	1.894	1.908	2894192	5507769.00
2025/10/27	1.911	1.911	1.896	1.899	1804244	3431523.00
2025/10/28	1.902	1.948	1.902	1.944	2842008	5482260.00
2025/10/29	1.941	1.949	1.936	1.946	1330870	2587259.00
2025/10/30	1.947	1.951	1.933	1.937	1420862	2752538.00
2025/10/31	1.937	1.947	1.917	1.930	4634783	8907746.00
2025/11/03	1.930	1.937	1.896	1.897	6205424	11836180.00
2025/11/04	1.897	1.915	1.894	1.908	1155766	2195357.00
2025/11/05	1.883	1.910	1.880	1.909	1282390	2426621.00
2025/11/06	1.909	1.909	1.888	1.903	1388013	2636556.00
2025/11/07	1.906	1.911	1.898	1.900	897119	1704056.00
2025/11/10	1.900	1.916	1.896	1.911	1470595	2803290.00
2025/11/11	1.908	1.918	1.906	1.917	1735593	3318126.00
2025/11/12	1.918	1.923	1.911	1.918	1613612	3089806.00
2025/11/13	1.910	1.922	1.897	1.899	2842902	5427173.00
2025/11/14	1.899	1.906	1.892	1.900	6124709	11641250.00
2025/11/17	1.900	1.905	1.890	1.898	1797244	3405461.00
2025/11/18	1.899	1.902	1.880	1.882	3358126	6338960.00
2025/11/19	1.882	1.900	1.879	1.882	1859800	3501729.00
2025/11/20	1.889	1.889	1.873	1.884	436223	820694.00
2025/11/21	1.884	1.886	1.860	1.873	1385344	2595305.00
2025/11/24	1.875	1.896	1.850	1.859	2678600	4971425.00
2025/11/25	1.870	1.870	1.851	1.854	1142940	2120518.00
2025/11/26	1.856	1.859	1.852	1.854	741023	1373776.00
2025/11/27	1.854	1.854	1.835	1.838	1842472	3397022.00
2025/11/28	1.848	1.848	1.830	1.832	1411296	2588633.00
2025/12/01	1.831	1.835	1.821	1.831	1288021	2354415.00
2025/12/02	1.831	1.836	1.818	1.820	1738253	3164652.00
2025/12/03	1.820	1.830	1.812	1.817	2189755	3979659.00
2025/12/04	1.820	1.820	1.800	1.812	3356225	6063008.00
2025/12/05	1.802	1.812	1.802	1.808	461018	832835.00
2025/12/08	1.808	1.818	1.790	1.796	1730313	3115834.00
2025/12/09	1.796	1.801	1.779	1.786	1673195	2988165.00
2025/12/10	1.782	1.794	1.779	1.792	4046825	7232657.00
2025/12/11	1.793	1.794	1.783	1.785	1666382	2982534.00
2025/12/12	1.783	1.827	1.782	1.817	2211480	3992188.00
2025/12/15	1.817	1.825	1.796	1.803	2143645	3869516.00
2025/12/16	1.803	1.810	1.782	1.788	1929590	3456887.00
2025/12/17	1.785	1.795	1.785	1.794	715526	1281409.00
2025/12/18	1.794	1.794	1.761	1.769	3458720	6125390.00
2025/12/19	1.768	1.780	1.745	1.750	4956683	8706869.00
2025/12/22	1.750	1.759	1.743	1.744	4763144	8317351.00
2025/12/23	1.744	1.748	1.720	1.731	5809649	10069959.00
2025/12/24	1.731	1.788	1.724	1.783	3579949	6312003.00
2025/12/25	1.783	1.815	1.772	1.804	10292248	18442424.00
2025/12/26	1.791	1.830	1.791	1.828	1616192	2934003.00
2025/12/29	1.825	1.826	1.816	1.822	1864828	3393162.00
2025/12/30	1.825	1.830	1.820	1.828	479200	874936.00
2025/12/31	1.828	1.842	1.822	1.841	1595513	2919640.00
2026/01/05	1.839	1.841	1.814	1.829	9450174	17229192.00
2026/01/06	1.821	1.849	1.819	1.848	6151012	11299543.00
2026/01/07	1.836	1.885	1.836	1.877	3505634	6536905.00
2026/01/08	1.876	1.910	1.862	1.906	2621591	4967347.00
2026/01/09	1.908	1.917	1.896	1.911	2538331	4829573.00
2026/01/12	1.910	1.929	1.891	1.928	2286542	4387346.00
2026/01/13	1.927	1.931	1.908	1.931	2733469	5257239.00
2026/01/14	1.930	1.935	1.915	1.929	2044440	3940899.00
2026/01/15	1.923	1.925	1.870	1.895	3254367	6153830.00
2026/01/16	1.893	1.902	1.873	1.881	3008125	5656599.00
2026/01/19	1.881	1.881	1.852	1.869	4620645	8625861.00
2026/01/20	1.872	1.879	1.850	1.879	3104548	5802453.00
2026/01/21	1.876	1.878	1.864	1.873	6733847	12596153.00
2026/01/22	1.866	1.878	1.852	1.869	3886825	7250984.00
2026/01/23	1.870	1.905	1.859	1.891	8329400	15732486.00
2026/01/26	1.891	1.908	1.855	1.879	5814953	10905931.00
2026/01/27	1.880	1.900	1.878	1.889	6344543	12009124.00
2026/01/28	1.864	1.864	1.843	1.854	8632141	15992197.00
2026/01/29	1.853	1.879	1.846	1.861	2705558	5046583.00
2026/01/30	1.856	1.868	1.846	1.852	3248305	6022834.00
2026/02/02	1.850	1.851	1.826	1.828	4999921	9197758.00
2026/02/03	1.832	1.844	1.830	1.843	4642934	8522738.00
2026/02/04	1.832	1.868	1.832	1.860	3076567	5716634.00
2026/02/05	1.860	1.870	1.858	1.866	4525792	8442379.00
2026/02/06	1.862	1.889	1.862	1.881	2418083	4555111.00
2026/02/09	1.886	1.899	1.865	1.871	551449	1037757.00
2026/02/10	1.875	1.875	1.872	1.874	452922	848579.00
2026/02/11	1.880	1.886	1.861	1.869	2157248	4023353.00
2026/02/12	1.862	1.868	1.860	1.865	223617	416763.00
2026/02/13	1.867	1.875	1.852	1.858	7448623	13865626.00
2026/02/24	1.857	1.868	1.853	1.855	192900	358164.00
2026/02/25	1.862	1.862	1.854	1.860	229863	427421.00
2026/02/26	1.862	1.862	1.849	1.850	379100	701846.00
2026/02/27	1.849	1.852	1.840	1.845	994400	1836190.00
2026/03/02	1.846	1.852	1.829	1.830	1341314	2459210.00
2026/03/03	1.828	1.839	1.828	1.832	339825	622645.00
2026/03/04	1.830	1.830	1.818	1.819	1108741	2019855.00
2026/03/05	1.814	1.828	1.814	1.820	168723	306619.00
2026/03/06	1.820	1.822	1.788	1.792	1915745	3448149.00
2026/03/09	1.791	1.791	1.769	1.772	1347300	2389762.00
2026/03/10	1.771	1.788	1.771	1.783	161278	287674.00
2026/03/11	1.783	1.791	1.779	1.790	227684	407194.00
2026/03/12	1.784	1.798	1.780	1.780	410916	732424.00
2026/03/13	1.789	1.789	1.774	1.779	182797	325232.00
2026/03/16	1.778	1.778	1.770	1.773	1013167	1796203.00
2026/03/17	1.778	1.783	1.771	1.776	206995	367273.00
2026/03/18	1.778	1.783	1.774	1.783	1082890	1928809.00
2026/03/19	1.780	1.785	1.771	1.781	847694	1503414.00
2026/03/20	1.775	1.788	1.772	1.779	433119	769980.00
2026/03/23	1.776	1.776	1.750	1.762	1058697	1862515.00
2026/03/24	1.762	1.771	1.760	1.764	275469	485721.00
2026/04/03	1.751	1.763	1.736	1.753	1273493	2233000.00
#鑒앴윱都:繫댐斤
