508001 еуЩЬЛІКМ№ЎREIT ШеЯп ВЛИДШЈ
      ШеЦк	    ПЊХЬ	    зюИп	    зюЕЭ	    ЪеХЬ	    ГЩНЛСП	    ГЩНЛЖю
2021/06/21	8.750	9.700	8.750	9.153	24724550	227877264.00
2021/06/22	9.150	9.150	8.244	8.807	5389248	47288672.00
2021/06/23	8.808	8.815	8.800	8.814	3182598	28026040.00
2021/06/24	8.814	8.818	8.803	8.808	1034360	9111075.00
2021/06/25	8.810	8.814	8.807	8.814	1632518	14381699.00
2021/06/28	8.814	8.817	8.805	8.817	1346422	11861555.00
2021/06/29	8.816	8.816	8.808	8.809	814193	7173412.00
2021/06/30	8.811	8.818	8.807	8.812	596997	5259461.00
2021/07/01	8.813	9.000	8.812	8.999	1060416	9429083.00
2021/07/02	8.995	8.995	8.910	8.917	791869	7071367.00
2021/07/05	8.919	8.920	8.900	8.910	501756	4472058.00
2021/07/06	8.911	8.914	8.891	8.899	608035	5412639.00
2021/07/07	8.910	8.910	8.872	8.882	690785	6139221.00
2021/07/08	8.882	8.885	8.830	8.831	694359	6138775.00
2021/07/09	8.831	8.831	8.807	8.810	946363	8337015.00
2021/07/12	8.810	8.812	8.804	8.807	827918	7291941.00
2021/07/13	8.807	8.809	8.798	8.801	734163	6461506.00
2021/07/14	8.801	8.801	8.761	8.771	657556	5768898.00
2021/07/15	8.771	8.807	8.768	8.803	822649	7232604.00
2021/07/16	8.773	8.861	8.773	8.860	729396	6444724.00
2021/07/19	8.860	8.882	8.854	8.881	937492	8318875.00
2021/07/20	8.881	8.898	8.880	8.897	1159461	10312402.00
2021/07/21	8.898	8.898	8.861	8.897	535035	4756545.00
2021/07/22	8.897	8.907	8.875	8.906	309339	2751630.00
2021/07/23	8.906	8.926	8.888	8.924	342685	3050003.00
2021/07/26	8.924	8.924	8.912	8.918	928148	8275836.00
2021/07/27	8.918	8.925	8.888	8.915	560396	4995439.00
2021/07/28	8.915	8.915	8.873	8.884	677215	6014180.00
2021/07/29	8.883	8.900	8.875	8.888	443542	3944032.00
2021/07/30	8.888	8.893	8.876	8.888	491224	4364693.00
2021/08/02	8.888	9.060	8.870	8.976	1737114	15541425.00
2021/08/03	8.980	8.995	8.941	8.993	631653	5674359.00
2021/08/04	8.994	9.013	8.971	9.012	570156	5132616.00
2021/08/05	9.012	9.015	9.002	9.013	633688	5710244.00
2021/08/06	9.013	9.030	9.000	9.030	1431948	12917793.00
2021/08/09	9.030	9.033	9.019	9.030	427554	3860267.00
2021/08/10	9.028	9.035	9.025	9.031	405820	3664241.00
2021/08/11	9.031	9.031	9.011	9.021	443519	4000792.00
2021/08/12	9.021	9.025	9.012	9.017	491263	4431021.00
2021/08/13	9.017	9.017	8.995	8.995	518448	4666053.00
2021/08/16	8.995	8.995	8.961	8.968	632680	5673236.00
2021/08/17	8.967	8.974	8.955	8.972	494869	4438231.00
2021/08/18	8.972	8.999	8.950	8.995	359045	3226555.00
2021/08/19	8.993	9.014	8.976	9.012	949910	8546420.00
2021/08/20	9.014	9.026	9.004	9.021	767378	6922550.00
2021/08/23	9.020	9.026	9.002	9.017	498074	4490760.00
2021/08/24	9.017	9.035	9.001	9.029	586301	5292865.00
2021/08/25	9.028	9.035	9.025	9.035	740312	6685693.00
2021/08/26	9.035	9.071	9.028	9.071	865891	7841467.00
2021/08/27	9.071	9.163	9.070	9.161	2014086	18373236.00
2021/08/30	9.141	9.408	9.141	9.248	2272724	21078988.00
2021/08/31	9.248	9.269	9.245	9.246	787311	7286766.00
2021/09/01	9.246	9.247	9.153	9.202	1005475	9240184.00
2021/09/02	9.200	9.225	9.173	9.219	861181	7936662.00
2021/09/03	9.220	9.230	9.191	9.230	387046	3567879.00
2021/09/06	9.191	9.301	9.191	9.299	675503	6257109.00
2021/09/07	9.299	9.335	9.297	9.321	700115	6518233.00
2021/09/08	9.321	9.355	9.318	9.322	643874	6005227.00
2021/09/09	9.322	9.351	9.320	9.323	641681	5987121.00
2021/09/10	9.323	9.329	9.274	9.322	528576	4915457.00
2021/09/13	9.325	9.399	9.325	9.399	911778	8523276.00
2021/09/14	9.395	9.415	9.344	9.415	1155373	10848001.00
2021/09/15	9.415	9.540	9.412	9.531	1860475	17662296.00
2021/09/16	9.535	9.602	9.535	9.596	1036043	9927499.00
2021/09/17	9.599	9.653	9.558	9.647	1269284	12229182.00
2021/09/22	9.647	9.684	9.638	9.672	1170868	11319122.00
2021/09/23	9.672	9.772	9.672	9.738	1299892	12653430.00
2021/09/24	9.741	9.884	9.741	9.878	2077431	20490968.00
2021/09/27	9.879	10.043	9.780	9.794	3766297	37404652.00
2021/09/28	9.792	9.792	9.347	9.529	6304654	59781224.00
2021/09/29	9.527	9.701	9.484	9.701	2217480	21346252.00
2021/09/30	9.701	9.820	9.701	9.804	1759450	17232410.00
2021/10/08	9.804	9.950	9.760	9.801	2278977	22334684.00
2021/10/11	9.801	9.832	9.760	9.800	1627431	15932229.00
2021/10/12	9.797	9.807	9.784	9.804	1059550	10379351.00
2021/10/13	9.805	9.822	9.795	9.800	1236597	12118506.00
2021/10/14	9.800	9.801	9.780	9.785	1376845	13473594.00
2021/10/15	9.785	9.804	9.780	9.802	973116	9532453.00
2021/10/18	9.802	9.805	9.782	9.801	989235	9690690.00
2021/10/19	9.801	9.804	9.792	9.801	1601460	15692325.00
2021/10/20	9.802	9.830	9.796	9.821	1172942	11503843.00
2021/10/21	9.821	9.923	9.821	9.902	803042	7946355.00
2021/10/22	9.910	10.010	9.910	10.010	1107089	11072108.00
2021/10/25	10.011	10.062	9.969	10.042	1057752	10606122.00
2021/10/26	10.042	10.100	9.850	9.971	2265741	22600412.00
2021/10/27	9.894	10.020	9.856	10.005	1158680	11528720.00
2021/10/28	10.007	10.020	9.950	10.002	1254443	12547198.00
2021/10/29	10.002	10.024	9.943	10.001	1390209	13897521.00
2021/11/01	10.002	10.023	10.000	10.002	744509	7450261.00
2021/11/02	10.002	10.007	9.933	9.978	1368941	13663328.00
2021/11/03	9.977	9.977	9.893	9.900	1322835	13132169.00
2021/11/04	9.900	9.900	9.785	9.800	1467826	14428375.00
2021/11/05	9.800	9.895	9.781	9.816	1123263	11056285.00
2021/11/08	9.815	9.885	9.810	9.857	902694	8902345.00
2021/11/09	9.850	9.870	9.842	9.845	568845	5603054.00
2021/11/10	9.846	9.858	9.845	9.851	544310	5362766.00
2021/11/11	9.851	9.876	9.846	9.874	529734	5225058.00
2021/11/12	9.876	9.950	9.876	9.927	573890	5691322.00
2021/11/15	9.928	9.956	9.928	9.939	495142	4924422.00
2021/11/16	9.939	9.939	9.900	9.910	565668	5607643.00
2021/11/17	9.909	9.928	9.904	9.922	640435	6346636.00
2021/11/18	9.922	9.955	9.920	9.949	569720	5665278.00
2021/11/19	9.950	10.001	9.950	9.995	2054171	20521232.00
2021/11/22	9.999	10.000	9.976	9.976	638549	6375362.00
2021/11/23	9.978	9.978	9.879	9.910	843914	8379151.00
2021/11/24	9.907	9.950	9.900	9.931	386031	3830118.00
2021/11/25	9.931	9.950	9.927	9.933	413235	4105585.00
2021/11/26	9.933	9.950	9.905	9.924	760297	7545514.00
2021/11/29	9.918	9.918	9.885	9.905	644763	6381064.00
2021/11/30	9.902	9.907	9.895	9.907	616126	6100839.00
2021/12/01	9.906	9.919	9.900	9.919	374185	3710027.00
2021/12/02	9.919	9.975	9.913	9.971	641630	6391868.00
2021/12/03	9.971	9.999	9.970	9.984	877372	8764277.00
2021/12/06	9.984	9.990	9.973	9.980	493973	4929950.00
2021/12/07	9.980	10.005	9.977	10.004	1277411	12767457.00
2021/12/08	10.004	10.038	10.004	10.024	1224129	12275395.00
2021/12/09	10.024	10.024	9.980	10.013	1756469	17568466.00
2021/12/10	10.014	10.030	9.990	10.003	758405	7583087.00
2021/12/13	10.004	10.088	10.003	10.086	1208049	12137970.00
2021/12/14	10.087	10.425	10.070	10.350	3517272	36110776.00
2021/12/15	10.350	10.586	10.350	10.561	3483812	36604868.00
2021/12/16	10.551	10.633	10.262	10.400	3451780	36034048.00
2021/12/17	10.388	10.420	10.280	10.310	1835443	18989408.00
2021/12/20	10.320	10.330	10.220	10.234	676974	6935613.00
2021/12/21	10.236	10.325	10.200	10.321	682698	6989117.00
2021/12/22	10.338	10.398	10.289	10.393	1171316	12127053.00
2021/12/23	10.393	10.609	10.393	10.604	1715725	18022950.00
2021/12/24	10.604	10.671	10.534	10.625	2096925	22248848.00
2021/12/27	10.622	10.678	10.564	10.670	1104614	11724912.00
2021/12/28	10.697	10.770	10.660	10.745	1614271	17326832.00
2021/12/29	10.745	10.790	10.700	10.717	1913304	20528526.00
2021/12/30	10.718	10.800	10.523	10.556	2239304	23850852.00
2021/12/31	10.230	10.340	10.080	10.116	3043175	30899616.00
2022/01/04	10.117	10.180	10.057	10.167	1763596	17798016.00
2022/01/05	10.180	10.314	10.170	10.313	848677	8705657.00
2022/01/06	10.313	10.313	10.200	10.251	1330822	13614098.00
2022/01/07	10.251	10.292	10.251	10.276	813845	8361745.00
2022/01/10	10.277	10.320	10.230	10.269	1178417	12095856.00
2022/01/11	10.260	10.269	10.228	10.231	679748	6956229.00
2022/01/12	10.231	10.278	10.224	10.256	771142	7906677.00
2022/01/13	10.256	10.285	10.230	10.244	761674	7811894.00
2022/01/14	10.248	10.250	10.221	10.223	650201	6654303.00
2022/01/17	10.230	10.265	10.209	10.264	909366	9315310.00
2022/01/18	10.263	10.314	10.201	10.213	716411	7318647.00
2022/01/19	10.213	10.213	10.158	10.184	926178	9424569.00
2022/01/20	10.186	10.335	10.184	10.333	1038932	10642269.00
2022/01/21	10.330	10.500	10.325	10.492	1603270	16722122.00
2022/01/24	10.494	10.830	10.300	10.551	2541180	27041856.00
2022/01/25	10.550	10.550	10.310	10.358	1305393	13560875.00
2022/01/26	10.357	10.358	10.273	10.322	1200721	12386147.00
2022/01/27	10.319	10.319	10.225	10.252	862666	8852572.00
2022/01/28	10.252	10.440	10.240	10.407	1062234	10970822.00
2022/02/07	10.419	10.655	10.419	10.612	1152826	12174242.00
2022/02/08	10.612	10.800	10.612	10.718	1977908	21224196.00
2022/02/09	10.716	10.718	10.536	10.596	2016542	21376416.00
2022/02/10	10.595	10.741	10.526	10.608	1894558	20125086.00
2022/02/11	10.609	10.700	10.596	10.610	2041839	21687708.00
2022/02/14	10.613	10.710	10.591	10.620	3550952	37731420.00
2022/02/15	10.620	10.667	10.465	10.570	4246555	44924660.00
2022/02/16	10.571	10.571	10.379	10.481	1932625	20211040.00
2022/02/17	10.479	10.479	10.268	10.282	2367055	24485628.00
2022/02/18	10.282	10.449	10.126	10.414	2989045	30560990.00
2022/02/21	10.414	10.439	10.350	10.362	1438225	14934500.00
2022/02/22	10.362	10.362	10.151	10.155	1460592	14892240.00
2022/02/23	10.150	10.193	9.989	10.155	1908505	19226146.00
2022/02/24	10.152	10.152	9.978	10.005	1714612	17218216.00
2022/02/25	10.005	10.188	10.005	10.060	1185869	11987923.00
2022/02/28	10.060	10.146	9.954	10.105	789262	7938365.00
2022/03/01	10.104	10.104	10.000	10.022	1429583	14324690.00
2022/03/02	10.017	10.140	9.915	10.116	2013479	20176136.00
2022/03/03	10.127	10.227	10.127	10.133	1272062	12912389.00
2022/03/04	10.133	10.170	10.041	10.065	860986	8670617.00
2022/03/07	10.040	10.040	9.970	9.985	781056	7803579.00
2022/03/08	9.980	9.980	9.900	9.906	1197169	11891411.00
2022/03/09	9.906	9.950	9.880	9.944	1826632	18105388.00
2022/03/10	9.950	10.098	9.943	9.950	962321	9588287.00
2022/03/11	9.896	9.950	9.800	9.937	897834	8891937.00
2022/03/14	9.931	9.931	9.900	9.904	730264	7232446.00
2022/03/15	9.899	9.899	9.550	9.564	1991003	19338328.00
2022/03/16	9.559	9.622	9.273	9.575	2196962	20765400.00
2022/03/17	9.609	9.778	9.609	9.733	2210105	21411924.00
2022/03/18	9.740	9.759	9.674	9.686	1012919	9828924.00
2022/03/21	9.686	9.782	9.626	9.777	1129442	10993621.00
2022/03/22	9.777	9.990	9.758	9.941	936088	9244064.00
2022/03/23	9.941	10.026	9.853	9.861	862545	8569819.00
2022/03/24	9.858	9.984	9.600	9.813	811265	8012833.00
2022/03/25	9.799	9.886	9.770	9.799	725203	7131196.00
2022/03/28	9.797	9.797	9.700	9.744	696160	6781012.00
2022/03/29	9.734	9.812	9.700	9.764	532303	5201324.00
2022/03/30	9.770	9.890	9.765	9.878	962066	9474733.00
2022/03/31	9.850	9.850	9.719	9.795	507099	4970664.00
2022/04/01	9.795	9.945	9.680	9.938	945948	9355850.00
2022/04/06	9.930	10.071	9.820	10.029	995262	9950608.00
2022/04/07	10.020	10.029	9.813	9.968	729787	7273634.00
2022/04/08	9.968	10.068	9.968	10.059	791647	7936317.00
2022/04/11	10.059	10.070	9.972	10.033	1148792	11531828.00
2022/04/12	10.033	10.100	10.030	10.069	1532454	15425404.00
2022/04/13	10.069	10.109	10.001	10.087	1161742	11713026.00
2022/04/14	10.088	10.113	10.080	10.088	558883	5640959.00
2022/04/15	10.089	10.108	10.080	10.090	1089536	10993466.00
2022/04/18	10.090	10.100	10.089	10.091	939305	9480375.00
2022/04/19	10.092	10.400	10.091	10.102	662841	6695773.00
2022/04/20	10.102	10.140	9.900	10.102	717329	7249597.00
2022/04/21	10.100	10.100	9.950	9.980	671893	6731073.00
2022/04/22	9.980	10.025	9.850	10.009	955643	9514652.00
2022/04/25	10.005	10.005	9.852	9.911	668224	6639490.00
2022/04/26	9.908	9.950	9.820	9.872	786692	7765820.00
2022/04/27	9.864	9.941	9.790	9.933	987319	9747702.00
2022/04/28	9.920	9.920	9.800	9.811	1292819	12720021.00
2022/04/29	9.798	9.910	9.711	9.880	538945	5302662.00
2022/05/05	9.880	9.880	9.600	9.813	385421	3779643.00
2022/05/06	9.772	9.793	9.710	9.769	467176	4565528.00
2022/05/09	9.768	9.769	9.746	9.759	447176	4365533.00
2022/05/10	9.759	9.760	9.740	9.745	597779	5829502.00
2022/05/11	9.744	9.769	9.740	9.765	568974	5555769.00
2022/05/12	9.764	9.813	9.760	9.794	530378	5192632.00
2022/05/13	9.794	9.898	9.794	9.875	533086	5262931.00
2022/05/16	9.875	9.900	9.825	9.826	436168	4297625.00
2022/05/17	9.824	9.824	9.785	9.787	486798	4768943.00
2022/05/18	9.779	9.779	9.760	9.763	433073	4228851.00
2022/05/19	9.762	9.762	9.708	9.718	442111	4300937.00
2022/05/20	9.718	9.764	9.713	9.719	449885	4374508.00
2022/05/23	9.718	9.720	9.670	9.672	403324	3912996.00
2022/05/24	9.672	9.672	9.509	9.592	968302	9274199.00
2022/05/25	9.570	9.619	9.511	9.522	438339	4187283.00
2022/05/26	9.560	9.599	9.468	9.510	807580	7675029.00
2022/05/27	9.512	9.598	9.512	9.540	2007413	19145188.00
2022/05/30	9.540	9.552	9.480	9.483	890424	8452224.00
2022/05/31	9.505	9.505	9.400	9.411	948125	8933992.00
2022/06/01	9.410	9.500	9.384	9.425	687455	6485623.00
2022/06/02	9.460	9.560	9.460	9.545	1855193	17661134.00
2022/06/06	9.550	9.747	9.550	9.692	1710197	16567902.00
2022/06/07	9.697	9.764	9.697	9.735	1490515	14507152.00
2022/06/08	9.007	9.107	8.720	8.814	3037599	27288728.00
2022/06/09	8.815	9.010	8.815	8.929	2556622	22769840.00
2022/06/10	9.070	9.070	8.940	9.033	1681405	15184321.00
2022/06/13	9.034	9.038	8.991	9.035	1087224	9801647.00
2022/06/14	9.111	9.111	9.035	9.046	1068056	9682252.00
2022/06/15	9.100	9.100	9.029	9.040	1199619	10847045.00
2022/06/16	9.040	9.067	9.040	9.046	651821	5898474.00
2022/06/17	9.046	9.046	9.000	9.003	799762	7208811.00
2022/06/20	9.000	9.000	8.926	8.939	866901	7747086.00
2022/06/21	8.939	8.939	8.885	8.894	1225966	10916098.00
2022/06/22	8.900	8.999	8.880	8.886	811026	7215257.00
2022/06/23	8.886	8.918	8.874	8.905	648363	5762041.00
2022/06/24	8.908	9.020	8.908	9.009	976314	8763084.00
2022/06/27	9.010	9.060	9.009	9.041	722882	6536336.00
2022/06/28	9.073	9.073	9.021	9.046	971736	8787719.00
2022/06/29	9.049	9.049	9.015	9.021	611218	5514957.00
2022/06/30	9.028	9.059	9.028	9.045	1026350	9280542.00
2022/07/01	9.045	9.047	9.026	9.038	400077	3616282.00
2022/07/04	9.038	9.058	9.024	9.050	519388	4700814.00
2022/07/05	9.050	9.058	9.044	9.047	1159501	10494802.00
2022/07/06	9.046	9.058	9.039	9.054	737761	6679487.00
2022/07/07	9.055	9.102	9.038	9.084	727100	6596889.00
2022/07/08	9.067	9.130	9.067	9.128	821910	7495543.00
2022/07/11	9.128	9.155	9.093	9.113	890382	8117973.00
2022/07/12	9.114	9.169	9.090	9.122	931534	8489469.00
2022/07/13	9.120	9.144	9.109	9.142	601786	5495863.00
2022/07/14	9.144	9.162	9.110	9.151	791716	7234876.00
2022/07/15	9.151	9.160	9.121	9.149	566553	5183155.00
2022/07/18	9.148	9.172	9.120	9.170	779839	7133685.00
2022/07/19	9.169	9.221	9.153	9.201	641569	5893604.00
2022/07/20	9.205	9.265	9.202	9.265	676521	6254417.00
2022/07/21	9.265	9.265	9.247	9.257	518806	4801357.00
2022/07/22	9.220	9.269	9.197	9.230	628132	5801610.00
2022/07/25	9.222	9.227	9.162	9.172	898985	8254741.00
2022/07/26	9.172	9.174	9.158	9.169	492686	4515255.00
2022/07/27	9.169	9.178	9.100	9.107	699896	6393186.00
2022/07/28	9.100	9.138	9.086	9.137	469250	4279840.00
2022/07/29	9.125	9.150	9.125	9.138	592997	5419051.00
2022/08/01	9.138	9.146	9.095	9.137	1031403	9408224.00
2022/08/02	9.125	9.125	9.078	9.100	631767	5749419.00
2022/08/03	9.060	9.123	9.001	9.101	574325	5225584.00
2022/08/04	9.101	9.114	9.091	9.100	666029	6061113.00
2022/08/05	9.100	9.113	9.078	9.100	621115	5644876.00
2022/08/08	9.100	9.120	9.030	9.100	489759	4459096.00
2022/08/09	9.100	9.111	9.081	9.107	376806	3431561.00
2022/08/10	9.107	9.131	9.101	9.129	539675	4925143.00
2022/08/11	9.128	9.150	9.128	9.140	720863	6590891.00
2022/08/12	9.141	9.177	9.141	9.173	659955	6047935.00
2022/08/15	9.175	9.225	9.175	9.214	910770	8384048.00
2022/08/16	9.214	9.255	9.210	9.242	587745	5424660.00
2022/08/17	9.245	9.272	9.245	9.251	501106	4636386.00
2022/08/18	9.251	9.265	9.240	9.260	787468	7287788.00
2022/08/19	9.261	9.349	9.234	9.340	1313529	12201073.00
2022/08/22	9.340	9.450	9.231	9.284	1233619	11548760.00
2022/08/23	9.290	9.306	9.279	9.301	477233	4438055.00
2022/08/24	9.302	9.304	9.205	9.235	717730	6638723.00
2022/08/25	9.235	9.320	9.205	9.274	1061873	9833040.00
2022/08/26	9.215	9.294	9.215	9.284	624048	5791142.00
2022/08/29	9.280	9.281	9.203	9.272	717754	6647662.00
2022/08/30	9.226	9.293	9.226	9.278	681435	6323350.00
2022/08/31	9.278	9.303	9.260	9.292	692862	6436433.00
2022/09/01	9.300	9.310	9.242	9.263	727737	6739796.00
2022/09/02	9.248	9.272	9.221	9.270	736312	6814339.00
2022/09/05	9.270	9.270	9.250	9.258	529643	4905174.00
2022/09/06	9.259	9.259	9.240	9.250	362637	3354133.00
2022/09/07	9.250	9.255	9.235	9.250	435584	4028665.00
2022/09/08	9.250	9.255	9.234	9.253	623317	5766372.00
2022/09/09	9.225	9.252	9.225	9.247	580917	5370474.00
2022/09/13	9.247	9.248	9.235	9.237	659716	6096522.00
2022/09/14	9.237	9.240	9.206	9.208	541529	4994268.00
2022/09/15	9.208	9.352	9.200	9.208	625429	5766531.00
2022/09/16	9.208	9.219	9.202	9.210	638609	5880934.00
2022/09/19	9.210	9.210	9.150	9.185	782027	7181537.00
2022/09/20	9.183	9.183	9.141	9.148	712813	6536175.00
2022/09/21	9.141	9.142	9.118	9.142	877546	8018410.00
2022/09/22	9.140	9.155	9.132	9.141	806700	7375983.00
2022/09/23	9.141	9.141	9.123	9.126	582774	5320461.00
2022/09/26	9.126	9.127	9.051	9.051	792038	7204619.00
2022/09/27	9.048	9.048	8.949	9.030	1490844	13416264.00
2022/09/28	9.027	9.111	9.025	9.080	897036	8138425.00
2022/09/29	9.080	9.143	9.051	9.085	594329	5406562.00
2022/09/30	9.085	9.120	9.044	9.049	509338	4628454.00
2022/10/10	9.047	9.047	8.986	8.989	688019	6194480.00
2022/10/11	8.989	9.035	8.965	8.976	576893	5179841.00
2022/10/12	8.975	9.000	8.965	8.997	539929	4856309.00
2022/10/13	8.997	8.998	8.990	8.991	478796	4306661.00
2022/10/14	8.991	8.997	8.980	8.988	756818	6803375.00
2022/10/17	8.986	8.986	8.969	8.973	487414	4374557.00
2022/10/18	8.984	9.002	8.977	8.994	609246	5479990.00
2022/10/19	8.994	9.005	8.975	9.001	686358	6175830.00
2022/10/20	9.004	9.004	8.980	8.984	465171	4180272.00
2022/10/21	8.984	8.984	8.945	8.955	1112960	9965732.00
2022/10/24	8.955	8.970	8.942	8.946	940228	8417769.00
2022/10/25	8.946	8.976	8.909	8.931	864652	7738891.00
2022/10/26	8.929	8.929	8.907	8.908	908010	8096629.00
2022/10/27	8.908	8.914	8.871	8.880	1051339	9353943.00
2022/10/28	8.912	8.912	8.816	8.825	1064126	9387460.00
2022/10/31	8.825	8.825	8.760	8.766	1040203	9143667.00
2022/11/01	8.882	8.882	8.764	8.769	769651	6751568.00
2022/11/02	8.800	8.810	8.774	8.790	854275	7511630.00
2022/11/03	8.798	8.798	8.764	8.779	1471119	12910551.00
2022/11/04	8.793	8.836	8.774	8.810	1563697	13776895.00
2022/11/07	8.816	8.816	8.805	8.808	853290	7517050.00
2022/11/08	8.896	8.896	8.787	8.795	866400	7625687.00
2022/11/09	8.780	8.788	8.760	8.769	729446	6396821.00
2022/11/10	8.808	8.808	8.727	8.729	1178787	10320153.00
2022/11/11	8.739	8.739	8.690	8.716	1146088	9993742.00
2022/11/14	8.718	8.760	8.706	8.712	1068861	9326154.00
2022/11/15	8.733	8.733	8.692	8.693	1616310	14060937.00
2022/11/16	8.691	8.700	8.668	8.670	1014807	8813694.00
2022/11/17	8.666	8.666	8.544	8.550	969762	8333850.00
2022/11/18	8.550	8.580	8.408	8.426	1400759	11856016.00
2022/11/21	8.400	8.686	8.387	8.603	1382043	11811884.00
2022/11/22	8.603	8.698	8.584	8.611	832507	7158392.00
2022/11/23	8.613	8.662	8.613	8.627	1725473	14905403.00
2022/11/24	8.627	8.634	8.611	8.631	1350860	11653019.00
2022/11/25	8.631	8.649	8.628	8.640	1173737	10143446.00
2022/11/28	8.641	8.667	8.629	8.656	1076492	9301781.00
2022/11/29	8.656	8.710	8.630	8.706	1401386	12159469.00
2022/11/30	8.706	8.729	8.703	8.708	1693629	14759283.00
2022/12/01	8.708	8.772	8.708	8.764	1096177	9586493.00
2022/12/02	8.770	8.826	8.770	8.822	1278557	11255369.00
2022/12/05	8.822	8.954	8.822	8.927	1413406	12598390.00
2022/12/06	8.935	9.016	8.935	8.971	3009549	26991148.00
2022/12/07	8.930	8.971	8.916	8.932	1810691	16177707.00
2022/12/08	8.931	8.960	8.930	8.956	1119639	10025688.00
2022/12/09	8.952	9.044	8.952	9.034	1657776	14901145.00
2022/12/12	9.034	9.199	8.922	8.931	1420699	12763642.00
2022/12/13	8.931	8.950	8.929	8.930	1047974	9364280.00
2022/12/14	8.930	8.930	8.801	8.805	1428749	12617775.00
2022/12/15	8.881	8.881	8.803	8.833	1168471	10328176.00
2022/12/16	8.808	8.845	8.808	8.835	780616	6897479.00
2022/12/19	8.888	8.888	8.836	8.841	915164	8100111.00
2022/12/20	8.875	8.875	8.637	8.699	1447290	12637858.00
2022/12/21	8.733	8.733	8.654	8.688	1303347	11328951.00
2022/12/22	8.690	8.763	8.651	8.699	1104332	9625294.00
2022/12/23	8.722	8.746	8.713	8.733	820769	7160492.00
2022/12/26	8.731	8.733	8.709	8.719	890006	7763880.00
2022/12/27	8.720	8.766	8.720	8.745	518963	4533405.00
2022/12/28	8.745	8.792	8.730	8.745	707550	6189443.00
2022/12/29	8.743	8.753	8.733	8.745	591489	5174064.00
2022/12/30	8.745	8.878	8.745	8.868	1122570	9906560.00
2023/01/03	8.869	8.914	8.869	8.914	778498	6920960.00
2023/01/04	9.159	9.159	8.838	8.891	741726	6600533.00
2023/01/05	8.861	8.907	8.851	8.863	707726	6274663.00
2023/01/06	8.863	8.903	8.855	8.899	792327	7039168.00
2023/01/09	8.899	8.910	8.880	8.909	737338	6562707.00
2023/01/10	8.910	8.975	8.910	8.965	936234	8374761.00
2023/01/11	8.974	8.999	8.974	8.981	770578	6925989.00
2023/01/12	8.981	8.986	8.952	8.958	817145	7332258.00
2023/01/13	8.958	8.979	8.958	8.962	506835	4542563.00
2023/01/16	8.962	8.962	8.925	8.927	763428	6821880.00
2023/01/17	8.927	8.927	8.871	8.884	939218	8342100.00
2023/01/18	8.881	8.905	8.863	8.900	804914	7150788.00
2023/01/19	8.900	8.900	8.862	8.877	634378	5631605.00
2023/01/20	8.877	8.877	8.801	8.877	527126	4676081.00
2023/01/30	8.877	8.959	8.877	8.956	1073628	9568950.00
2023/01/31	8.950	9.002	8.950	9.000	967601	8696620.00
2023/02/01	9.000	9.001	8.990	8.998	787909	7089610.00
2023/02/02	8.998	9.000	8.948	8.965	933651	8375468.00
2023/02/03	8.965	8.990	8.958	8.990	696783	6250248.00
2023/02/06	8.976	8.990	8.945	8.990	676220	6071964.00
2023/02/07	8.986	8.986	8.965	8.976	583856	5239412.00
2023/02/08	8.979	8.982	8.959	8.974	383045	3438260.00
2023/02/09	8.975	8.986	8.967	8.971	844423	7578386.00
2023/02/10	8.971	8.990	8.968	8.976	881217	7908066.00
2023/02/13	8.974	8.978	8.962	8.971	818855	7347226.00
2023/02/14	8.971	8.976	8.955	8.970	1145588	10277993.00
2023/02/15	8.970	9.000	8.965	8.968	1043919	9370111.00
2023/02/16	8.968	8.968	8.940	8.952	1214429	10869873.00
2023/02/17	8.940	8.940	8.910	8.928	743348	6636865.00
2023/02/20	8.929	8.934	8.921	8.927	930347	8305861.00
2023/02/21	8.926	8.938	8.918	8.929	1121988	10017517.00
2023/02/22	8.929	8.931	8.914	8.920	798843	7130444.00
2023/02/23	8.919	8.930	8.885	8.890	685408	6101763.00
2023/02/24	8.890	8.890	8.849	8.849	617022	5472430.00
2023/02/27	8.848	8.848	8.831	8.832	619546	5476346.00
2023/02/28	8.848	8.861	8.800	8.846	949269	8393882.00
2023/03/01	8.866	8.875	8.847	8.860	1143024	10128270.00
2023/03/02	8.860	8.879	8.860	8.873	1167188	10348895.00
2023/03/03	8.873	8.901	8.872	8.877	669858	5952688.00
2023/03/06	8.876	8.891	8.863	8.872	735574	6531067.00
2023/03/07	8.865	8.999	8.807	8.855	591549	5240142.00
2023/03/08	8.854	8.859	8.832	8.857	1060189	9386319.00
2023/03/09	8.857	8.901	8.837	8.850	578651	5121499.00
2023/03/10	8.850	8.852	8.833	8.844	1188763	10515493.00
2023/03/13	8.844	8.863	8.829	8.847	686215	6068614.00
2023/03/14	8.847	8.870	8.831	8.865	621194	5501300.00
2023/03/15	8.855	8.865	8.850	8.858	794620	7040593.00
2023/03/16	8.859	8.860	8.837	8.839	347515	3075415.00
2023/03/17	8.839	8.839	8.828	8.829	667911	5900041.00
2023/03/20	8.829	8.829	8.804	8.810	687015	6053369.00
2023/03/21	8.810	8.810	8.800	8.805	822837	7245061.00
2023/03/22	8.805	8.805	8.781	8.784	1057750	9295957.00
2023/03/23	8.784	8.800	8.722	8.733	939204	8218792.00
2023/03/24	8.738	8.746	8.700	8.704	1731377	15105780.00
2023/03/27	8.704	8.750	8.699	8.700	982584	8555878.00
2023/03/28	8.700	8.707	8.666	8.670	963880	8370239.00
2023/03/29	8.670	8.670	8.580	8.595	785129	6747786.00
2023/03/30	8.595	8.684	8.591	8.669	1112874	9625803.00
2023/03/31	8.670	8.782	8.670	8.762	1053781	9216170.00
2023/04/03	8.762	8.821	8.762	8.812	756691	6665371.00
2023/04/04	8.812	8.859	8.798	8.811	680772	6003456.00
2023/04/06	8.805	8.824	8.802	8.823	863957	7616184.00
2023/04/07	8.823	8.848	8.588	8.784	584875	5140778.00
2023/04/10	8.781	8.781	8.680	8.740	490784	4292663.00
2023/04/11	8.741	8.741	8.700	8.703	692903	6033132.00
2023/04/12	8.702	8.720	8.700	8.709	423319	3688406.00
2023/04/13	8.709	8.709	8.690	8.695	573343	4985246.00
2023/04/14	8.695	8.725	8.690	8.704	648721	5647452.00
2023/04/17	8.704	8.799	8.700	8.767	654378	5728357.00
2023/04/18	8.766	8.801	8.760	8.800	855616	7512118.00
2023/04/19	8.799	8.799	8.760	8.782	613902	5395884.00
2023/04/20	8.782	8.782	8.729	8.740	500793	4380089.00
2023/04/21	8.740	8.751	8.732	8.733	525729	4594746.00
2023/04/24	8.730	8.730	8.690	8.696	662538	5764320.00
2023/04/25	8.693	8.700	8.669	8.672	550785	4779800.00
2023/04/26	8.672	8.700	8.657	8.675	321237	2791115.00
2023/04/27	8.699	8.699	8.601	8.688	532033	4608174.00
2023/04/28	8.688	8.697	8.635	8.638	701937	6084639.00
2023/05/04	8.640	8.686	8.640	8.660	463633	4020064.00
2023/05/05	8.654	8.680	8.634	8.638	243466	2104925.00
2023/05/08	8.637	8.637	8.570	8.588	876099	7530087.00
2023/05/09	8.588	8.588	8.531	8.533	905393	7730963.00
2023/05/10	8.548	8.622	8.538	8.622	888074	7614742.00
2023/05/11	8.622	8.699	8.622	8.670	657507	5695571.00
2023/05/12	8.678	8.710	8.630	8.694	571719	4962104.00
2023/05/15	8.694	8.694	8.650	8.650	555334	4809651.00
2023/05/16	8.654	8.654	8.575	8.641	406047	3496862.00
2023/05/17	8.641	8.641	8.590	8.602	611845	5264585.00
2023/05/18	8.601	8.623	8.596	8.597	475062	4085477.00
2023/05/19	8.597	8.597	8.500	8.564	383980	3289138.00
2023/05/22	8.564	8.567	8.528	8.563	440876	3774534.00
2023/05/23	8.561	8.575	8.543	8.573	534986	4578373.00
2023/05/24	8.550	8.564	8.535	8.563	479950	4106453.00
2023/05/25	8.563	8.608	8.532	8.546	694461	5932380.00
2023/05/26	8.543	8.543	8.521	8.522	583961	4981682.00
2023/05/29	8.522	8.522	8.502	8.505	477766	4064305.00
2023/05/30	8.505	8.516	8.500	8.509	427400	3636586.00
2023/05/31	8.502	8.518	8.459	8.462	404657	3437335.00
2023/06/01	8.450	8.450	8.401	8.401	475257	4002391.00
2023/06/02	8.401	8.443	8.388	8.394	644060	5412041.00
2023/06/05	8.393	8.400	8.252	8.260	830500	6927833.00
2023/06/06	8.258	8.258	7.808	8.060	1950719	15468953.00
2023/06/07	7.980	8.143	7.966	8.139	764009	6201455.00
2023/06/08	8.150	8.325	8.150	8.285	981229	8131219.00
2023/06/09	8.285	8.330	8.285	8.328	521457	4341652.00
2023/06/12	8.300	8.300	8.020	8.273	602556	4967463.00
2023/06/13	8.274	8.400	8.274	8.399	919796	7666786.00
2023/06/14	8.408	8.473	8.402	8.431	995822	8409454.00
2023/06/15	8.431	8.489	8.429	8.458	778685	6583478.00
2023/06/16	7.825	7.825	7.516	7.825	960663	7466838.00
2023/06/19	7.824	7.824	7.645	7.668	1019155	7837254.00
2023/06/20	7.668	7.701	7.618	7.640	768644	5877257.00
2023/06/21	7.640	7.672	7.572	7.574	1144082	8715277.00
2023/06/26	7.574	7.578	7.547	7.558	795264	6014542.00
2023/06/27	7.558	7.570	7.539	7.553	574556	4340610.00
2023/06/28	7.553	7.596	7.553	7.555	664752	5030653.00
2023/06/29	7.560	7.595	7.560	7.570	511840	3879834.00
2023/06/30	7.571	7.599	7.511	7.563	1089890	8224359.00
2023/07/03	7.562	7.571	7.500	7.551	838801	6305910.00
2023/07/04	7.579	7.579	7.502	7.523	785198	5910584.00
2023/07/05	7.523	7.524	7.470	7.491	975313	7298837.00
2023/07/06	7.491	7.584	7.436	7.575	895881	6760637.00
2023/07/07	7.573	7.734	7.545	7.690	1227835	9424922.00
2023/07/10	7.690	7.766	7.657	7.717	692906	5346208.00
2023/07/11	7.725	7.760	7.675	7.700	724746	5579732.00
2023/07/12	7.700	7.720	7.680	7.705	940316	7243832.00
2023/07/13	7.708	7.759	7.708	7.752	851353	6589553.00
2023/07/14	7.755	7.850	7.755	7.827	612326	4786481.00
2023/07/17	7.848	7.950	7.830	7.940	1029196	8152892.00
2023/07/18	7.940	8.180	7.940	8.115	1523586	12339737.00
2023/07/19	8.108	8.108	8.001	8.060	2020690	16281859.00
2023/07/20	8.040	8.040	7.900	7.905	954209	7603154.00
2023/07/21	7.901	7.958	7.850	7.950	1557795	12367864.00
2023/07/24	7.950	7.977	7.911	7.964	918380	7312727.00
2023/07/25	7.961	8.039	7.961	8.031	713369	5710644.00
2023/07/26	7.991	8.040	7.980	8.031	483071	3879696.00
2023/07/27	8.032	8.050	8.010	8.014	709893	5694615.00
2023/07/28	8.000	8.021	7.975	8.008	816988	6542186.00
2023/07/31	8.008	8.098	7.969	8.050	757554	6097947.00
2023/08/01	8.040	8.100	8.036	8.071	1325301	10713490.00
2023/08/02	8.071	8.120	8.059	8.111	862814	6996675.00
2023/08/03	8.113	8.134	8.020	8.099	1420236	11505055.00
2023/08/04	8.094	8.105	8.060	8.104	1043112	8451285.00
2023/08/07	8.104	8.155	8.050	8.136	779305	6323132.00
2023/08/08	8.135	8.162	8.095	8.148	1331538	10852321.00
2023/08/09	8.115	8.158	8.115	8.151	479719	3909862.00
2023/08/10	8.113	8.161	8.113	8.116	1280923	10435996.00
2023/08/11	8.116	8.128	8.058	8.105	982928	7969525.00
2023/08/14	8.105	8.208	8.076	8.206	1102241	8935441.00
2023/08/15	8.205	8.219	8.189	8.191	1794356	14720632.00
2023/08/16	8.180	8.190	8.137	8.140	580929	4729037.00
2023/08/17	8.120	8.123	8.076	8.117	934582	7572497.00
2023/08/18	8.100	8.115	8.092	8.101	795318	6445992.00
2023/08/21	8.100	8.101	8.068	8.100	581058	4699487.00
2023/08/22	8.100	8.102	8.098	8.100	506550	4102833.00
2023/08/23	8.099	8.127	8.063	8.075	1767163	14307964.00
2023/08/24	8.075	8.095	8.062	8.065	689226	5570049.00
2023/08/25	8.064	8.073	8.052	8.057	312200	2515923.00
2023/08/28	8.057	8.147	8.057	8.091	663213	5370666.00
2023/08/29	8.055	8.097	8.055	8.070	1337597	10797814.00
2023/08/30	8.079	8.099	8.060	8.094	831796	6720589.00
2023/08/31	8.072	8.098	8.063	8.091	751824	6076264.00
2023/09/01	8.093	8.117	8.091	8.100	329008	2667138.00
2023/09/04	8.100	8.100	8.091	8.096	629937	5100723.00
2023/09/05	8.090	8.100	8.075	8.095	427505	3456250.00
2023/09/06	8.094	8.094	8.055	8.090	409726	3305643.00
2023/09/07	8.090	8.090	8.052	8.075	182401	1472840.00
2023/09/08	8.070	8.079	8.053	8.067	361335	2914769.00
2023/09/11	8.067	8.090	8.067	8.083	272285	2200165.00
2023/09/12	8.083	8.090	8.060	8.064	367161	2966701.00
2023/09/13	8.062	8.064	8.050	8.064	328917	2649900.00
2023/09/14	8.062	8.069	8.002	8.021	700517	5630022.00
2023/09/15	8.020	8.050	7.951	7.985	788067	6291520.00
2023/09/18	7.985	7.996	7.949	7.985	330430	2640272.00
2023/09/19	7.977	7.993	7.945	7.971	435286	3471204.00
2023/09/20	7.971	7.975	7.932	7.971	385419	3071504.00
2023/09/21	7.971	8.021	7.931	7.965	303110	2407325.00
2023/09/22	7.965	7.987	7.925	7.968	463688	3687620.00
2023/09/25	7.968	7.969	7.937	7.965	334899	2665257.00
2023/09/26	7.965	7.969	7.951	7.967	605916	4826782.00
2023/09/27	7.966	7.966	7.921	7.940	880046	6993935.00
2023/09/28	7.940	7.985	7.938	7.950	514173	4088075.00
2023/10/09	7.951	7.951	7.898	7.901	635748	5035832.00
2023/10/10	7.900	7.931	7.900	7.931	287276	2270886.00
2023/10/11	7.901	7.939	7.900	7.901	279949	2215428.00
2023/10/12	7.901	7.937	7.881	7.890	524501	4143233.00
2023/10/13	7.890	7.894	7.862	7.869	542702	4281167.00
2023/10/16	7.869	7.869	7.848	7.850	728284	5722331.00
2023/10/17	7.850	7.850	7.792	7.796	980951	7667419.00
2023/10/18	7.796	7.796	7.733	7.743	303184	2357431.00
2023/10/19	7.738	7.770	7.660	7.740	229104	1770075.00
2023/10/20	7.740	7.740	7.500	7.599	416198	3174094.00
2023/10/23	7.600	7.639	7.490	7.492	726040	5460462.00
2023/10/24	7.495	7.595	7.460	7.570	1075884	8088121.00
2023/10/25	7.570	7.760	7.556	7.570	1614205	12278539.00
2023/10/26	7.570	7.613	7.541	7.555	1473616	11129884.00
2023/10/27	7.558	7.591	7.558	7.565	1235298	9358326.00
2023/10/30	7.565	7.611	7.535	7.538	1755938	13251911.00
2023/10/31	7.538	7.548	7.538	7.547	1528228	11529070.00
2023/11/01	7.547	7.593	7.546	7.546	1348771	10205378.00
2023/11/02	7.546	7.575	7.530	7.533	1848068	13934503.00
2023/11/03	7.533	7.660	7.533	7.590	1711683	12942644.00
2023/11/06	7.595	7.700	7.595	7.695	2698223	20670728.00
2023/11/07	7.668	7.699	7.655	7.669	1099317	8454339.00
2023/11/08	7.660	7.720	7.620	7.690	625343	4809240.00
2023/11/09	7.668	7.741	7.668	7.713	864892	6671728.00
2023/11/10	7.700	7.727	7.680	7.714	1173860	9047938.00
2023/11/13	7.711	7.719	7.653	7.667	1405448	10819540.00
2023/11/14	7.670	7.720	7.650	7.657	1345577	10356994.00
2023/11/15	7.619	7.705	7.619	7.693	526433	4044734.00
2023/11/16	7.695	7.739	7.695	7.707	973737	7502765.00
2023/11/17	7.707	7.730	7.685	7.700	1227238	9448749.00
2023/11/20	7.693	7.693	7.635	7.650	1143838	8741501.00
2023/11/21	7.642	7.652	7.635	7.650	896826	6855435.00
2023/11/22	7.647	7.647	7.618	7.637	806167	6149995.00
2023/11/23	7.637	7.655	7.637	7.651	377972	2888992.00
2023/11/24	7.651	7.651	7.575	7.608	671470	5091133.00
2023/11/27	7.608	7.608	7.482	7.501	1122352	8435393.00
2023/11/28	7.501	7.525	7.480	7.496	1121638	8409648.00
2023/11/29	7.496	7.508	7.487	7.507	1113759	8344383.00
2023/11/30	7.496	7.525	7.496	7.510	1756285	13196531.00
2023/12/01	7.496	7.512	7.468	7.486	1332457	9995753.00
2023/12/04	7.486	7.499	7.480	7.485	2004044	15001602.00
2023/12/05	7.485	7.505	7.453	7.460	2024043	15167667.00
2023/12/06	7.450	7.482	7.415	7.466	2609940	19494016.00
2023/12/07	7.466	7.481	7.459	7.481	1390530	10382829.00
2023/12/08	7.467	7.525	7.467	7.525	1484463	11102820.00
2023/12/11	7.518	7.522	7.499	7.510	1263757	9488753.00
2023/12/12	7.474	7.549	7.474	7.508	1331862	10012645.00
2023/12/13	7.508	7.518	7.505	7.517	934427	7018668.00
2023/12/14	7.481	7.521	7.481	7.519	1036028	7788204.00
2023/12/15	7.480	7.550	7.480	7.520	767040	5754842.00
2023/12/18	7.520	7.520	7.480	7.509	1210958	9094602.00
2023/12/19	7.508	7.536	7.470	7.512	1147167	8626941.00
2023/12/20	7.500	7.538	7.499	7.522	1259204	9458920.00
2023/12/21	7.511	7.715	7.511	7.694	1577368	12050985.00
2023/12/22	7.690	7.860	7.655	7.769	993566	7749802.00
2023/12/25	7.769	7.880	7.661	7.878	728521	5689721.00
2023/12/26	7.870	7.875	7.799	7.805	982212	7724399.00
2023/12/27	7.801	7.804	7.724	7.737	723477	5608746.00
2023/12/28	7.700	7.859	7.693	7.802	1181527	9124743.00
2023/12/29	7.802	7.830	7.794	7.823	697652	5453816.00
2024/01/02	7.814	7.814	7.733	7.765	1881674	14605068.00
2024/01/03	7.735	7.827	7.660	7.824	1356579	10566385.00
2024/01/04	7.796	7.850	7.790	7.845	1158106	9059807.00
2024/01/05	7.805	7.900	7.804	7.895	837006	6563328.00
2024/01/08	7.895	7.950	7.761	7.928	620601	4914665.00
2024/01/09	7.925	7.980	7.900	7.906	858239	6821100.00
2024/01/10	7.906	7.950	7.845	7.854	728093	5742659.00
2024/01/11	7.830	7.950	7.815	7.934	717785	5668108.00
2024/01/12	7.950	7.981	7.950	7.969	686845	5477176.00
2024/01/15	7.929	8.008	7.929	8.006	460922	3681528.00
2024/01/16	8.006	8.040	7.982	8.040	1051831	8427959.00
2024/01/17	8.039	8.044	8.000	8.012	1632472	13097855.00
2024/01/18	8.012	8.015	7.888	7.906	801676	6351947.00
2024/01/19	7.906	7.990	7.906	7.930	984340	7835951.00
2024/01/22	7.930	7.934	7.781	7.792	1417692	11092278.00
2024/01/23	7.792	7.792	7.698	7.708	1758736	13570299.00
2024/01/24	7.705	7.766	7.669	7.723	1622077	12538833.00
2024/01/25	7.723	7.782	7.708	7.755	720078	5585095.00
2024/01/26	7.755	7.830	7.755	7.830	785563	6118142.00
2024/01/29	7.830	7.860	7.782	7.789	738956	5793045.00
2024/01/30	7.786	7.859	7.760	7.823	1018057	7941275.00
2024/01/31	7.824	7.827	7.791	7.800	797380	6227144.00
2024/02/01	7.760	7.809	7.760	7.788	729368	5682184.00
2024/02/02	7.780	7.799	7.748	7.769	491935	3823527.00
2024/02/05	7.769	7.769	7.660	7.685	1436149	11062915.00
2024/02/06	7.685	7.760	7.643	7.722	1183959	9087119.00
2024/02/07	7.699	7.913	7.699	7.896	1021717	7950936.00
2024/02/08	7.896	7.983	7.873	7.964	912331	7233847.00
2024/02/19	7.964	8.060	7.964	8.048	755517	6061755.00
2024/02/20	8.048	8.180	7.968	8.110	1173549	9514988.00
2024/02/21	8.120	8.160	8.080	8.141	583432	4751760.00
2024/02/22	8.102	8.170	8.101	8.168	771387	6290718.00
2024/02/23	8.168	8.213	8.145	8.169	1437754	11748571.00
2024/02/26	8.168	8.363	8.130	8.300	1417453	11732935.00
2024/02/27	8.300	8.309	8.126	8.150	1558735	12810223.00
2024/02/28	8.200	8.229	8.070	8.116	1192589	9694397.00
2024/02/29	7.980	8.259	7.980	8.231	1843537	15038448.00
2024/03/01	8.231	8.315	8.191	8.314	1341142	11131609.00
2024/03/04	8.314	8.380	8.306	8.327	1755670	14683969.00
2024/03/05	8.327	8.382	8.293	8.308	1752687	14591995.00
2024/03/06	8.310	8.327	8.261	8.267	1254118	10406182.00
2024/03/07	8.267	8.318	8.230	8.239	1261372	10413168.00
2024/03/08	8.206	8.249	8.205	8.241	1656076	13648109.00
2024/03/11	8.241	8.266	8.200	8.261	1750584	14460688.00
2024/03/12	8.250	8.318	8.250	8.313	1346959	11151964.00
2024/03/13	8.313	8.339	8.232	8.278	2528986	20993308.00
2024/03/14	8.277	8.296	8.211	8.260	815751	6746368.00
2024/03/15	8.241	8.305	8.240	8.300	874400	7245844.00
2024/03/18	8.302	8.356	8.302	8.311	543365	4529077.00
2024/03/19	8.314	8.315	8.295	8.296	293870	2438864.00
2024/03/20	8.258	8.297	8.258	8.276	162409	1344819.00
2024/03/21	8.273	8.273	8.206	8.239	1373961	11312414.00
2024/03/22	8.238	8.267	8.088	8.138	814026	6629576.00
2024/03/25	8.130	8.188	8.098	8.141	1589434	12942467.00
2024/03/26	8.102	8.191	8.102	8.166	900559	7350683.00
2024/03/27	8.136	8.279	8.136	8.241	990690	8159801.00
2024/03/28	8.225	8.279	8.201	8.268	616333	5085430.00
2024/03/29	8.277	8.350	8.221	8.303	1257259	10448605.00
2024/04/01	8.303	8.327	8.302	8.309	1060520	8820826.00
2024/04/02	8.306	8.386	8.271	8.379	949579	7919989.00
2024/04/03	8.379	8.417	8.354	8.409	633498	5324552.00
2024/04/08	8.404	8.412	8.399	8.411	1050857	8833711.00
2024/04/09	8.410	8.426	8.398	8.411	1001491	8418328.00
2024/04/10	8.412	8.420	8.407	8.415	826031	6947472.00
2024/04/11	8.412	8.451	8.375	8.432	1996574	16835660.00
2024/04/12	8.474	8.474	8.392	8.438	1305849	11009932.00
2024/04/15	8.438	8.450	8.401	8.440	1365604	11529707.00
2024/04/16	8.440	8.475	8.439	8.459	1929339	16323869.00
2024/04/17	8.459	8.500	8.450	8.500	1285241	10898909.00
2024/04/18	8.500	8.517	8.488	8.515	1611944	13723491.00
2024/04/19	8.515	8.531	8.507	8.529	1465039	12477826.00
2024/04/22	8.531	8.578	8.531	8.562	1797489	15375551.00
2024/04/23	8.565	8.574	8.565	8.569	1221834	10470460.00
2024/04/24	8.568	8.575	8.564	8.571	1240446	10628127.00
2024/04/25	8.571	8.640	8.570	8.606	1409768	12129525.00
2024/04/26	8.606	8.628	8.606	8.619	1606623	13851382.00
2024/04/29	8.619	8.620	8.550	8.571	502485	4303143.00
2024/04/30	8.571	8.620	8.571	8.610	708753	6094448.00
2024/05/06	8.609	8.630	8.560	8.609	1269722	10922670.00
2024/05/07	8.603	8.618	8.595	8.596	846576	7280113.00
2024/05/08	8.595	8.595	8.531	8.559	341798	2922922.00
2024/05/09	8.559	8.584	8.530	8.548	1141255	9754982.00
2024/05/10	8.548	8.557	8.480	8.500	2305926	19656484.00
2024/05/13	8.490	8.490	8.412	8.419	1374794	11633385.00
2024/05/14	8.419	8.505	8.415	8.486	1350000	11444272.00
2024/05/15	8.486	8.530	8.465	8.527	747225	6351271.00
2024/05/16	8.510	8.555	8.510	8.554	1035568	8844524.00
2024/05/17	8.554	8.600	8.516	8.582	648893	5555283.00
2024/05/20	8.561	8.580	8.560	8.573	774617	6633325.00
2024/05/21	8.575	8.588	8.575	8.579	784060	6726552.00
2024/05/22	8.579	8.600	8.566	8.574	307136	2632521.00
2024/05/23	8.574	8.574	8.520	8.541	718814	6138004.00
2024/05/24	8.545	8.580	8.533	8.580	679697	5818161.00
2024/05/27	8.580	8.615	8.580	8.594	297146	2553674.00
2024/05/28	8.593	8.608	8.572	8.602	638475	5493113.00
2024/05/29	8.602	8.688	8.552	8.575	1835993	15740087.00
2024/05/30	8.575	8.584	8.531	8.539	1975021	16902920.00
2024/05/31	8.539	8.601	8.530	8.558	4550876	38930780.00
2024/06/03	8.564	8.579	8.460	8.490	4581502	38909812.00
2024/06/04	8.464	8.491	8.430	8.490	5263184	44453692.00
2024/06/05	8.452	8.495	8.452	8.473	2182299	18488308.00
2024/06/06	8.470	8.474	8.440	8.469	3117377	26401496.00
2024/06/07	8.460	8.555	8.460	8.555	272683	2315254.00
2024/06/11	8.556	8.568	8.516	8.561	1026699	8781166.00
2024/06/12	8.562	8.565	8.552	8.563	1896011	16233077.00
2024/06/13	8.563	8.565	8.550	8.565	728438	6235451.00
2024/06/14	8.564	8.576	8.550	8.574	686212	5882509.00
2024/06/17	8.574	8.577	8.536	8.537	574865	4915032.00
2024/06/18	8.498	8.535	8.498	8.532	1454369	12377628.00
2024/06/19	8.532	8.534	8.493	8.517	313344	2669113.00
2024/06/20	8.491	8.612	8.490	8.577	1059392	9006718.00
2024/06/21	8.584	8.600	8.507	8.555	1267367	10825460.00
2024/06/24	8.554	8.554	8.516	8.547	1576916	13462287.00
2024/06/25	8.544	8.600	8.500	8.520	1719911	14696329.00
2024/06/26	8.520	8.546	8.445	8.450	2052360	17416112.00
2024/06/27	8.468	8.468	8.441	8.452	2072483	17524888.00
2024/06/28	7.495	7.520	7.173	7.508	3545593	26630372.00
2024/07/01	7.505	7.526	7.501	7.520	2670276	20067460.00
2024/07/02	7.519	7.551	7.514	7.520	1445449	10867232.00
2024/07/03	7.520	7.545	7.515	7.530	2184942	16447404.00
2024/07/04	7.530	7.543	7.527	7.543	2399671	18086812.00
2024/07/05	7.543	7.550	7.537	7.544	1639289	12361339.00
2024/07/08	7.543	7.544	7.532	7.540	1808086	13626578.00
2024/07/09	7.539	7.542	7.532	7.538	1012583	7632127.00
2024/07/10	7.538	7.540	7.530	7.536	1187662	8948043.00
2024/07/11	7.536	7.538	7.529	7.535	1224126	9223631.00
2024/07/12	7.518	7.537	7.518	7.532	1034599	7789162.00
2024/07/15	7.532	7.535	7.500	7.517	1017116	7639059.00
2024/07/16	7.519	7.551	7.506	7.528	988615	7438135.00
2024/07/17	7.528	7.533	7.508	7.508	807587	6075311.00
2024/07/18	7.508	7.520	7.508	7.520	1468528	11030428.00
2024/07/19	7.517	7.525	7.509	7.513	601187	4518204.00
2024/07/22	7.518	7.518	7.500	7.504	811143	6087912.00
2024/07/23	7.504	7.515	7.499	7.502	1326950	9955125.00
2024/07/24	7.500	7.530	7.500	7.529	1273712	9566204.00
2024/07/25	7.501	7.527	7.497	7.498	1117651	8387078.00
2024/07/26	7.500	7.500	7.495	7.500	533346	3998153.00
2024/07/29	7.500	7.512	7.489	7.511	774180	5811373.00
2024/07/30	7.510	7.511	7.488	7.500	610999	4578700.00
2024/07/31	7.488	7.500	7.488	7.497	1168674	8761431.00
2024/08/01	7.498	7.505	7.496	7.504	691773	5189819.00
2024/08/02	7.504	7.504	7.495	7.496	1240593	9301970.00
2024/08/05	7.495	7.514	7.485	7.501	1468507	11026442.00
2024/08/06	7.498	7.548	7.480	7.491	1514252	11347392.00
2024/08/07	7.491	7.545	7.481	7.539	1443640	10865278.00
2024/08/08	7.539	7.580	7.515	7.535	1460618	11031897.00
2024/08/09	7.524	7.569	7.518	7.549	1691727	12770710.00
2024/08/12	7.510	7.581	7.510	7.556	899485	6795659.00
2024/08/13	7.555	7.566	7.525	7.532	2003675	15093666.00
2024/08/14	7.530	7.546	7.518	7.539	892700	6731359.00
2024/08/15	7.540	7.555	7.537	7.550	2081804	15716437.00
2024/08/16	7.550	7.550	7.523	7.530	1799613	13561909.00
2024/08/19	7.530	7.539	7.490	7.536	888362	6688772.00
2024/08/20	7.538	7.560	7.531	7.551	1674476	12642686.00
2024/08/21	7.554	7.600	7.530	7.534	1685907	12751463.00
2024/08/22	7.510	7.534	7.510	7.527	1239176	9328092.00
2024/08/23	7.528	7.540	7.520	7.533	1504814	11324982.00
2024/08/26	7.520	7.560	7.497	7.506	1119691	8406731.00
2024/08/27	7.506	7.525	7.505	7.514	963020	7234576.00
2024/08/28	7.516	7.523	7.499	7.502	1239269	9300518.00
2024/08/29	7.499	7.543	7.495	7.526	1294691	9745930.00
2024/08/30	7.534	7.538	7.510	7.530	932294	7021123.00
2024/09/02	7.530	7.531	7.511	7.521	591446	4451464.00
2024/09/03	7.514	7.519	7.493	7.498	1077918	8083320.00
2024/09/04	7.498	7.512	7.450	7.459	1143965	8533826.00
2024/09/05	7.452	7.455	7.436	7.444	1707343	12711435.00
2024/09/06	7.443	7.448	7.437	7.440	969650	7212570.00
2024/09/09	7.440	7.520	7.435	7.444	924196	6878854.00
2024/09/10	7.437	7.441	7.421	7.422	712796	5300029.00
2024/09/11	7.422	7.425	7.387	7.421	1251386	9250874.00
2024/09/12	7.390	7.390	7.335	7.336	1916263	14109090.00
2024/09/13	7.334	7.335	7.232	7.251	1801846	13143197.00
2024/09/18	7.244	7.250	7.137	7.141	1594525	11487550.00
2024/09/19	7.141	7.141	7.077	7.078	4270197	30297972.00
2024/09/20	7.078	7.290	7.005	7.198	2857395	20278984.00
2024/09/23	7.194	7.194	7.146	7.175	1903983	13651174.00
2024/09/24	7.139	7.300	7.139	7.259	1503779	10908526.00
2024/09/25	7.260	7.300	7.240	7.300	3041963	22107480.00
2024/09/26	7.300	7.349	7.226	7.321	1276600	9323392.00
2024/09/27	7.320	7.321	7.245	7.295	372029	2708459.00
2024/09/30	7.294	7.294	7.145	7.249	2078489	14979046.00
2024/10/08	7.250	7.425	7.250	7.276	2888548	21069852.00
2024/10/09	7.276	7.276	7.145	7.171	1907162	13693462.00
2024/10/10	7.171	7.201	7.150	7.172	2440920	17525552.00
2024/10/11	7.172	7.217	7.153	7.214	2502969	18038822.00
2024/10/14	7.215	7.269	7.206	7.249	2966049	21498360.00
2024/10/15	7.250	7.269	7.220	7.227	1364997	9872083.00
2024/10/16	7.230	7.257	7.220	7.245	2302323	16653581.00
2024/10/17	7.245	7.270	7.239	7.248	2328247	16898574.00
2024/10/18	7.260	7.279	7.248	7.268	2269754	16483402.00
2024/10/21	7.268	7.297	7.263	7.288	1787197	12991355.00
2024/10/22	7.288	7.293	7.248	7.284	1836442	13382318.00
2024/10/23	7.276	7.277	7.251	7.254	2551173	18512910.00
2024/10/24	7.254	7.288	7.250	7.284	2335035	16985592.00
2024/10/25	7.280	7.303	7.250	7.298	1515321	11025757.00
2024/10/28	7.288	7.359	7.266	7.321	1948433	14239141.00
2024/10/29	7.321	7.340	7.285	7.328	1258448	9217346.00
2024/10/30	7.321	7.350	7.320	7.322	1172301	8592946.00
2024/10/31	7.322	7.324	7.273	7.284	984289	7168412.00
2024/11/01	7.284	7.345	7.204	7.240	1847121	13376071.00
2024/11/04	7.243	7.245	7.205	7.241	169759	1227443.00
2024/11/05	7.226	7.285	7.222	7.271	865125	6262162.00
2024/11/06	7.270	7.270	7.243	7.258	1765237	12823012.00
2024/11/07	7.258	7.269	7.241	7.258	1909903	13860001.00
2024/11/08	7.250	7.258	7.218	7.235	1418843	10275445.00
2024/11/11	7.238	7.238	7.230	7.231	1423581	10296678.00
2024/11/12	7.230	7.235	7.200	7.233	2175790	15728015.00
2024/11/13	7.230	7.252	7.203	7.225	2156194	15602360.00
2024/11/14	7.222	7.225	7.202	7.206	1727823	12467919.00
2024/11/15	7.224	7.243	7.202	7.207	2334269	16830652.00
2024/11/18	7.207	7.207	7.190	7.198	2102868	15143380.00
2024/11/19	7.198	7.200	7.158	7.171	1229913	8841805.00
2024/11/20	7.171	7.173	7.136	7.145	2394811	17149436.00
2024/11/21	7.140	7.150	7.132	7.144	1254538	8961265.00
2024/11/22	7.144	7.144	7.122	7.123	2378263	16958498.00
2024/11/25	7.124	7.170	7.073	7.125	2750653	19534870.00
2024/11/26	7.128	7.145	7.122	7.129	1113027	7940168.00
2024/11/27	7.142	7.175	7.136	7.171	2736857	19581548.00
2024/11/28	7.179	7.270	7.161	7.248	2891243	20902534.00
2024/11/29	7.249	7.270	7.249	7.257	2932133	21299884.00
2024/12/02	6.850	6.850	6.790	6.800	2071550	14090630.00
2024/12/03	6.826	6.826	6.773	6.779	1982682	13440539.00
2024/12/04	6.779	6.801	6.774	6.776	759710	5153631.00
2024/12/05	6.776	6.785	6.715	6.737	2639060	17800664.00
2024/12/06	6.738	6.752	6.712	6.713	2227917	14984682.00
2024/12/09	6.713	6.743	6.713	6.721	556109	3738057.00
2024/12/10	6.722	6.725	6.698	6.716	2468972	16563785.00
2024/12/11	6.716	6.824	6.713	6.821	3008154	20444170.00
2024/12/12	6.821	6.946	6.821	6.945	1840388	12728117.00
2024/12/13	6.955	7.027	6.920	7.020	1963494	13740441.00
2024/12/16	7.000	7.107	6.986	7.101	1382467	9802021.00
2024/12/17	7.100	7.101	6.970	6.978	2160378	15124915.00
2024/12/18	6.971	6.973	6.933	6.950	1107368	7700457.00
2024/12/19	6.950	6.960	6.900	6.951	589625	4076790.00
2024/12/20	6.947	7.019	6.911	7.008	1753961	12284316.00
2024/12/23	7.010	7.026	7.001	7.011	1995036	13977658.00
2024/12/24	7.005	7.057	7.000	7.041	1369598	9608538.00
2024/12/25	7.038	7.125	7.015	7.063	1713840	12123425.00
2024/12/26	7.061	7.061	7.032	7.057	1457524	10262709.00
2024/12/27	7.057	7.080	7.025	7.057	1742882	12285113.00
2024/12/30	7.083	7.083	7.050	7.064	1327068	9369296.00
2024/12/31	7.062	7.074	7.032	7.052	1371359	9669835.00
2025/01/02	7.044	7.068	7.020	7.058	1557044	10968504.00
2025/01/03	7.055	7.217	7.054	7.205	3117641	22379166.00
2025/01/06	7.209	7.233	7.130	7.152	3181328	22834160.00
2025/01/07	7.152	7.152	6.915	6.922	1820425	12750426.00
2025/01/08	6.922	7.073	6.922	7.032	2380361	16699357.00
2025/01/09	7.035	7.115	7.035	7.113	1082376	7685814.00
2025/01/10	7.112	7.138	7.056	7.115	876851	6233984.00
2025/01/13	7.114	7.125	7.075	7.120	1062944	7539272.00
2025/01/14	7.120	7.120	6.996	7.000	1387170	9753180.00
2025/01/15	6.994	7.082	6.951	7.072	3443294	24288136.00
2025/01/16	7.074	7.095	7.001	7.058	3194913	22473058.00
2025/01/17	7.054	7.055	7.020	7.030	1677936	11794809.00
2025/01/20	7.039	7.084	7.024	7.047	598980	4219999.00
2025/01/21	7.030	7.073	7.020	7.062	1756666	12385838.00
2025/01/22	7.065	7.104	7.053	7.100	1653827	11695557.00
2025/01/23	7.073	7.138	7.073	7.112	1351732	9601931.00
2025/01/24	7.112	7.156	7.085	7.143	595399	4250646.00
2025/01/27	7.144	7.248	7.144	7.242	1037433	7481141.00
2025/02/05	7.242	7.242	7.203	7.233	1502304	10832424.00
2025/02/06	7.233	7.241	7.185	7.207	1032537	7432889.00
2025/02/07	7.187	7.229	7.180	7.199	1795784	12918160.00
2025/02/10	7.193	7.249	7.193	7.243	1584572	11449539.00
2025/02/11	7.244	7.359	7.244	7.330	1671965	12217599.00
2025/02/12	7.334	7.360	7.280	7.290	2297846	16862760.00
2025/02/13	7.284	7.338	7.250	7.299	1598749	11688506.00
2025/02/14	7.304	7.315	7.263	7.314	1184499	8620808.00
2025/02/17	7.310	7.315	7.270	7.275	1596851	11636786.00
2025/02/18	7.275	7.300	7.266	7.269	1102541	8019592.00
2025/02/19	7.264	7.265	7.246	7.250	1329222	9637145.00
2025/02/20	7.251	7.438	7.245	7.427	4489990	33093908.00
2025/02/21	7.425	7.498	7.405	7.481	3755948	28026500.00
2025/02/24	7.495	7.495	7.388	7.411	2378985	17662852.00
2025/02/25	7.411	7.482	7.332	7.449	2329725	17251180.00
2025/02/26	7.414	7.489	7.414	7.485	2434920	18138620.00
2025/02/27	7.480	7.480	7.357	7.367	1751226	12937876.00
2025/02/28	7.366	7.366	7.201	7.216	2897357	20961788.00
2025/03/03	7.214	7.283	7.200	7.275	2038254	14813233.00
2025/03/04	7.275	7.456	7.275	7.411	2934902	21677020.00
2025/03/05	7.401	7.439	7.371	7.420	2491490	18502600.00
2025/03/06	7.418	7.418	7.362	7.365	2199471	16234942.00
2025/03/07	7.378	7.400	7.349	7.392	2410575	17736028.00
2025/03/10	7.400	7.440	7.400	7.427	2007403	14917989.00
2025/03/11	7.427	7.427	7.401	7.419	1299779	9635387.00
2025/03/12	7.408	7.414	7.365	7.375	1297279	9568798.00
2025/03/13	7.375	7.435	7.375	7.425	1873595	13917981.00
2025/03/14	7.423	7.428	7.385	7.427	1017115	7544888.00
2025/03/17	7.428	7.448	7.410	7.411	1524342	11324486.00
2025/03/18	7.418	7.446	7.418	7.431	2562182	19049480.00
2025/03/19	7.430	7.470	7.415	7.452	1707700	12702208.00
2025/03/20	7.454	7.470	7.432	7.456	1294166	9645533.00
2025/03/21	7.458	7.462	7.421	7.459	1827818	13632099.00
2025/03/24	7.430	7.490	7.430	7.480	2037407	15212914.00
2025/03/25	7.480	7.500	7.466	7.499	805287	6027383.00
2025/03/26	7.499	7.505	7.479	7.502	1709232	12813705.00
2025/03/27	7.501	7.548	7.500	7.543	1459430	10996637.00
2025/03/28	7.545	7.600	7.544	7.592	1240102	9410987.00
2025/03/31	7.590	7.600	7.451	7.454	4130144	30982932.00
2025/04/01	7.454	7.478	7.410	7.428	1236819	9198821.00
2025/04/02	7.420	7.445	7.400	7.428	3835969	28506764.00
2025/04/03	7.427	7.440	7.426	7.439	2623190	19488736.00
2025/04/07	7.428	7.435	7.308	7.351	1794655	13232891.00
2025/04/08	7.351	7.380	7.324	7.332	1671070	12265410.00
2025/04/09	7.330	7.359	7.323	7.350	687030	5043411.00
2025/04/10	7.360	7.418	7.337	7.418	1727500	12780961.00
2025/04/11	7.418	7.459	7.413	7.456	1404806	10461385.00
2025/04/14	7.458	7.510	7.422	7.502	1551366	11544707.00
2025/04/15	7.506	7.508	7.483	7.502	1410043	10567311.00
2025/04/16	7.505	7.532	7.503	7.527	2292611	17229304.00
2025/04/17	7.529	7.538	7.497	7.511	1907760	14317856.00
2025/04/18	7.510	7.510	7.483	7.483	864927	6482817.00
2025/04/21	7.483	7.515	7.454	7.511	1755107	13163268.00
2025/04/22	7.510	7.512	7.471	7.505	1730793	12955750.00
2025/04/23	7.505	7.520	7.470	7.487	1965182	14743040.00
2025/04/24	7.487	7.523	7.460	7.520	1683316	12641227.00
2025/04/25	7.520	7.530	7.510	7.525	1453300	10927919.00
2025/04/28	7.512	7.512	7.492	7.498	1654603	12416667.00
2025/04/29	7.482	7.508	7.482	7.508	1556786	11677179.00
2025/04/30	7.508	7.558	7.481	7.541	1909183	14300129.00
2025/05/06	7.564	7.564	7.507	7.526	237907	1792177.00
2025/05/07	7.504	7.538	7.504	7.510	1265762	9509947.00
2025/05/08	7.511	7.530	7.507	7.509	1223281	9196929.00
2025/05/09	7.509	7.525	7.505	7.522	260347	1955611.00
2025/05/12	7.520	7.528	7.502	7.519	1200118	9026693.00
2025/05/13	7.519	7.538	7.503	7.510	242120	1819542.00
2025/05/14	7.510	7.530	7.510	7.526	627474	4717888.00
2025/05/15	7.512	7.529	7.512	7.528	1260419	9486637.00
2025/05/16	7.527	7.599	7.514	7.581	825935	6240357.00
2025/05/19	7.581	7.700	7.552	7.667	1237396	9442469.00
2025/05/20	7.700	7.745	7.700	7.745	1544651	11943738.00
2025/05/21	7.746	7.887	7.746	7.829	1719525	13484878.00
2025/05/22	7.830	7.887	7.758	7.778	1160469	9018806.00
2025/05/23	7.770	7.770	7.675	7.695	2200298	16971652.00
2025/05/26	7.695	7.775	7.685	7.769	496079	3832317.00
2025/05/27	7.765	7.775	7.751	7.765	1333294	10349170.00
2025/05/28	7.765	7.801	7.765	7.799	431104	3360839.00
2025/05/29	7.790	7.793	7.753	7.770	287328	2232875.00
2025/05/30	7.770	7.770	7.751	7.765	106180	824640.00
2025/06/03	7.765	7.859	7.765	7.839	424238	3315430.00
2025/06/04	7.830	7.880	7.830	7.879	1723619	13568324.00
2025/06/05	7.879	8.082	7.879	8.061	909828	7271848.00
2025/06/06	8.061	8.099	7.970	7.993	1519434	12133114.00
2025/06/09	7.993	8.020	7.953	7.970	463490	3699542.00
2025/06/10	8.000	8.190	8.000	8.165	1345711	10938747.00
2025/06/11	8.165	8.210	8.154	8.166	2264437	18500032.00
2025/06/12	8.166	8.381	8.166	8.348	2891017	23816680.00
2025/06/13	7.903	7.903	7.690	7.814	2447509	19033056.00
2025/06/16	7.800	7.844	7.756	7.832	1338534	10444373.00
2025/06/17	7.833	7.833	7.666	7.682	1467046	11367003.00
2025/06/18	7.651	7.713	7.651	7.665	2362216	18168496.00
2025/06/19	7.663	7.674	7.561	7.570	2179960	16574366.00
2025/06/20	7.569	7.630	7.503	7.538	2161394	16292532.00
2025/06/23	7.548	7.556	7.491	7.501	2040080	15370630.00
2025/06/24	7.501	7.510	7.388	7.421	3414554	25320608.00
2025/06/25	7.423	7.440	7.400	7.403	1588570	11791551.00
2025/06/26	7.400	7.400	7.316	7.338	2397838	17655316.00
2025/06/27	7.338	7.338	7.275	7.300	2425999	17675290.00
2025/06/30	7.280	7.379	7.260	7.285	1929700	14102634.00
2025/07/01	7.295	7.408	7.287	7.407	1969403	14493907.00
2025/07/02	7.405	7.555	7.380	7.550	1472764	11019226.00
2025/07/03	7.555	7.599	7.501	7.557	1369517	10342202.00
2025/07/04	7.550	7.556	7.510	7.516	766099	5766199.00
2025/07/07	7.516	7.546	7.510	7.533	284897	2145463.00
2025/07/08	7.542	7.544	7.531	7.536	1361636	10262229.00
2025/07/09	7.536	7.536	7.455	7.484	1484883	11107138.00
2025/07/10	7.474	7.491	7.436	7.443	1114481	8294007.00
2025/07/11	7.441	7.456	7.420	7.456	500693	3727921.00
2025/07/14	7.456	7.493	7.452	7.493	1115847	8357072.00
2025/07/15	7.493	7.505	7.486	7.504	1016208	7617425.00
2025/07/16	7.504	7.518	7.500	7.508	1131633	8490447.00
2025/07/17	7.510	7.539	7.484	7.499	493402	3698956.00
2025/07/18	7.499	7.510	7.471	7.496	270913	2029792.00
2025/07/21	7.496	7.497	7.482	7.489	1436021	10750542.00
2025/07/22	7.485	7.490	7.460	7.468	554473	4143068.00
2025/07/23	7.464	7.467	7.382	7.389	1031437	7637921.00
2025/07/24	7.393	7.419	7.351	7.360	1364440	10061514.00
2025/07/25	7.359	7.359	7.340	7.343	1004771	7382332.00
2025/07/28	7.342	7.398	7.342	7.379	1146621	8461372.00
2025/07/29	7.384	7.387	7.357	7.358	492106	3626864.00
2025/07/30	7.351	7.359	7.343	7.353	1011612	7440869.00
2025/07/31	7.353	7.382	7.342	7.380	478367	3519166.00
2025/08/01	7.389	7.410	7.382	7.390	1507829	11164985.00
2025/08/04	7.392	7.410	7.390	7.402	1383300	10235848.00
2025/08/05	7.404	7.409	7.380	7.388	253428	1874320.00
2025/08/06	7.384	7.410	7.380	7.395	115251	852419.00
2025/08/07	7.394	7.413	7.371	7.379	399640	2950947.00
2025/08/08	7.376	7.386	7.370	7.380	926600	6834945.00
2025/08/11	7.380	7.388	7.373	7.377	192101	1417806.00
2025/08/12	7.377	7.401	7.376	7.382	505369	3730189.00
2025/08/13	7.382	7.382	7.366	7.368	436235	3214642.00
2025/08/14	7.368	7.368	7.335	7.340	1263760	9280318.00
2025/08/15	7.340	7.355	7.318	7.323	985811	7219079.00
2025/08/18	7.322	7.322	7.175	7.187	1788211	12890500.00
2025/08/19	7.187	7.221	7.157	7.158	832061	5973782.00
2025/08/20	7.158	7.205	7.140	7.189	1361924	9785679.00
2025/08/21	7.190	7.210	7.181	7.202	1230119	8860661.00
2025/08/22	7.202	7.220	7.178	7.212	597422	4304800.00
2025/08/25	7.212	7.212	7.182	7.190	1413255	10164356.00
2025/08/26	7.190	7.288	7.170	7.285	945352	6839079.00
2025/08/27	7.287	7.295	7.255	7.288	1262658	9199504.00
2025/08/28	7.288	7.288	7.217	7.218	513483	3724853.00
2025/08/29	7.217	7.217	7.178	7.188	664860	4778186.00
2025/09/01	7.187	7.188	7.168	7.172	439926	3156248.00
2025/09/02	7.169	7.197	7.169	7.180	296310	2127877.00
2025/09/03	7.186	7.199	7.180	7.198	1209570	8698744.00
2025/09/04	7.198	7.300	7.186	7.284	1049972	7629925.00
2025/09/05	7.284	7.400	7.224	7.227	1178564	8605649.00
2025/09/08	7.232	7.260	7.199	7.199	842128	6076525.00
2025/09/09	7.220	7.228	7.153	7.179	829553	5952569.00
2025/09/10	7.178	7.186	7.177	7.178	1346756	9671401.00
2025/09/11	7.178	7.178	7.161	7.169	1502597	10774664.00
2025/09/12	7.168	7.175	7.155	7.156	1491368	10686997.00
2025/09/15	7.156	7.184	7.155	7.166	796922	5709803.00
2025/09/16	7.166	7.189	7.143	7.147	1379543	9872303.00
2025/09/17	7.147	7.150	7.143	7.144	493703	3527694.00
2025/09/18	7.144	7.150	7.128	7.129	1433030	10230156.00
2025/09/19	7.133	7.133	7.110	7.120	1182608	8427074.00
2025/09/22	7.120	7.120	7.070	7.071	695135	4931247.00
2025/09/23	7.071	7.071	7.011	7.015	897850	6307959.00
2025/09/24	7.015	7.040	7.015	7.022	1518122	10664884.00
2025/09/25	7.022	7.031	6.994	6.994	1588522	11123535.00
2025/09/26	6.994	7.025	6.990	6.998	1433618	10042415.00
2025/09/29	6.998	7.005	6.993	6.994	643048	4500471.00
2025/09/30	6.994	7.002	6.993	6.994	740079	5177924.00
2025/10/09	6.994	6.998	6.988	6.990	1701915	11896801.00
2025/10/10	6.990	6.990	6.960	6.960	1557545	10869196.00
2025/10/13	6.957	6.965	6.947	6.952	516135	3589768.00
2025/10/14	6.951	6.951	6.921	6.924	1449612	10042469.00
2025/10/15	6.923	6.925	6.880	6.880	735052	5068861.00
2025/10/16	6.880	6.880	6.820	6.827	842832	5766096.00
2025/10/17	6.827	6.827	6.751	6.772	826650	5603154.00
2025/10/20	6.772	6.866	6.772	6.847	607196	4155058.00
2025/10/21	6.847	6.847	6.812	6.833	1416016	9672780.00
2025/10/22	6.833	6.861	6.833	6.837	631981	4327485.00
2025/10/23	6.837	6.895	6.830	6.867	1441888	9887409.00
2025/10/24	6.867	7.019	6.867	6.991	1078648	7505107.00
2025/10/27	7.010	7.019	6.940	6.962	404871	2822534.00
2025/10/28	6.957	7.000	6.957	6.977	708977	4947591.00
2025/10/29	7.000	7.000	6.903	6.930	785088	5463538.00
2025/10/30	6.935	6.978	6.846	6.848	1155720	7970853.00
2025/10/31	6.874	6.880	6.826	6.849	719960	4926512.00
2025/11/03	6.849	6.907	6.843	6.884	1058156	7286904.00
2025/11/04	6.883	6.930	6.846	6.852	1647589	11311392.00
2025/11/05	6.852	6.950	6.830	6.948	978130	6761405.00
2025/11/06	6.950	6.973	6.928	6.959	695060	4830975.00
2025/11/07	6.961	7.030	6.961	7.011	1510789	10570861.00
2025/11/10	7.040	7.040	7.010	7.031	1429656	10033826.00
2025/11/11	7.031	7.096	7.027	7.083	1016607	7189653.00
2025/11/12	7.083	7.168	7.060	7.064	1334526	9490539.00
2025/11/13	7.035	7.156	7.035	7.129	2512441	17928492.00
2025/11/14	7.150	7.150	7.118	7.134	1679004	11977486.00
2025/11/17	7.134	7.134	7.080	7.117	759880	5407610.00
2025/11/18	7.131	7.133	7.080	7.125	589789	4201119.00
2025/11/19	7.120	7.140	7.100	7.137	902538	6436595.00
2025/11/20	7.137	7.139	7.110	7.126	268590	1914674.00
2025/11/21	7.126	7.126	7.032	7.047	1129379	7974958.00
2025/11/24	7.046	7.047	6.980	6.989	1721734	12042835.00
2025/11/25	6.991	7.025	6.928	6.962	1214912	8483761.00
2025/11/26	6.962	6.983	6.935	6.972	1254372	8741696.00
2025/11/27	6.972	6.972	6.943	6.947	2085859	14497585.00
2025/11/28	6.989	7.001	6.890	6.899	1772647	12284040.00
2025/12/01	6.929	6.929	6.790	6.802	2052433	14042409.00
2025/12/02	6.802	6.841	6.730	6.744	2634967	17826176.00
2025/12/03	6.758	6.758	6.711	6.728	1899532	12776538.00
2025/12/04	6.737	6.739	6.600	6.605	3042835	20317656.00
2025/12/05	6.607	6.607	6.470	6.500	3569282	23219928.00
2025/12/08	6.500	6.532	6.366	6.390	2842081	18242372.00
2025/12/09	6.390	6.395	6.031	6.192	6233650	38647488.00
2025/12/10	6.175	6.379	6.047	6.274	2834228	17580832.00
2025/12/11	6.271	6.287	6.225	6.246	1845413	11516958.00
2025/12/12	6.273	6.274	6.185	6.194	981420	6104150.00
2025/12/15	6.194	6.194	6.028	6.059	2661505	16139502.00
2025/12/16	6.072	6.362	6.072	6.353	3151328	19620298.00
2025/12/17	6.366	6.399	6.278	6.319	2116890	13464878.00
2025/12/18	6.320	6.370	6.238	6.246	1752725	10989750.00
2025/12/19	5.880	5.880	5.680	5.690	4127560	23589408.00
2025/12/22	5.690	5.690	5.550	5.553	3004659	16783640.00
2025/12/23	5.552	5.580	5.400	5.415	5143246	28161048.00
2025/12/24	5.415	5.680	5.320	5.607	5927086	32527942.00
2025/12/25	5.608	5.737	5.600	5.686	2374117	13503724.00
2025/12/26	5.685	5.732	5.574	5.619	1917813	10802268.00
2025/12/29	5.621	5.647	5.519	5.535	1969849	10953577.00
2025/12/30	5.535	5.563	5.470	5.536	3049816	16772522.00
2025/12/31	5.547	5.661	5.547	5.653	1372200	7710762.00
2026/01/05	5.653	5.701	5.638	5.673	2177854	12380955.00
2026/01/06	5.677	5.702	5.590	5.620	2409454	13541766.00
2026/01/07	5.618	5.660	5.583	5.644	2146206	12043161.00
2026/01/08	5.659	5.699	5.645	5.649	1862430	10554559.00
2026/01/09	5.652	5.687	5.645	5.657	2670880	15136566.00
2026/01/12	5.657	5.683	5.596	5.645	1374071	7726411.00
2026/01/13	5.644	5.663	5.622	5.651	2050652	11580550.00
2026/01/14	5.656	5.690	5.636	5.651	1964485	11129720.00
2026/01/15	5.658	5.674	5.635	5.660	1314742	7417037.00
2026/01/16	5.660	5.710	5.642	5.700	1644280	9354710.00
2026/01/19	5.700	5.775	5.681	5.753	2049230	11781921.00
2026/01/20	5.755	5.784	5.755	5.775	1183620	6837230.00
2026/01/21	5.786	5.820	5.733	5.815	1237755	7155655.00
2026/01/22	5.812	5.870	5.775	5.811	1634252	9538638.00
2026/01/23	5.811	5.840	5.793	5.794	1710393	9927701.00
2026/01/26	5.796	5.797	5.741	5.762	1173118	6756030.00
2026/01/27	5.773	5.797	5.751	5.796	716931	4139725.00
2026/01/28	5.795	5.851	5.791	5.847	1415605	8237866.00
2026/01/29	5.848	5.917	5.848	5.904	1128082	6644109.00
2026/01/30	5.907	5.954	5.883	5.917	1281816	7593385.00
2026/02/02	5.933	5.940	5.833	5.846	1654818	9703343.00
2026/02/03	5.845	5.874	5.820	5.848	687293	4013029.00
2026/02/04	5.847	5.895	5.839	5.885	1282011	7524473.00
2026/02/05	5.885	5.900	5.857	5.861	858163	5038346.00
2026/02/06	5.861	5.877	5.840	5.847	1172390	6867732.00
2026/02/09	5.847	5.848	5.805	5.839	1677043	9755812.00
2026/02/10	5.831	5.885	5.831	5.878	1029776	6037341.00
2026/02/11	5.880	5.898	5.860	5.887	924659	5444075.00
2026/02/12	5.886	5.900	5.880	5.881	995722	5863709.00
2026/02/13	5.881	5.900	5.880	5.895	1103798	6502267.00
2026/02/24	5.895	5.909	5.887	5.891	1466234	8647440.00
2026/02/25	5.888	5.900	5.850	5.889	794209	4674987.00
2026/02/26	5.889	5.897	5.880	5.884	1352289	7962279.00
2026/02/27	5.884	5.892	5.830	5.838	1499834	8766977.00
2026/03/02	5.832	5.832	5.733	5.752	1938298	11189572.00
2026/03/03	5.750	5.750	5.660	5.698	1105725	6297853.00
2026/03/04	5.692	5.692	5.649	5.653	1196812	6784489.00
2026/03/05	5.670	5.685	5.653	5.675	601435	3412204.00
2026/03/06	5.685	5.705	5.685	5.699	725848	4136450.00
2026/03/09	5.700	5.703	5.671	5.673	730455	4149014.00
2026/03/10	5.671	5.671	5.641	5.644	1362927	7704994.00
2026/03/11	5.644	5.675	5.617	5.625	1133577	6379778.00
2026/03/12	5.624	5.642	5.614	5.630	749224	4216341.00
2026/03/13	5.630	5.699	5.630	5.697	881583	5008138.00
2026/03/16	5.699	5.737	5.698	5.706	907001	5184813.00
2026/03/17	5.704	5.735	5.704	5.728	953769	5458236.00
2026/03/18	5.728	5.780	5.719	5.751	1508029	8671919.00
2026/03/19	5.751	5.789	5.736	5.771	983160	5667643.00
2026/03/20	5.769	5.832	5.768	5.812	1290501	7500021.00
2026/03/23	5.812	5.812	5.645	5.684	2098960	11962384.00
2026/03/24	5.683	5.700	5.680	5.685	880950	5010584.00
2026/04/03	5.635	5.650	5.629	5.642	718636	4051153.00
#Ъ§ОнРДдД:ЭЈДяаХ
