508017 »ӘПДҪрГҜЙМТөREIT ИХПЯ І»ёҙИЁ
      ИХЖЪ	    ҝӘЕМ	    ЧоёЯ	    ЧоөН	    КХЕМ	    іЙҪ»Бҝ	    іЙҪ»¶о
2024/03/12	2.671	2.689	2.571	2.685	8756910	23317308.00
2024/03/13	2.673	2.688	2.630	2.686	1723433	4605943.00
2024/03/14	2.674	2.687	2.674	2.685	1433837	3842730.00
2024/03/15	2.672	2.685	2.670	2.683	2750138	7354678.00
2024/03/18	2.673	2.680	2.669	2.673	2953779	7892107.00
2024/03/19	2.670	2.675	2.629	2.646	676400	1788740.00
2024/03/20	2.610	2.650	2.610	2.629	1033659	2712775.00
2024/03/21	2.629	2.629	2.548	2.550	1276562	3283251.00
2024/03/22	2.548	2.548	2.475	2.490	996944	2488945.00
2024/03/25	2.478	2.490	2.418	2.435	1216251	2981358.00
2024/03/26	2.430	2.485	2.401	2.411	1718535	4165878.00
2024/03/27	2.419	2.458	2.398	2.453	1696941	4139978.00
2024/03/28	2.453	2.502	2.447	2.474	513666	1267184.00
2024/03/29	2.474	2.474	2.450	2.451	545821	1340310.00
2024/04/01	2.454	2.457	2.445	2.450	163467	400250.00
2024/04/02	2.450	2.456	2.440	2.456	473147	1157995.00
2024/04/03	2.451	2.460	2.445	2.454	887973	2176009.00
2024/04/08	2.446	2.460	2.440	2.449	917833	2250050.00
2024/04/09	2.449	2.464	2.444	2.457	1925918	4721773.00
2024/04/10	2.451	2.516	2.451	2.515	1626378	4009718.00
2024/04/11	2.512	2.566	2.512	2.550	1483054	3758510.00
2024/04/12	2.554	2.556	2.521	2.551	1055472	2687245.00
2024/04/15	2.550	2.550	2.537	2.537	464380	1179545.00
2024/04/16	2.539	2.543	2.496	2.525	323402	814263.00
2024/04/17	2.520	2.541	2.519	2.532	342404	866206.00
2024/04/18	2.529	2.537	2.529	2.533	420700	1065521.00
2024/04/19	2.530	2.531	2.520	2.529	126093	318413.00
2024/04/22	2.521	2.532	2.513	2.520	116622	294177.00
2024/04/23	2.520	2.529	2.506	2.527	356108	897102.00
2024/04/24	2.519	2.533	2.519	2.521	38917	98339.00
2024/04/25	2.530	2.547	2.516	2.539	972041	2465293.00
2024/04/26	2.539	2.644	2.539	2.640	4924458	12906349.00
2024/04/29	2.642	2.695	2.642	2.688	2314933	6201074.00
2024/04/30	2.690	2.690	2.650	2.680	383287	1026253.00
2024/05/06	2.661	2.696	2.648	2.692	773641	2073148.00
2024/05/07	2.692	2.780	2.667	2.760	1623382	4437453.00
2024/05/08	2.760	2.784	2.736	2.762	382062	1054445.00
2024/05/09	2.723	2.769	2.723	2.748	1340364	3695753.00
2024/05/10	2.748	2.760	2.711	2.746	655964	1803466.00
2024/05/13	2.740	2.790	2.739	2.765	1221374	3381014.00
2024/05/14	2.765	2.780	2.754	2.779	818264	2262675.00
2024/05/15	2.764	2.776	2.759	2.769	299592	829617.00
2024/05/16	2.747	2.775	2.731	2.766	203473	562974.00
2024/05/17	2.766	2.769	2.729	2.764	170508	471223.00
2024/05/20	2.755	2.779	2.729	2.769	1030705	2850266.00
2024/05/21	2.768	2.776	2.734	2.768	350029	969266.00
2024/05/22	2.768	2.768	2.750	2.756	826597	2278281.00
2024/05/23	2.731	2.754	2.684	2.694	1724384	4677831.00
2024/05/24	2.680	2.710	2.677	2.695	645527	1741195.00
2024/05/27	2.700	2.709	2.696	2.697	809257	2187593.00
2024/05/28	2.696	2.797	2.690	2.718	1622820	4394307.00
2024/05/29	2.678	2.754	2.672	2.711	1517497	4107168.00
2024/05/30	2.685	2.711	2.685	2.697	1403733	3796965.00
2024/05/31	2.680	2.711	2.675	2.694	571561	1533292.00
2024/06/03	2.656	2.709	2.656	2.708	1018162	2755788.00
2024/06/04	2.669	2.736	2.669	2.735	1396941	3781301.00
2024/06/05	2.734	2.734	2.708	2.721	857321	2330312.00
2024/06/06	2.703	2.731	2.701	2.715	1380625	3753242.00
2024/06/07	2.680	2.712	2.680	2.691	228860	615845.00
2024/06/11	2.688	2.693	2.675	2.675	132226	353972.00
2024/06/12	2.665	2.681	2.633	2.680	486752	1290492.00
2024/06/13	2.668	2.719	2.668	2.690	672231	1809415.00
2024/06/14	2.678	2.730	2.652	2.730	2043221	5523301.00
2024/06/17	2.731	2.731	2.691	2.724	1290718	3501182.00
2024/06/18	2.700	2.773	2.700	2.729	1603185	4371125.00
2024/06/19	2.703	2.717	2.700	2.705	317311	858816.00
2024/06/20	2.693	2.713	2.683	2.704	1027625	2777629.00
2024/06/21	2.697	2.710	2.690	2.705	582875	1571617.00
2024/06/24	2.690	2.709	2.690	2.694	913395	2463463.00
2024/06/25	2.692	2.702	2.678	2.689	1129865	3037562.00
2024/06/26	2.680	2.681	2.655	2.661	5539632	14760331.00
2024/06/27	2.661	2.699	2.651	2.689	1406240	3754722.00
2024/06/28	2.676	2.691	2.676	2.681	438609	1177569.00
2024/07/01	2.680	2.682	2.661	2.674	135663	362603.00
2024/07/02	2.683	2.685	2.661	2.685	619722	1659711.00
2024/07/03	2.679	2.705	2.679	2.698	1164652	3137126.00
2024/07/04	2.696	2.697	2.670	2.687	699893	1880873.00
2024/07/05	2.694	2.695	2.670	2.682	137424	368497.00
2024/07/08	2.681	2.682	2.670	2.682	41528	110990.00
2024/07/09	2.685	2.718	2.670	2.671	1228583	3305226.00
2024/07/10	2.657	2.685	2.657	2.684	47932	128398.00
2024/07/11	2.683	2.683	2.666	2.681	282077	755428.00
2024/07/12	2.650	2.680	2.650	2.679	424002	1134329.00
2024/07/15	2.679	2.681	2.670	2.678	1004733	2687645.00
2024/07/16	2.672	2.682	2.670	2.674	582166	1558390.00
2024/07/17	2.694	2.694	2.671	2.673	697142	1866108.00
2024/07/18	2.674	2.682	2.674	2.681	1162156	3113450.00
2024/07/19	2.664	2.680	2.664	2.678	199880	535039.00
2024/07/22	2.672	2.679	2.669	2.677	436725	1168479.00
2024/07/23	2.667	2.678	2.667	2.675	227194	607650.00
2024/07/24	2.672	2.680	2.661	2.664	910627	2427743.00
2024/07/25	2.666	2.666	2.653	2.657	457052	1216656.00
2024/07/26	2.667	2.671	2.661	2.667	610998	1629138.00
2024/07/29	2.667	2.678	2.663	2.667	630900	1685199.00
2024/07/30	2.638	2.715	2.638	2.704	1891016	5073965.00
2024/07/31	2.705	2.714	2.672	2.708	946567	2560732.00
2024/08/01	2.687	2.724	2.687	2.709	1615854	4367480.00
2024/08/02	2.705	2.733	2.685	2.716	1581905	4284168.00
2024/08/05	2.680	2.749	2.680	2.744	1200099	3270935.00
2024/08/06	2.727	2.747	2.727	2.732	1671999	4569144.00
2024/08/07	2.727	2.797	2.718	2.781	2043241	5653795.00
2024/08/08	2.780	2.823	2.730	2.750	2980589	8292434.00
2024/08/09	2.712	2.750	2.712	2.733	1137219	3103151.00
2024/08/12	2.716	2.747	2.715	2.737	988056	2704621.00
2024/08/13	2.737	2.740	2.725	2.731	975614	2663690.00
2024/08/14	2.699	2.699	2.668	2.675	1551904	4158863.00
2024/08/15	2.672	2.680	2.659	2.663	1298161	3462106.00
2024/08/16	2.660	2.676	2.644	2.652	1538219	4090865.00
2024/08/19	2.651	2.670	2.635	2.642	891843	2362021.00
2024/08/20	2.611	2.646	2.603	2.626	842277	2209077.00
2024/08/21	2.625	2.637	2.604	2.614	1284100	3357846.00
2024/08/22	2.655	2.655	2.583	2.619	1412723	3675193.00
2024/08/23	2.590	2.664	2.590	2.654	1358352	3564669.00
2024/08/26	2.657	2.657	2.635	2.636	1391100	3675220.00
2024/08/27	2.630	2.630	2.603	2.603	522000	1363289.00
2024/08/28	2.603	2.640	2.594	2.638	1351609	3536173.00
2024/08/29	2.638	2.660	2.615	2.635	1122888	2963881.00
2024/08/30	2.637	2.637	2.622	2.635	1883008	4955002.00
2024/09/02	2.532	2.646	2.532	2.634	644211	1701573.00
2024/09/03	2.633	2.633	2.615	2.630	510439	1338895.00
2024/09/04	2.629	2.630	2.616	2.620	1080052	2829148.00
2024/09/05	2.619	2.650	2.616	2.650	835461	2196199.00
2024/09/06	2.649	2.659	2.634	2.640	1219372	3222721.00
2024/09/09	2.640	2.659	2.610	2.641	909952	2383739.00
2024/09/10	2.638	2.662	2.629	2.637	2162456	5718528.00
2024/09/11	2.640	2.640	2.612	2.613	650552	1703460.00
2024/09/12	2.615	2.615	2.591	2.599	868852	2266161.00
2024/09/13	2.595	2.606	2.591	2.595	408800	1061610.00
2024/09/18	2.590	2.590	2.575	2.576	496205	1280236.00
2024/09/19	2.576	2.610	2.575	2.597	385356	1000697.00
2024/09/20	2.590	2.603	2.588	2.601	219852	572001.00
2024/09/23	2.590	2.604	2.580	2.590	27132	70446.00
2024/09/24	2.590	2.620	2.590	2.620	604383	1573529.00
2024/09/25	2.621	2.628	2.607	2.626	1603905	4193837.00
2024/09/26	2.627	2.650	2.613	2.639	1648995	4324721.00
2024/09/27	2.621	2.640	2.601	2.609	389999	1019350.00
2024/09/30	2.605	2.609	2.593	2.602	605140	1573440.00
2024/10/08	2.597	2.625	2.593	2.597	1261575	3285327.00
2024/10/09	2.600	2.611	2.597	2.604	698675	1818187.00
2024/10/10	2.615	2.620	2.576	2.576	910796	2359532.00
2024/10/11	2.577	2.588	2.558	2.567	644502	1657200.00
2024/10/14	2.560	2.564	2.548	2.551	1199650	3064245.00
2024/10/15	2.546	2.562	2.537	2.554	2165600	5529214.00
2024/10/16	2.559	2.569	2.556	2.568	1758361	4505567.00
2024/10/17	2.567	2.567	2.546	2.549	1737200	4440598.00
2024/10/18	2.540	2.557	2.540	2.544	1747023	4450407.00
2024/10/21	2.544	2.544	2.531	2.533	961136	2435037.00
2024/10/22	2.530	2.531	2.497	2.510	2674468	6714677.00
2024/10/23	2.510	2.536	2.491	2.536	1922056	4846487.00
2024/10/24	2.530	2.535	2.518	2.530	869760	2198494.00
2024/10/25	2.526	2.550	2.523	2.549	998956	2533301.00
2024/10/28	2.549	2.581	2.549	2.571	2421664	6225063.00
2024/10/29	2.560	2.588	2.559	2.588	2257256	5825256.00
2024/10/30	2.585	2.592	2.575	2.582	705665	1824045.00
2024/10/31	2.575	2.582	2.571	2.581	671035	1729992.00
2024/11/01	2.580	2.586	2.577	2.579	578052	1492640.00
2024/11/04	2.579	2.589	2.577	2.583	666366	1719825.00
2024/11/05	2.570	2.591	2.570	2.579	875352	2260762.00
2024/11/06	2.578	2.579	2.561	2.579	654522	1684126.00
2024/11/07	2.579	2.590	2.575	2.578	600804	1549664.00
2024/11/08	2.578	2.582	2.565	2.565	976000	2510047.00
2024/11/11	2.560	2.587	2.560	2.578	1327733	3417859.00
2024/11/12	2.578	2.602	2.572	2.600	1199160	3108532.00
2024/11/13	2.600	2.602	2.578	2.584	809800	2091790.00
2024/11/14	2.583	2.583	2.566	2.566	439004	1129717.00
2024/11/15	2.566	2.586	2.566	2.582	418409	1078859.00
2024/11/18	2.595	2.604	2.581	2.598	1261776	3271968.00
2024/11/19	2.599	2.622	2.597	2.615	2815831	7360954.00
2024/11/20	2.581	2.592	2.580	2.592	495192	1280430.00
2024/11/21	2.599	2.615	2.592	2.609	662022	1722490.00
2024/11/22	2.609	2.615	2.576	2.597	363852	944620.00
2024/11/25	2.575	2.599	2.575	2.581	669252	1729878.00
2024/11/26	2.581	2.581	2.568	2.568	128000	329469.00
2024/11/27	2.549	2.592	2.541	2.568	982052	2520192.00
2024/11/28	2.566	2.595	2.560	2.579	627019	1613252.00
2024/11/29	2.571	2.615	2.569	2.615	736513	1905189.00
2024/12/02	2.615	2.615	2.584	2.600	994840	2587692.00
2024/12/03	2.580	2.583	2.568	2.568	667125	1717013.00
2024/12/04	2.557	2.577	2.557	2.569	356652	916862.00
2024/12/05	2.581	2.601	2.579	2.581	365708	945307.00
2024/12/06	2.581	2.594	2.578	2.578	771784	1994375.00
2024/12/09	2.575	2.580	2.567	2.580	419652	1080205.00
2024/12/10	2.602	2.602	2.576	2.590	4655322	12026533.00
2024/12/11	2.603	2.688	2.579	2.687	2581581	6772087.00
2024/12/12	2.689	2.775	2.674	2.770	3081511	8444167.00
2024/12/13	2.767	2.767	2.730	2.758	1000069	2760139.00
2024/12/16	2.749	2.795	2.742	2.776	2295753	6352427.00
2024/12/17	2.776	2.825	2.773	2.808	4458397	12531577.00
2024/12/18	2.835	2.835	2.724	2.746	895652	2465039.00
2024/12/19	2.743	2.743	2.710	2.726	1432535	3909384.00
2024/12/20	2.726	2.748	2.710	2.732	827204	2251180.00
2024/12/23	2.711	2.731	2.711	2.731	941250	2565283.00
2024/12/24	2.731	2.776	2.731	2.753	1622252	4467570.00
2024/12/25	2.753	2.800	2.719	2.770	1209689	3359057.00
2024/12/26	2.741	2.785	2.741	2.784	663924	1835865.00
2024/12/27	2.770	2.793	2.751	2.778	1389109	3858159.00
2024/12/30	2.783	2.783	2.755	2.782	1356317	3750429.00
2024/12/31	2.780	2.848	2.764	2.827	587123	1643935.00
2025/01/02	2.800	2.973	2.800	2.920	2929873	8528170.00
2025/01/03	2.920	3.035	2.920	3.030	2690042	8038660.00
2025/01/06	3.030	3.117	2.990	3.019	1349396	4091746.00
2025/01/07	2.980	3.001	2.922	2.951	1167248	3448029.00
2025/01/08	2.911	3.010	2.911	2.998	1447504	4339757.00
2025/01/09	2.998	3.030	2.990	3.001	1378508	4139083.00
2025/01/10	3.028	3.028	2.965	2.978	1139915	3397098.00
2025/01/13	2.978	2.982	2.896	2.921	1056892	3105880.00
2025/01/14	2.910	2.919	2.877	2.878	556674	1610200.00
2025/01/15	2.841	2.927	2.841	2.902	1015500	2931694.00
2025/01/16	2.886	2.902	2.862	2.867	702100	2030094.00
2025/01/17	2.870	2.969	2.870	2.936	1001121	2908324.00
2025/01/20	2.905	3.024	2.896	3.019	899056	2673956.00
2025/01/21	3.019	3.109	2.979	3.002	764722	2293657.00
2025/01/22	3.002	3.124	3.002	3.098	2833333	8714689.00
2025/01/23	3.100	3.220	3.060	3.191	2338506	7387702.00
2025/01/24	3.192	3.287	3.192	3.214	973511	3136350.00
2025/01/27	3.214	3.224	3.190	3.190	294059	943349.00
2025/02/05	3.191	3.224	3.103	3.139	1609700	5113165.00
2025/02/06	3.140	3.175	3.104	3.119	1460703	4566630.00
2025/02/07	3.122	3.139	3.080	3.135	1155600	3617201.00
2025/02/10	3.147	3.293	3.135	3.264	3017697	9606697.00
2025/02/11	3.265	3.274	3.224	3.262	1549139	5053725.00
2025/02/12	3.308	3.308	3.190	3.222	2362952	7599989.00
2025/02/13	3.200	3.252	3.178	3.190	3256056	10422486.00
2025/02/14	3.150	3.240	3.094	3.220	2280561	7206244.00
2025/02/17	3.197	3.239	3.158	3.217	1811508	5833790.00
2025/02/18	3.177	3.249	3.177	3.199	2446313	7857269.00
2025/02/19	3.160	3.241	3.160	3.230	1461869	4699563.00
2025/02/20	3.202	3.274	3.202	3.269	1428147	4626890.00
2025/02/21	3.269	3.329	3.269	3.305	3187348	10523174.00
2025/02/24	3.353	3.353	3.260	3.260	1949733	6424712.00
2025/02/25	3.286	3.289	3.200	3.213	2317532	7535269.00
2025/02/26	3.207	3.245	3.207	3.245	2018666	6510947.00
2025/02/27	3.249	3.267	3.157	3.260	1759200	5651981.00
2025/02/28	3.256	3.585	3.192	3.234	2272480	7342953.00
2025/03/03	3.220	3.250	3.200	3.200	1137352	3673036.00
2025/03/04	3.250	3.259	3.176	3.188	2511780	8079231.00
2025/03/05	3.188	3.202	3.158	3.184	2110204	6728286.00
2025/03/06	3.182	3.182	3.118	3.122	2047041	6441425.00
2025/03/07	3.119	3.122	3.086	3.086	1419352	4405420.00
2025/03/10	3.091	3.097	3.082	3.093	4854792	15004978.00
2025/03/11	3.139	3.140	3.070	3.076	3617309	11245338.00
2025/03/12	3.069	3.135	3.038	3.125	1783774	5526753.00
2025/03/13	3.127	3.167	3.127	3.155	492600	1550236.00
2025/03/14	3.188	3.259	3.151	3.255	1694756	5364846.00
2025/03/17	3.212	3.340	3.212	3.321	2112001	6982039.00
2025/03/18	3.324	3.324	3.272	3.289	1582204	5230541.00
2025/03/19	3.289	3.291	3.239	3.259	1853500	6038439.00
2025/03/20	3.249	3.255	3.211	3.216	3144510	10157098.00
2025/03/21	3.200	3.226	3.200	3.213	2452752	7884394.00
2025/03/24	3.213	3.217	3.188	3.195	1386900	4436045.00
2025/03/25	3.195	3.514	3.185	3.207	1738900	5579458.00
2025/03/26	3.200	3.255	3.191	3.255	2107570	6799589.00
2025/03/27	3.255	3.285	3.222	3.250	2166200	7038444.00
2025/03/28	3.250	3.350	3.250	3.324	1674874	5486375.00
2025/03/31	3.321	3.342	3.241	3.243	1972494	6442299.00
2025/04/01	3.243	3.243	3.210	3.223	992500	3199012.00
2025/04/02	3.225	3.321	3.217	3.319	1341897	4389465.00
2025/04/03	3.318	3.366	3.300	3.365	1841857	6139138.00
2025/04/07	3.364	3.394	3.336	3.379	930168	3122859.00
2025/04/08	3.379	3.384	3.344	3.358	743552	2497870.00
2025/04/09	3.358	3.390	3.342	3.363	1111460	3752428.00
2025/04/10	3.354	3.379	3.354	3.365	1315052	4429661.00
2025/04/11	3.367	3.375	3.361	3.363	902241	3040765.00
2025/04/14	3.356	3.356	3.292	3.314	329300	1091511.00
2025/04/15	3.315	3.320	3.297	3.315	1873200	6204689.00
2025/04/16	3.315	3.350	3.306	3.350	2301483	7650113.00
2025/04/17	3.350	3.397	3.330	3.389	3383283	11446260.00
2025/04/18	3.392	3.420	3.363	3.368	1961644	6626309.00
2025/04/21	3.358	3.360	3.311	3.351	1173509	3901859.00
2025/04/22	3.357	3.400	3.357	3.368	1058498	3566034.00
2025/04/23	3.367	3.373	3.328	3.344	1127900	3792306.00
2025/04/24	3.343	3.343	3.310	3.330	967000	3208870.00
2025/04/25	3.331	3.333	3.310	3.313	1110457	3681281.00
2025/04/28	3.300	3.319	3.286	3.314	1180900	3906688.00
2025/04/29	3.323	3.323	3.290	3.317	1555400	5153245.00
2025/04/30	3.322	3.378	3.317	3.334	1832352	6099768.00
2025/05/06	3.321	3.358	3.294	3.334	444409	1480412.00
2025/05/07	3.334	3.352	3.334	3.345	941485	3143620.00
2025/05/08	3.333	3.338	3.325	3.333	1462300	4874026.00
2025/05/09	3.331	3.398	3.330	3.398	1801500	6042620.00
2025/05/12	3.400	3.447	3.400	3.442	1261552	4326728.00
2025/05/13	3.443	3.509	3.442	3.509	2197362	7639167.00
2025/05/14	3.511	3.581	3.509	3.564	1987209	7057976.00
2025/05/15	3.564	3.608	3.533	3.538	988500	3529769.00
2025/05/16	3.538	3.572	3.538	3.562	693705	2472043.00
2025/05/19	3.559	3.582	3.529	3.558	1330200	4729463.00
2025/05/20	3.544	3.678	3.523	3.678	1311100	4730466.00
2025/05/21	3.693	3.708	3.610	3.661	2839000	10302526.00
2025/05/22	3.646	3.646	3.588	3.599	3029800	10967083.00
2025/05/23	3.611	3.611	3.571	3.596	1523625	5471357.00
2025/05/26	3.590	3.625	3.590	3.618	868960	3130916.00
2025/05/27	3.619	3.620	3.575	3.601	845629	3039857.00
2025/05/28	3.587	3.619	3.587	3.604	828700	2986915.00
2025/05/29	3.603	3.674	3.601	3.660	828400	3006747.00
2025/05/30	3.660	3.733	3.630	3.725	934605	3417443.00
2025/06/03	3.731	3.731	3.693	3.708	1043900	3869476.00
2025/06/04	3.707	3.879	3.645	3.788	1185700	4371226.00
2025/06/05	3.786	3.870	3.720	3.867	2032252	7675939.00
2025/06/06	3.859	3.864	3.796	3.806	2235020	8517162.00
2025/06/09	3.809	3.810	3.753	3.774	1588110	5999053.00
2025/06/10	3.772	3.790	3.750	3.785	1488000	5621052.00
2025/06/11	3.785	3.799	3.746	3.782	1958256	7400336.00
2025/06/12	3.781	3.781	3.748	3.753	1433400	5396024.00
2025/06/13	3.753	3.770	3.753	3.767	1477000	5553831.00
2025/06/16	3.780	3.819	3.752	3.781	1665800	6297678.00
2025/06/17	3.796	3.826	3.762	3.781	1893700	7167009.00
2025/06/18	3.781	3.825	3.727	3.800	2655800	10029214.00
2025/06/19	3.785	3.824	3.784	3.820	1660500	6318829.00
2025/06/20	3.820	3.839	3.800	3.819	3646100	13928603.00
2025/06/23	3.819	3.830	3.808	3.825	2916900	11136586.00
2025/06/24	3.818	3.838	3.748	3.750	2059500	7782203.00
2025/06/25	3.735	3.741	3.673	3.700	2818557	10460257.00
2025/06/26	3.711	3.711	3.649	3.677	2235566	8213385.00
2025/06/27	3.662	3.665	3.597	3.619	3646852	13228535.00
2025/06/30	3.583	3.633	3.583	3.620	2517887	9114625.00
2025/07/01	3.613	3.653	3.613	3.637	3141300	11396573.00
2025/07/02	3.637	3.715	3.637	3.681	6570098	24101724.00
2025/07/03	3.681	3.758	3.670	3.701	3704800	13740967.00
2025/07/04	3.701	3.749	3.653	3.699	2619252	9672057.00
2025/07/07	3.707	3.735	3.644	3.699	2564646	9434492.00
2025/07/08	3.684	3.698	3.652	3.652	1879964	6888513.00
2025/07/09	3.652	3.652	3.590	3.590	1712622	6188640.00
2025/07/10	3.576	3.630	3.562	3.589	1166700	4183227.00
2025/07/11	3.590	3.594	3.553	3.570	2218608	7949410.00
2025/07/14	3.570	3.596	3.535	3.566	1000166	3551322.00
2025/07/15	3.540	3.650	3.527	3.640	2257509	8076457.00
2025/07/16	3.651	3.685	3.582	3.676	1136900	4130076.00
2025/07/17	3.691	3.719	3.644	3.661	1144109	4210585.00
2025/07/18	3.663	3.683	3.616	3.650	1387200	5048582.00
2025/07/21	3.656	3.670	3.612	3.670	1349361	4910524.00
2025/07/22	3.670	3.692	3.637	3.687	1311604	4824206.00
2025/07/23	3.680	3.680	3.595	3.658	5326348	19480490.00
2025/07/24	3.658	3.658	3.608	3.648	2687100	9740604.00
2025/07/25	3.633	3.719	3.610	3.695	1875200	6905582.00
2025/07/28	3.698	3.733	3.645	3.729	3217700	11902248.00
2025/07/29	3.731	3.746	3.683	3.700	1438000	5325740.00
2025/07/30	3.686	3.770	3.678	3.770	1355326	5065510.00
2025/07/31	3.774	3.850	3.774	3.844	2293141	8786365.00
2025/08/01	3.844	3.886	3.787	3.818	1998309	7625625.00
2025/08/04	3.814	3.846	3.728	3.755	1793100	6752801.00
2025/08/05	3.755	3.755	3.608	3.705	6392300	23421624.00
2025/08/06	3.690	3.729	3.651	3.708	2358600	8726955.00
2025/08/07	3.708	3.750	3.698	3.720	1193600	4442319.00
2025/08/08	3.731	3.767	3.715	3.722	1057374	3947635.00
2025/08/11	3.722	3.737	3.687	3.700	1378019	5124722.00
2025/08/12	3.699	3.713	3.675	3.675	551300	2032089.00
2025/08/13	3.675	3.730	3.667	3.678	1083500	3999608.00
2025/08/14	3.674	3.724	3.672	3.672	671004	2474578.00
2025/08/15	3.671	3.687	3.638	3.641	1056000	3873424.00
2025/08/18	3.637	3.637	3.527	3.532	969400	3452498.00
2025/08/19	3.531	3.593	3.484	3.555	3805398	13444502.00
2025/08/20	3.550	3.680	3.550	3.680	4227657	15406858.00
2025/08/21	3.680	3.702	3.608	3.651	4266842	15521762.00
2025/08/22	3.629	3.700	3.602	3.674	1883352	6862754.00
2025/08/25	3.652	3.728	3.546	3.712	1338052	4926127.00
2025/08/26	3.721	3.738	3.685	3.731	2928661	10890012.00
2025/08/27	3.731	3.770	3.731	3.770	882704	3313536.00
2025/08/28	3.778	3.790	3.687	3.733	1304988	4844129.00
2025/08/29	3.724	3.726	3.700	3.722	160404	595203.00
2025/09/01	3.700	3.725	3.698	3.722	654700	2427308.00
2025/09/02	3.700	3.772	3.700	3.767	757813	2823749.00
2025/09/03	3.753	3.843	3.739	3.773	1500019	5688671.00
2025/09/04	3.778	3.778	3.741	3.760	1888971	7081779.00
2025/09/05	3.760	3.799	3.705	3.713	1171973	4366226.00
2025/09/08	3.713	3.726	3.674	3.690	1073800	3969405.00
2025/09/09	3.668	3.752	3.668	3.748	1383109	5163121.00
2025/09/10	3.770	3.770	3.745	3.758	1124600	4223720.00
2025/09/11	3.718	3.860	3.680	3.770	1305109	4919734.00
2025/09/12	3.764	3.798	3.718	3.748	1349100	5076600.00
2025/09/15	3.745	3.824	3.737	3.798	1335709	5038773.00
2025/09/16	3.782	3.828	3.775	3.784	1147404	4344768.00
2025/09/17	3.800	3.826	3.732	3.786	2006700	7579818.00
2025/09/18	3.776	3.789	3.733	3.772	1625900	6127295.00
2025/09/19	3.749	3.793	3.500	3.750	618600	2324180.00
2025/09/22	3.728	3.763	3.681	3.727	608000	2274957.00
2025/09/23	3.705	3.727	3.681	3.717	210026	779912.00
2025/09/24	3.716	3.740	3.700	3.740	112552	418568.00
2025/09/25	3.741	3.749	3.700	3.724	490300	1825178.00
2025/09/26	3.734	3.761	3.700	3.706	470100	1743349.00
2025/09/29	3.697	3.730	3.687	3.706	262603	972615.00
2025/09/30	3.707	3.738	3.700	3.734	110374	410095.00
2025/10/09	3.733	3.768	3.560	3.689	683000	2517393.00
2025/10/10	3.667	3.717	3.649	3.673	639400	2354551.00
2025/10/13	3.690	3.728	3.683	3.711	533100	1975077.00
2025/10/14	3.693	3.730	3.680	3.681	507600	1876653.00
2025/10/15	3.681	3.702	3.641	3.651	482900	1770609.00
2025/10/16	3.651	3.695	3.601	3.627	1694375	6165296.00
2025/10/17	3.636	3.649	3.598	3.608	382800	1381711.00
2025/10/20	3.630	3.680	3.543	3.552	915100	3267376.00
2025/10/21	3.550	3.579	3.480	3.495	1041204	3643391.00
2025/10/22	3.490	3.539	3.483	3.530	805000	2833899.00
2025/10/23	3.509	3.556	3.509	3.550	431656	1528535.00
2025/10/24	3.566	3.659	3.566	3.637	1032130	3737141.00
2025/10/27	3.615	3.667	3.608	3.625	513700	1866993.00
2025/10/28	3.625	3.739	3.594	3.703	1220152	4465219.00
2025/10/29	3.696	3.760	3.652	3.723	776652	2876072.00
2025/10/30	3.713	3.810	3.690	3.715	671752	2500734.00
2025/10/31	3.693	3.706	3.649	3.687	458100	1685710.00
2025/11/03	3.684	3.712	3.621	3.691	1155328	4259302.00
2025/11/04	3.669	3.740	3.637	3.683	2082452	7712290.00
2025/11/05	3.683	3.829	3.652	3.796	2809666	10572618.00
2025/11/06	3.792	3.820	3.792	3.820	761205	2899652.00
2025/11/07	3.820	3.851	3.797	3.850	1219619	4694094.00
2025/11/10	3.854	3.854	3.820	3.850	984200	3785812.00
2025/11/11	3.843	3.913	3.810	3.850	1860700	7171531.00
2025/11/12	3.833	3.897	3.829	3.849	654252	2522696.00
2025/11/13	3.826	3.900	3.809	3.881	985904	3825486.00
2025/11/14	3.902	3.998	3.821	3.989	1962552	7733157.00
2025/11/17	3.988	4.095	3.922	4.000	3841204	15322121.00
2025/11/18	3.964	4.075	3.957	3.989	1082052	4335490.00
2025/11/19	3.969	3.988	3.914	3.937	656361	2579281.00
2025/11/20	3.913	3.946	3.907	3.930	443052	1737657.00
2025/11/21	3.906	4.009	3.882	3.919	260057	1024819.00
2025/11/24	3.905	3.905	3.831	3.865	1031600	3983029.00
2025/11/25	3.827	3.900	3.796	3.898	1622885	6263213.00
2025/11/26	3.899	4.019	3.858	3.919	1810800	7112601.00
2025/11/27	3.920	3.959	3.847	3.855	1042200	4074914.00
2025/11/28	3.876	3.876	3.786	3.820	593479	2271918.00
2025/12/01	3.809	3.838	3.740	3.802	635200	2420360.00
2025/12/02	3.779	3.861	3.726	3.810	1287580	4876108.00
2025/12/03	3.787	3.831	3.743	3.810	947700	3595925.00
2025/12/04	3.814	3.825	3.765	3.806	2534500	9614857.00
2025/12/05	3.783	3.800	3.755	3.772	1883700	7123731.00
2025/12/08	3.759	3.787	3.728	3.763	982300	3699995.00
2025/12/09	3.740	3.814	3.740	3.802	708252	2681214.00
2025/12/10	3.779	3.838	3.767	3.818	1533900	5846005.00
2025/12/11	3.833	3.833	3.812	3.820	343300	1309917.00
2025/12/12	3.821	4.180	3.813	3.870	366114	1423392.00
2025/12/15	3.873	4.009	3.828	3.879	1202652	4670028.00
2025/12/16	3.882	3.989	3.834	3.900	1733800	6753372.00
2025/12/17	3.902	3.946	3.863	3.890	2054504	8003647.00
2025/12/18	3.891	3.906	3.768	3.800	1519200	5803900.00
2025/12/19	3.802	3.816	3.682	3.785	1711904	6386495.00
2025/12/22	3.783	3.785	3.750	3.764	1624300	6110786.00
2025/12/23	3.766	3.896	3.724	3.750	1169700	4394394.00
2025/12/24	3.755	3.863	3.701	3.797	2443500	9269068.00
2025/12/25	3.797	3.842	3.758	3.797	1762428	6730767.00
2025/12/26	3.759	3.829	3.740	3.744	1207100	4539693.00
2025/12/29	3.707	3.759	3.704	3.724	638200	2385305.00
2025/12/30	3.723	3.780	3.715	3.758	736700	2756634.00
2025/12/31	3.759	3.825	3.700	3.798	2019200	7569616.00
2026/01/05	3.797	3.820	3.795	3.801	1048100	3991971.00
2026/01/06	3.803	3.840	3.763	3.830	1419066	5432568.00
2026/01/07	3.856	3.900	3.856	3.880	1769921	6877534.00
2026/01/08	3.883	3.960	3.843	3.942	592209	2322744.00
2026/01/09	3.942	3.980	3.873	3.894	965700	3784372.00
2026/01/12	3.892	3.967	3.812	3.894	503800	1964115.00
2026/01/13	3.890	3.972	3.841	3.903	1082628	4249931.00
2026/01/14	3.903	3.942	3.828	3.919	1034400	4057795.00
2026/01/15	3.919	4.064	3.880	3.920	1720100	6769680.00
2026/01/16	3.926	4.022	3.897	3.935	1939000	7612178.00
2026/01/19	3.935	3.960	3.900	3.952	1069200	4215946.00
2026/01/20	3.928	4.033	3.914	4.014	1683507	6719486.00
2026/01/21	4.016	4.080	4.016	4.050	768356	3110071.00
2026/01/22	4.055	4.150	4.053	4.122	977756	4008104.00
2026/01/23	4.097	4.253	4.097	4.105	2048811	8593869.00
2026/01/26	4.083	4.094	3.986	4.029	1272352	5128871.00
2026/01/27	4.005	4.116	3.998	4.030	2689700	10940940.00
2026/01/28	4.054	4.115	4.006	4.082	980400	3992362.00
2026/01/29	4.058	4.148	4.058	4.125	780300	3211582.00
2026/01/30	4.134	4.206	4.044	4.071	847200	3482453.00
2026/02/02	4.073	4.254	3.965	3.997	1237252	4982204.00
2026/02/03	4.003	4.222	4.001	4.060	1250900	5051448.00
2026/02/04	4.069	4.084	4.011	4.061	2693800	10890938.00
2026/02/05	4.061	4.087	4.020	4.064	1415600	5730289.00
2026/02/06	4.062	4.062	4.023	4.052	1015400	4099280.00
2026/02/09	4.025	4.025	4.000	4.004	702357	2818723.00
2026/02/10	3.949	4.017	3.949	4.010	702200	2807843.00
2026/02/11	4.013	4.074	3.977	4.006	1949200	7848534.00
2026/02/12	4.001	4.038	3.981	4.023	1041000	4193075.00
2026/02/13	4.031	4.031	3.992	3.996	566600	2272299.00
2026/02/24	3.986	4.010	3.940	3.948	857900	3402211.00
2026/02/25	3.927	3.986	3.927	3.964	774952	3067379.00
2026/02/26	3.940	3.962	3.925	3.936	752952	2962377.00
2026/02/27	3.912	3.976	3.910	3.968	1170000	4638112.00
2026/03/02	3.968	3.985	3.931	3.968	1189900	4712853.00
2026/03/03	3.968	4.023	3.936	3.995	1899646	7568916.00
2026/03/04	3.998	3.998	3.931	3.955	1248104	4949721.00
2026/03/05	3.958	3.966	3.890	3.960	964100	3783958.00
2026/03/06	3.954	3.957	3.859	3.867	1394100	5419485.00
2026/03/09	3.856	3.865	3.786	3.786	1403948	5374516.00
2026/03/10	3.774	3.880	3.751	3.824	2014132	7738451.00
2026/03/11	3.803	3.846	3.800	3.837	1074300	4097999.00
2026/03/12	3.801	3.877	3.801	3.818	633659	2424435.00
2026/03/13	3.826	3.867	3.825	3.849	636552	2446142.00
2026/03/16	3.852	3.852	3.810	3.825	647752	2475041.00
2026/03/17	3.829	3.915	3.802	3.910	1029452	3938213.00
2026/03/18	3.916	3.933	3.876	3.926	1125452	4412379.00
2026/03/19	3.930	3.950	3.875	3.928	1104056	4334458.00
2026/03/20	3.933	3.933	3.893	3.914	525800	2054115.00
2026/03/23	3.913	3.928	3.891	3.906	720753	2811741.00
2026/03/24	3.913	3.951	3.910	3.933	1084700	4264453.00
2026/04/03	3.920	3.957	3.881	3.936	761822	2998769.00
#КэҫЭАҙФҙ:НЁҙпРЕ
