508089 빽謳景긴든묏劤콘 휑窟 꼇릿홈
      휑퍅	    역턍	    離멕	    離됴	    澗턍	    냥슥좆	    냥슥띨
2024/07/02	4.462	4.818	4.462	4.744	19507937	89720504.00
2024/07/03	4.740	4.815	4.602	4.744	2288014	10824013.00
2024/07/04	4.700	4.739	4.700	4.721	1861474	8789132.00
2024/07/05	4.677	4.677	4.607	4.660	8111117	37611984.00
2024/07/08	4.651	4.705	4.638	4.705	4029420	18865844.00
2024/07/09	4.665	4.706	4.663	4.668	2635785	12361798.00
2024/07/10	4.618	4.699	4.618	4.687	2767549	12945109.00
2024/07/11	4.683	4.691	4.642	4.661	1934595	9029215.00
2024/07/12	4.625	4.658	4.624	4.647	2223391	10319255.00
2024/07/15	4.646	4.696	4.624	4.680	2612608	12184101.00
2024/07/16	4.680	4.720	4.666	4.701	2278029	10704867.00
2024/07/17	4.729	4.729	4.700	4.704	1553395	7312128.00
2024/07/18	4.738	4.738	4.670	4.686	2034435	9548836.00
2024/07/19	4.686	4.706	4.668	4.704	1766160	8292309.00
2024/07/22	4.704	4.720	4.702	4.717	1933531	9106710.00
2024/07/23	4.717	4.717	4.697	4.708	2800093	13183757.00
2024/07/24	4.677	4.708	4.677	4.695	1439636	6765408.00
2024/07/25	4.697	4.704	4.685	4.702	2331618	10957210.00
2024/07/26	4.704	4.706	4.667	4.706	2255623	10601365.00
2024/07/29	4.704	4.738	4.691	4.705	2136475	10047587.00
2024/07/30	4.725	4.729	4.702	4.705	1955221	9203927.00
2024/07/31	4.700	4.706	4.689	4.693	1295720	6090740.00
2024/08/01	4.703	4.709	4.681	4.709	868032	4074376.00
2024/08/02	4.728	4.728	4.695	4.703	1633578	7690698.00
2024/08/05	4.710	4.794	4.677	4.777	1316330	6236260.00
2024/08/06	4.748	4.881	4.748	4.845	1258303	6024821.00
2024/08/07	4.877	4.980	4.861	4.878	2971156	14653589.00
2024/08/08	4.928	4.980	4.820	4.839	1139143	5563205.00
2024/08/09	4.839	4.840	4.810	4.823	1153115	5560050.00
2024/08/12	4.871	4.871	4.797	4.798	1089169	5237577.00
2024/08/13	4.801	4.820	4.765	4.790	1035572	4977041.00
2024/08/14	4.753	4.888	4.753	4.804	1285802	6174354.00
2024/08/15	4.766	4.889	4.766	4.807	781335	3762433.00
2024/08/16	4.767	4.818	4.767	4.793	879719	4229960.00
2024/08/19	4.792	4.828	4.789	4.801	1162888	5584065.00
2024/08/20	4.789	4.831	4.789	4.805	1900522	9129411.00
2024/08/21	4.804	4.820	4.791	4.809	1871158	8999635.00
2024/08/22	4.877	4.877	4.792	4.800	1062468	5107912.00
2024/08/23	4.801	4.810	4.786	4.799	522200	2506871.00
2024/08/26	4.799	4.809	4.773	4.799	959924	4605090.00
2024/08/27	4.799	4.805	4.796	4.801	379401	1822054.00
2024/08/28	4.790	4.827	4.788	4.813	1598937	7669592.00
2024/08/29	4.785	4.825	4.750	4.794	858947	4119194.00
2024/08/30	4.793	4.793	4.760	4.776	1239603	5919882.00
2024/09/02	4.723	4.795	4.723	4.771	1569553	7488794.00
2024/09/03	4.771	4.790	4.721	4.755	943497	4477888.00
2024/09/04	4.755	4.779	4.755	4.774	1992065	9485191.00
2024/09/05	4.743	4.798	4.743	4.787	945326	4521996.00
2024/09/06	4.749	4.806	4.749	4.803	1391709	6677656.00
2024/09/09	4.807	4.820	4.777	4.811	1320955	6344887.00
2024/09/10	4.845	4.847	4.779	4.805	770633	3705563.00
2024/09/11	4.805	4.810	4.767	4.773	2030600	9749258.00
2024/09/12	4.762	4.779	4.718	4.730	2166107	10293915.00
2024/09/13	4.735	4.798	4.683	4.787	1230511	5877168.00
2024/09/18	4.787	4.844	4.734	4.791	1664863	7981152.00
2024/09/19	4.794	4.818	4.722	4.791	2281606	10959693.00
2024/09/20	4.790	4.800	4.777	4.794	2623177	12554859.00
2024/09/23	4.777	4.847	4.777	4.799	1627900	7832786.00
2024/09/24	4.822	4.850	4.753	4.761	1836717	8805306.00
2024/09/25	4.750	4.840	4.750	4.800	1870246	8983225.00
2024/09/26	4.762	4.835	4.762	4.821	1552143	7467189.00
2024/09/27	4.797	4.820	4.778	4.810	328057	1577025.00
2024/09/30	4.761	4.801	4.610	4.796	743326	3531856.00
2024/10/08	4.771	4.794	4.700	4.786	1866111	8854323.00
2024/10/09	4.769	4.795	4.721	4.769	2012787	9623646.00
2024/10/10	4.721	4.795	4.721	4.786	943711	4505231.00
2024/10/11	4.808	4.810	4.785	4.799	1405864	6755487.00
2024/10/14	4.799	4.874	4.782	4.832	1489653	7166575.00
2024/10/15	4.832	4.874	4.830	4.848	1542590	7481484.00
2024/10/16	4.808	4.873	4.800	4.814	1549502	7490841.00
2024/10/17	4.815	4.825	4.779	4.785	1493452	7166220.00
2024/10/18	4.809	4.809	4.746	4.758	1648042	7848481.00
2024/10/21	4.758	4.793	4.758	4.777	2187009	10456584.00
2024/10/22	4.800	4.807	4.777	4.780	1265752	6055085.00
2024/10/23	4.780	4.788	4.765	4.767	1211505	5780729.00
2024/10/24	4.779	4.780	4.766	4.770	902608	4309164.00
2024/10/25	4.770	4.776	4.730	4.759	819507	3904701.00
2024/10/28	4.726	4.833	4.726	4.787	1608582	7710436.00
2024/10/29	4.787	4.788	4.751	4.763	683349	3262666.00
2024/10/30	4.764	4.803	4.761	4.785	749621	3588129.00
2024/10/31	4.809	4.835	4.762	4.810	987665	4748906.00
2024/11/01	4.800	4.820	4.771	4.798	1058793	5083944.00
2024/11/04	4.798	4.814	4.760	4.773	549300	2632233.00
2024/11/05	4.789	4.789	4.744	4.774	1717559	8191668.00
2024/11/06	4.760	4.797	4.760	4.780	881111	4214887.00
2024/11/07	4.780	4.791	4.772	4.781	484863	2318094.00
2024/11/08	4.781	4.815	4.749	4.809	1710165	8205822.00
2024/11/11	4.809	4.834	4.790	4.806	1600789	7717017.00
2024/11/12	4.806	4.848	4.806	4.821	945425	4563695.00
2024/11/13	4.863	4.887	4.800	4.861	1129101	5469050.00
2024/11/14	4.869	4.894	4.869	4.878	273057	1332431.00
2024/11/15	4.888	4.888	4.850	4.870	683719	3329820.00
2024/11/18	4.870	4.870	4.840	4.841	523429	2540824.00
2024/11/19	4.840	4.866	4.836	4.855	1039735	5045288.00
2024/11/20	4.876	4.880	4.841	4.856	1039067	5035705.00
2024/11/21	4.840	4.945	4.840	4.871	430000	2091262.00
2024/11/22	4.852	4.907	4.852	4.895	435000	2125408.00
2024/11/25	4.894	4.924	4.825	4.830	661005	3203345.00
2024/11/26	4.820	4.851	4.801	4.822	587162	2825600.00
2024/11/27	4.782	4.850	4.782	4.822	69063	333024.00
2024/11/28	4.822	4.871	4.790	4.849	222602	1073870.00
2024/11/29	4.851	4.897	4.809	4.859	455246	2211775.00
2024/12/02	4.831	4.890	4.831	4.884	538489	2623521.00
2024/12/03	4.851	5.000	4.845	4.888	617167	3014291.00
2024/12/04	4.851	4.937	4.851	4.872	155118	760176.00
2024/12/05	4.851	4.891	4.840	4.856	247428	1204011.00
2024/12/06	4.831	4.868	4.831	4.859	639005	3100834.00
2024/12/09	4.831	4.888	4.829	4.884	457207	2217336.00
2024/12/10	4.861	5.130	4.861	5.080	868216	4329824.00
2024/12/11	5.071	5.341	4.990	5.210	855004	4403598.00
2024/12/12	5.215	5.552	5.215	5.350	1366786	7269010.00
2024/12/13	5.110	5.195	5.077	5.160	859376	4433886.00
2024/12/16	5.154	5.207	5.121	5.171	779919	4048172.00
2024/12/17	5.175	5.274	5.084	5.085	1048551	5395654.00
2024/12/18	5.085	5.085	5.030	5.039	871528	4388587.00
2024/12/19	5.010	5.137	4.901	5.046	977602	4884795.00
2024/12/20	5.006	5.164	5.006	5.147	525145	2680222.00
2024/12/23	5.146	5.248	5.107	5.198	824985	4260799.00
2024/12/24	5.164	5.230	5.164	5.189	433262	2257356.00
2024/12/25	5.217	5.217	5.150	5.163	257773	1331957.00
2024/12/26	5.140	5.140	5.106	5.118	399591	2047991.00
2024/12/27	5.080	5.228	5.080	5.102	1058914	5421777.00
2024/12/30	5.150	5.150	5.077	5.089	943983	4810412.00
2024/12/31	5.055	5.088	5.010	5.048	1106591	5611451.00
2025/01/02	5.008	5.197	5.008	5.168	1203200	6158700.00
2025/01/03	5.168	5.500	5.168	5.480	1555373	8357786.00
2025/01/06	5.480	5.649	5.375	5.431	1696001	9262930.00
2025/01/07	5.428	5.428	5.251	5.287	1629357	8608318.00
2025/01/08	5.280	5.336	5.275	5.314	2085869	11059458.00
2025/01/09	5.290	5.391	5.290	5.351	1063081	5684174.00
2025/01/10	5.399	5.400	5.220	5.274	1533798	8088406.00
2025/01/13	5.234	5.290	5.150	5.178	761500	3962346.00
2025/01/14	5.178	5.198	5.052	5.099	950500	4844438.00
2025/01/15	5.098	5.198	5.093	5.197	901900	4647603.00
2025/01/16	5.244	5.298	5.158	5.158	1019800	5295790.00
2025/01/17	5.126	5.313	5.126	5.158	1264628	6550249.00
2025/01/20	5.235	5.235	5.118	5.141	1077408	5535573.00
2025/01/21	5.120	5.188	5.080	5.118	1587231	8103410.00
2025/01/22	5.091	5.260	5.090	5.258	1122100	5785221.00
2025/01/23	5.258	5.345	5.162	5.331	1148303	6093928.00
2025/01/24	5.291	5.396	5.291	5.342	819809	4388236.00
2025/01/27	5.302	5.368	5.254	5.261	495203	2624105.00
2025/02/05	5.284	5.299	5.160	5.232	1239704	6492538.00
2025/02/06	5.228	5.288	5.193	5.276	947131	4971570.00
2025/02/07	5.236	5.298	5.213	5.220	609100	3191139.00
2025/02/10	5.223	5.280	5.196	5.271	1511700	7951786.00
2025/02/11	5.249	5.369	5.249	5.365	1198857	6416802.00
2025/02/12	5.380	5.492	5.380	5.389	1438400	7838125.00
2025/02/13	5.385	5.385	5.264	5.332	1196057	6372760.00
2025/02/14	5.295	5.295	5.251	5.263	1215151	6403265.00
2025/02/17	5.300	5.300	5.240	5.257	1447606	7629319.00
2025/02/18	5.257	5.306	5.257	5.296	1415200	7471842.00
2025/02/19	5.299	5.300	5.241	5.267	1676658	8851339.00
2025/02/20	5.266	5.282	5.228	5.235	1104302	5794144.00
2025/02/21	5.203	5.267	5.180	5.199	1637008	8513344.00
2025/02/24	5.244	5.245	5.136	5.158	1497140	7739257.00
2025/02/25	5.250	5.250	5.069	5.127	1136401	5825939.00
2025/02/26	5.100	5.133	5.054	5.095	2727916	13900975.00
2025/02/27	5.080	5.080	5.024	5.024	1649200	8347132.00
2025/02/28	5.027	5.027	4.902	4.963	1750300	8702356.00
2025/03/03	4.958	5.000	4.950	4.995	886752	4425380.00
2025/03/04	5.079	5.090	4.980	5.074	1674377	8482966.00
2025/03/05	5.074	5.075	5.021	5.034	2833700	14303913.00
2025/03/06	5.034	5.158	5.003	5.011	1990860	10004080.00
2025/03/07	5.011	5.080	4.980	5.078	3197000	15978016.00
2025/03/10	5.080	5.157	5.002	5.146	2182500	11191527.00
2025/03/11	5.140	5.143	5.030	5.083	2438911	12383528.00
2025/03/12	5.081	5.082	5.000	5.037	2351901	11799898.00
2025/03/13	5.037	5.144	5.005	5.121	2816757	14180510.00
2025/03/14	5.100	5.148	4.982	5.111	2504733	12731096.00
2025/03/17	5.071	5.110	5.032	5.053	2635102	13318874.00
2025/03/18	5.057	5.100	5.018	5.066	3846876	19334388.00
2025/03/19	5.064	5.100	5.038	5.088	2198603	11149906.00
2025/03/20	5.089	5.146	5.089	5.138	1888501	9700963.00
2025/03/21	5.138	5.200	5.138	5.197	1479000	7627016.00
2025/03/24	5.200	5.245	5.187	5.224	1549802	8089064.00
2025/03/25	5.224	5.251	5.200	5.212	1507958	7859252.00
2025/03/26	5.212	5.235	5.186	5.213	2121802	11029080.00
2025/03/27	5.214	5.233	5.191	5.230	2736834	14228321.00
2025/03/28	5.230	5.250	5.220	5.250	1291685	6756114.00
2025/03/31	5.250	5.288	5.234	5.248	1786411	9402595.00
2025/04/01	5.247	5.247	5.150	5.154	559700	2910718.00
2025/04/02	5.150	5.245	5.148	5.170	1323202	6839374.00
2025/04/03	5.200	5.290	5.151	5.281	752519	3945706.00
2025/04/07	5.285	5.285	5.200	5.229	888800	4646020.00
2025/04/08	5.299	5.300	5.178	5.202	1189301	6189522.00
2025/04/09	5.171	5.248	5.153	5.177	410300	2119426.00
2025/04/10	5.214	5.255	5.178	5.253	606100	3157601.00
2025/04/11	5.260	5.273	5.239	5.251	1431200	7522530.00
2025/04/14	5.279	5.280	5.237	5.253	357922	1879952.00
2025/04/15	5.248	5.249	5.207	5.244	307500	1609710.00
2025/04/16	5.250	5.324	5.236	5.307	1738216	9200411.00
2025/04/17	5.328	5.361	5.286	5.291	2558700	13651130.00
2025/04/18	5.291	5.291	5.243	5.245	1144000	6004985.00
2025/04/21	5.266	5.346	5.185	5.185	1692900	8809064.00
2025/04/22	5.181	5.230	5.101	5.215	1073110	5557479.00
2025/04/23	5.200	5.234	5.200	5.217	484800	2530303.00
2025/04/24	5.196	5.232	5.196	5.230	64505	337228.00
2025/04/25	5.250	5.289	5.180	5.256	407500	2133597.00
2025/04/28	5.256	5.265	5.233	5.246	2106432	11064424.00
2025/04/29	5.206	5.320	5.178	5.251	761800	3970367.00
2025/04/30	5.249	5.250	5.225	5.230	1882670	9853193.00
2025/05/06	5.251	5.297	5.180	5.204	774900	4042742.00
2025/05/07	5.204	5.254	5.182	5.225	244801	1272965.00
2025/05/08	5.245	5.245	5.190	5.221	1090400	5684614.00
2025/05/09	5.242	5.250	5.215	5.237	2578500	13467532.00
2025/05/12	5.255	5.258	5.235	5.255	1670815	8765409.00
2025/05/13	5.255	5.265	5.239	5.251	1970900	10351733.00
2025/05/14	5.270	5.343	5.238	5.290	3113000	16453164.00
2025/05/15	5.290	5.290	5.248	5.250	2221813	11710891.00
2025/05/16	5.271	5.290	5.237	5.250	1555000	8196265.00
2025/05/19	5.250	5.311	5.248	5.250	1610500	8455814.00
2025/05/20	5.269	5.282	5.246	5.256	1462149	7688520.00
2025/05/21	5.268	5.329	5.250	5.295	1775818	9412223.00
2025/05/22	5.274	5.316	5.256	5.295	4439600	23488390.00
2025/05/23	5.288	5.302	5.260	5.300	3612102	19047748.00
2025/05/26	5.295	5.543	5.295	5.492	2156792	11615759.00
2025/05/27	5.492	5.492	5.362	5.414	1169157	6331772.00
2025/05/28	5.416	5.456	5.360	5.450	1799600	9779662.00
2025/05/29	5.455	5.525	5.443	5.518	984620	5415230.00
2025/05/30	5.530	5.584	5.462	5.526	969000	5354305.00
2025/06/03	5.535	5.628	5.526	5.626	957514	5314209.00
2025/06/04	5.649	5.666	5.589	5.666	1941007	10941483.00
2025/06/05	5.680	5.861	5.674	5.843	1050664	6033218.00
2025/06/06	5.799	5.806	5.723	5.754	748100	4310624.00
2025/06/09	5.754	5.817	5.603	5.615	1308400	7483986.00
2025/06/10	5.593	5.759	5.567	5.741	1790301	10190528.00
2025/06/11	5.723	5.759	5.718	5.732	2141219	12277615.00
2025/06/12	5.732	5.772	5.703	5.705	959466	5524581.00
2025/06/13	5.705	5.782	5.698	5.782	522300	3015800.00
2025/06/16	5.800	6.002	5.759	5.962	1938200	11416573.00
2025/06/17	5.962	6.010	5.813	5.910	883800	5264618.00
2025/06/18	5.934	5.999	5.924	5.942	607613	3602069.00
2025/06/19	5.942	5.949	5.922	5.935	381900	2266408.00
2025/06/20	5.935	5.936	5.879	5.889	1328151	7851295.00
2025/06/23	5.900	5.900	5.842	5.852	884900	5184449.00
2025/06/24	5.856	5.862	5.793	5.814	1250300	7272610.00
2025/06/25	5.822	5.822	5.751	5.765	83200	482751.00
2025/06/26	5.802	5.828	5.783	5.825	2036117	11838671.00
2025/06/27	5.828	5.862	5.828	5.833	2274500	13285310.00
2025/06/30	5.830	5.839	5.800	5.832	2335551	13581224.00
2025/07/01	5.782	5.782	5.603	5.717	1326338	7563044.00
2025/07/02	5.642	5.750	5.605	5.731	3062307	17396790.00
2025/07/03	5.720	5.762	5.662	5.708	1287552	7359453.00
2025/07/04	5.702	5.762	5.701	5.711	792601	4534165.00
2025/07/07	5.720	5.722	5.671	5.706	878000	5000370.00
2025/07/08	5.703	5.742	5.666	5.710	1000400	5694546.00
2025/07/09	5.700	5.741	5.689	5.701	1727800	9857642.00
2025/07/10	5.718	5.738	5.635	5.680	976200	5559536.00
2025/07/11	5.657	5.719	5.645	5.687	576000	3273415.00
2025/07/14	5.664	5.682	5.587	5.589	654700	3696108.00
2025/07/15	5.588	5.606	5.542	5.600	1855700	10368575.00
2025/07/16	5.600	5.659	5.585	5.624	3376500	18979386.00
2025/07/17	5.625	5.626	5.542	5.600	1858888	10416107.00
2025/07/18	5.600	5.620	5.560	5.571	1402551	7817034.00
2025/07/21	5.549	5.549	5.451	5.482	1224100	6752795.00
2025/07/22	5.482	5.515	5.350	5.380	2260739	12226011.00
2025/07/23	5.395	5.395	5.249	5.318	1625818	8623821.00
2025/07/24	5.319	5.319	5.263	5.290	1429100	7565845.00
2025/07/25	5.311	5.320	5.268	5.272	1344205	7108404.00
2025/07/28	5.260	5.358	5.256	5.314	2368803	12518759.00
2025/07/29	5.286	5.339	5.243	5.272	1355400	7177983.00
2025/07/30	5.272	5.335	5.242	5.308	2277800	12007430.00
2025/07/31	5.329	5.349	5.310	5.347	1760900	9378143.00
2025/08/01	5.350	5.351	5.302	5.330	1999005	10660713.00
2025/08/04	5.349	5.362	5.303	5.346	1555600	8313088.00
2025/08/05	5.347	5.356	5.323	5.350	2436101	13024632.00
2025/08/06	5.360	5.360	5.312	5.345	2742205	14635807.00
2025/08/07	5.343	5.355	5.311	5.318	3052100	16253891.00
2025/08/08	5.334	5.334	5.318	5.322	1513095	8054029.00
2025/08/11	5.320	5.358	5.298	5.299	2688400	14293918.00
2025/08/12	5.320	5.320	5.247	5.275	3979200	20966144.00
2025/08/13	5.280	5.291	5.218	5.220	2159600	11333449.00
2025/08/14	5.220	5.220	5.142	5.163	2986441	15416346.00
2025/08/15	5.152	5.182	5.108	5.143	2284825	11767171.00
2025/08/18	5.142	5.176	5.080	5.081	1629000	8340318.00
2025/08/19	5.070	5.070	4.980	4.994	1370379	6874530.00
2025/08/20	4.979	5.091	4.979	5.074	1440755	7270577.00
2025/08/21	5.082	5.138	5.046	5.071	1593800	8128360.00
2025/08/22	5.082	5.119	5.048	5.105	2673244	13553539.00
2025/08/25	5.082	5.118	5.035	5.097	1137700	5779501.00
2025/08/26	5.107	5.160	5.083	5.155	1519500	7788312.00
2025/08/27	5.150	5.247	5.150	5.247	1489401	7763506.00
2025/08/28	5.243	5.243	5.207	5.224	1194302	6233456.00
2025/08/29	5.207	5.247	5.200	5.247	707222	3696528.00
2025/09/01	5.249	5.260	5.224	5.238	2543300	13319632.00
2025/09/02	5.250	5.259	5.213	5.250	1621300	8501425.00
2025/09/03	5.220	5.294	5.220	5.293	1040994	5489438.00
2025/09/04	5.282	5.329	5.268	5.318	1575500	8365191.00
2025/09/05	5.302	5.339	5.282	5.302	1402823	7445652.00
2025/09/08	5.300	5.300	5.262	5.288	415700	2198753.00
2025/09/09	5.288	5.320	5.243	5.314	873300	4618693.00
2025/09/10	5.327	5.402	5.327	5.346	2220200	11864016.00
2025/09/11	5.346	5.380	5.328	5.340	1377800	7361728.00
2025/09/12	5.340	5.345	5.320	5.320	1308000	6974364.00
2025/09/15	5.120	5.120	5.030	5.060	1574802	7984055.00
2025/09/16	5.031	5.088	4.990	4.991	1109802	5592050.00
2025/09/17	4.992	5.010	4.945	4.983	1473538	7317626.00
2025/09/18	4.969	4.982	4.930	4.930	1529500	7587806.00
2025/09/19	4.930	4.981	4.930	4.968	2083100	10332640.00
2025/09/22	4.968	4.988	4.930	4.967	1685400	8338501.00
2025/09/23	4.950	4.988	4.917	4.930	2572629	12713350.00
2025/09/24	4.910	4.963	4.908	4.936	931800	4598005.00
2025/09/25	4.947	4.947	4.910	4.933	839300	4141856.00
2025/09/26	4.948	4.951	4.917	4.944	639100	3155026.00
2025/09/29	4.947	4.974	4.916	4.929	619600	3067159.00
2025/09/30	4.950	4.967	4.891	4.957	969600	4784419.00
2025/10/09	4.964	4.987	4.900	4.918	982000	4868663.00
2025/10/10	4.946	4.960	4.911	4.936	927000	4571752.00
2025/10/13	4.946	4.968	4.918	4.945	730589	3619775.00
2025/10/14	4.948	4.985	4.930	4.976	802555	3981909.00
2025/10/15	4.963	5.005	4.950	5.005	744700	3709931.00
2025/10/16	5.006	5.033	4.942	4.989	1809900	9066790.00
2025/10/17	4.968	5.075	4.932	4.935	1785600	8829096.00
2025/10/20	4.935	4.988	4.890	4.932	1778202	8769481.00
2025/10/21	4.930	4.950	4.880	4.894	2194261	10728353.00
2025/10/22	4.886	4.933	4.880	4.894	2114120	10343917.00
2025/10/23	4.893	4.908	4.871	4.906	1260200	6163033.00
2025/10/24	4.905	4.948	4.877	4.935	1821500	8981757.00
2025/10/27	4.948	4.967	4.894	4.963	945800	4665814.00
2025/10/28	4.964	5.068	4.950	5.066	2133000	10636454.00
2025/10/29	5.031	5.086	5.000	5.066	2234400	11282834.00
2025/10/30	5.066	5.085	5.035	5.069	1567801	7940190.00
2025/10/31	5.069	5.099	5.030	5.091	2305400	11721451.00
2025/11/03	5.100	5.127	5.086	5.090	1668201	8499534.00
2025/11/04	5.090	5.108	5.021	5.023	1960700	9943416.00
2025/11/05	5.030	5.083	5.030	5.068	1121600	5668636.00
2025/11/06	5.068	5.100	5.010	5.098	2094001	10655499.00
2025/11/07	5.097	5.128	5.050	5.098	1367319	6966713.00
2025/11/10	5.099	5.100	5.061	5.099	1215551	6183620.00
2025/11/11	5.097	5.120	5.073	5.105	1147100	5856168.00
2025/11/12	5.105	5.127	5.070	5.122	1334200	6816585.00
2025/11/13	5.128	5.185	5.120	5.162	1353411	6939055.00
2025/11/14	5.146	5.228	5.110	5.219	1672001	8642533.00
2025/11/17	5.228	5.240	5.171	5.176	1632501	8479359.00
2025/11/18	5.176	5.207	5.131	5.152	1809700	9343671.00
2025/11/19	5.150	5.170	5.064	5.133	2126800	10826885.00
2025/11/20	5.108	5.129	5.070	5.092	1574600	8030845.00
2025/11/21	5.070	5.108	5.028	5.105	1463601	7405461.00
2025/11/24	5.090	5.127	4.998	5.059	2808600	14190740.00
2025/11/25	5.030	5.082	4.919	5.027	2504700	12564994.00
2025/11/26	5.009	5.080	4.954	5.076	1845600	9246328.00
2025/11/27	5.050	5.100	5.015	5.048	1944600	9792745.00
2025/11/28	5.028	5.050	4.990	4.996	1577600	7911876.00
2025/12/01	4.996	5.025	4.960	4.988	1795200	8968941.00
2025/12/02	4.998	4.998	4.950	4.983	1060705	5269454.00
2025/12/03	4.968	5.008	4.955	4.975	1718700	8566170.00
2025/12/04	4.970	4.986	4.950	4.984	1367000	6779783.00
2025/12/05	4.954	5.028	4.951	5.005	1025805	5121813.00
2025/12/08	5.005	5.015	4.951	4.962	921614	4605259.00
2025/12/09	4.987	4.988	4.950	4.976	382500	1898038.00
2025/12/10	4.952	4.997	4.952	4.991	743656	3704102.00
2025/12/11	4.994	5.026	4.970	4.989	1279677	6393240.00
2025/12/12	5.007	5.021	4.981	4.991	997030	4980409.00
2025/12/15	4.990	5.010	4.957	4.965	523928	2613364.00
2025/12/16	4.990	4.990	4.969	4.970	218600	1087141.00
2025/12/17	4.989	4.990	4.912	4.973	665102	3285625.00
2025/12/18	4.950	5.008	4.911	4.940	954411	4708981.00
2025/12/19	4.910	4.912	4.733	4.875	3292941	15750511.00
2025/12/22	4.805	4.855	4.730	4.778	1995300	9522088.00
2025/12/23	4.750	4.763	4.571	4.628	2498152	11557814.00
2025/12/24	4.605	4.797	4.530	4.760	2521016	11819470.00
2025/12/25	4.760	4.807	4.690	4.778	1940114	9260450.00
2025/12/26	4.768	4.827	4.731	4.780	468200	2239304.00
2025/12/29	4.775	4.828	4.732	4.758	1060500	5037925.00
2025/12/30	4.787	4.787	4.691	4.720	1516200	7160747.00
2025/12/31	4.723	4.747	4.670	4.724	1318200	6189274.00
2026/01/05	4.726	4.768	4.687	4.724	1615900	7597332.00
2026/01/06	4.708	4.763	4.688	4.746	1421645	6689709.00
2026/01/07	4.770	4.822	4.740	4.821	1011036	4838314.00
2026/01/08	4.821	4.884	4.810	4.884	863901	4207693.00
2026/01/09	4.870	4.909	4.848	4.879	1912701	9316633.00
2026/01/12	4.870	4.900	4.820	4.825	865534	4196640.00
2026/01/13	4.839	4.845	4.770	4.790	1204420	5778896.00
2026/01/14	4.790	4.828	4.766	4.822	699582	3348504.00
2026/01/15	4.810	4.848	4.771	4.827	2491900	11957905.00
2026/01/16	4.827	4.848	4.808	4.830	1416711	6833014.00
2026/01/19	4.825	4.848	4.801	4.815	1901531	9165739.00
2026/01/20	4.815	4.868	4.813	4.820	1564300	7553269.00
2026/01/21	4.813	4.888	4.771	4.885	1250462	6046812.00
2026/01/22	4.870	4.907	4.830	4.889	950916	4638322.00
2026/01/23	4.870	4.948	4.870	4.920	2539400	12477860.00
2026/01/26	4.936	4.940	4.868	4.898	560000	2746825.00
2026/01/27	4.888	4.930	4.815	4.911	4012400	19371994.00
2026/01/28	4.890	4.950	4.863	4.934	3305200	16257526.00
2026/01/29	4.910	4.998	4.891	4.995	1769834	8772835.00
2026/01/30	4.959	5.026	4.955	4.992	2054500	10259139.00
2026/02/02	5.000	5.027	4.970	4.984	550751	2749706.00
2026/02/03	4.990	5.045	4.954	5.037	1790200	8926631.00
2026/02/04	5.037	5.050	4.990	5.039	1514900	7620539.00
2026/02/05	5.018	5.070	5.000	5.048	2676107	13456034.00
2026/02/06	5.030	5.048	5.010	5.021	1495100	7514561.00
2026/02/09	5.020	5.021	5.001	5.016	1047800	5246900.00
2026/02/10	4.990	5.040	4.990	5.039	779601	3905189.00
2026/02/11	5.040	5.088	5.001	5.044	2386800	12006332.00
2026/02/12	5.030	5.068	5.000	5.006	980800	4923280.00
2026/02/13	5.026	5.026	4.919	5.003	796500	3980751.00
2026/02/24	5.003	5.027	4.950	4.985	466900	2328626.00
2026/02/25	4.985	5.027	4.971	4.985	1144701	5707921.00
2026/02/26	4.985	5.024	4.910	4.924	1274774	6329613.00
2026/02/27	4.921	4.954	4.891	4.902	1495600	7341164.00
2026/03/02	4.902	4.950	4.902	4.935	1194500	5880534.00
2026/03/03	4.934	5.005	4.915	4.994	2271929	11255557.00
2026/03/04	4.990	5.025	4.971	4.990	1711700	8538800.00
2026/03/05	4.994	5.030	4.972	5.020	1427000	7141128.00
2026/03/06	5.020	5.043	4.968	4.970	1246419	6242937.00
2026/03/09	4.970	5.027	4.950	4.988	1586400	7910214.00
2026/03/10	4.970	5.027	4.952	5.017	2016900	10032700.00
2026/03/11	4.990	5.028	4.971	4.978	1088600	5429328.00
2026/03/12	4.970	4.970	4.935	4.959	757500	3753312.00
2026/03/13	4.939	4.968	4.932	4.958	770700	3819144.00
2026/03/16	4.958	4.960	4.921	4.921	583301	2882270.00
2026/03/17	4.948	4.948	4.910	4.939	572601	2817777.00
2026/03/18	4.930	4.967	4.928	4.958	906600	4476247.00
2026/03/19	4.969	5.000	4.927	4.966	1006600	4994773.00
2026/03/20	4.960	4.988	4.936	4.950	756006	3745493.00
2026/03/23	4.948	4.979	4.922	4.966	1132800	5588549.00
2026/03/24	4.966	4.988	4.930	4.946	1314200	6515352.00
2026/04/03	4.984	4.996	4.940	4.987	1819100	9044155.00
#鑒앴윱都:繫댐斤
