508006 말벌看눼彊蛟REIT 휑窟 꼇릿홈
      휑퍅	    역턍	    離멕	    離됴	    澗턍	    냥슥좆	    냥슥띨
2021/06/21	3.730	4.070	3.730	3.883	35033334	138462464.00
2021/06/22	3.840	3.908	3.700	3.888	9632223	36672896.00
2021/06/23	3.885	3.929	3.847	3.892	4114733	15998963.00
2021/06/24	3.892	3.900	3.847	3.881	3088634	11942945.00
2021/06/25	3.881	3.891	3.870	3.883	2209823	8560542.00
2021/06/28	3.889	3.889	3.860	3.873	2430708	9408536.00
2021/06/29	3.872	3.872	3.838	3.839	1919394	7387897.00
2021/06/30	3.839	3.840	3.815	3.819	1650908	6308032.00
2021/07/01	3.819	3.879	3.818	3.878	1599858	6140966.00
2021/07/02	3.879	3.897	3.826	3.890	1220026	4699525.00
2021/07/05	3.886	3.888	3.852	3.865	1298172	5014984.00
2021/07/06	3.866	3.866	3.838	3.846	1139976	4383641.00
2021/07/07	3.846	3.846	3.830	3.836	1064870	4082658.00
2021/07/08	3.836	3.837	3.818	3.818	1566949	5993542.00
2021/07/09	3.820	3.850	3.810	3.837	1522330	5823495.00
2021/07/12	3.838	3.859	3.834	3.843	1689097	6494586.00
2021/07/13	3.840	3.846	3.832	3.842	979820	3762292.00
2021/07/14	3.839	3.840	3.822	3.835	683870	2617705.00
2021/07/15	3.835	3.852	3.822	3.850	1011435	3880245.00
2021/07/16	3.851	3.859	3.848	3.858	1517015	5846153.00
2021/07/19	3.856	3.871	3.853	3.868	1645813	6364217.00
2021/07/20	3.869	3.878	3.861	3.876	1059019	4099996.00
2021/07/21	3.877	3.888	3.870	3.877	665854	2580319.00
2021/07/22	3.877	3.885	3.875	3.880	640129	2483257.00
2021/07/23	3.881	3.896	3.881	3.896	806132	3137286.00
2021/07/26	3.896	3.896	3.882	3.889	1256929	4884276.00
2021/07/27	3.889	3.900	3.882	3.891	1525560	5937884.00
2021/07/28	3.890	3.890	3.868	3.881	846366	3285727.00
2021/07/29	3.881	3.887	3.875	3.879	812481	3153943.00
2021/07/30	3.879	3.888	3.875	3.882	735192	2853545.00
2021/08/02	3.883	3.910	3.880	3.908	1385848	5395079.00
2021/08/03	3.903	3.935	3.886	3.931	1113267	4363605.00
2021/08/04	3.931	3.973	3.923	3.968	1421293	5631882.00
2021/08/05	3.969	3.985	3.969	3.984	1069308	4254546.00
2021/08/06	3.985	4.044	3.985	3.995	2316932	9287826.00
2021/08/09	3.994	3.994	3.960	3.976	1047282	4155591.00
2021/08/10	3.976	3.984	3.975	3.980	759476	3023663.00
2021/08/11	3.980	3.980	3.963	3.970	840017	3337614.00
2021/08/12	3.966	3.970	3.954	3.956	963811	3817261.00
2021/08/13	3.956	3.958	3.946	3.949	613257	2423986.00
2021/08/16	3.949	3.962	3.923	3.927	1190037	4682725.00
2021/08/17	3.926	3.928	3.919	3.920	680752	2670225.00
2021/08/18	3.920	3.949	3.911	3.940	630985	2481979.00
2021/08/19	3.942	3.957	3.942	3.952	788257	3113785.00
2021/08/20	3.953	3.963	3.949	3.959	815746	3228120.00
2021/08/23	3.960	3.975	3.949	3.957	961943	3807096.00
2021/08/24	3.957	3.961	3.945	3.959	814380	3221134.00
2021/08/25	3.959	3.968	3.953	3.964	781488	3095710.00
2021/08/26	3.966	4.004	3.966	3.986	1667604	6648404.00
2021/08/27	3.988	4.021	3.980	4.019	1485782	5950936.00
2021/08/30	4.019	4.068	4.019	4.051	3071614	12441325.00
2021/08/31	4.053	4.072	4.040	4.046	1549147	6286101.00
2021/09/01	4.046	4.056	4.013	4.019	1406919	5671396.00
2021/09/02	4.019	4.065	4.015	4.053	1087298	4407667.00
2021/09/03	4.053	4.055	4.013	4.053	687156	2779876.00
2021/09/06	4.053	4.087	4.053	4.055	1816374	7389911.00
2021/09/07	4.066	4.066	4.051	4.055	1141790	4633393.00
2021/09/08	4.055	4.060	4.050	4.054	762508	3091300.00
2021/09/09	4.054	4.065	4.048	4.054	925098	3751101.00
2021/09/10	4.054	4.055	4.037	4.043	880904	3563057.00
2021/09/13	4.044	4.083	4.042	4.076	1510957	6129088.00
2021/09/14	4.076	4.190	4.076	4.186	2181900	9002804.00
2021/09/15	4.188	4.239	4.187	4.202	3314922	13953639.00
2021/09/16	4.204	4.302	4.204	4.233	2477622	10547120.00
2021/09/17	4.233	4.321	4.233	4.315	2104642	9040774.00
2021/09/22	4.315	4.430	4.303	4.426	2403385	10576454.00
2021/09/23	4.426	4.710	4.426	4.547	5464561	25020672.00
2021/09/24	4.547	4.708	4.547	4.663	4864172	22633776.00
2021/09/27	4.663	4.827	4.386	4.433	10042411	46873880.00
2021/09/28	4.432	4.432	4.153	4.256	11289643	47783744.00
2021/09/29	4.250	4.412	4.155	4.360	4716039	20424740.00
2021/09/30	4.361	4.550	4.361	4.536	3017033	13515369.00
2021/10/08	4.544	4.633	4.459	4.519	3622669	16511111.00
2021/10/11	4.519	4.550	4.398	4.482	2890999	12862530.00
2021/10/12	4.477	4.477	4.421	4.438	1278173	5670820.00
2021/10/13	4.438	4.500	4.435	4.456	1468313	6546204.00
2021/10/14	4.457	4.469	4.430	4.436	1477354	6551274.00
2021/10/15	4.436	4.436	4.402	4.409	1627727	7178580.00
2021/10/18	4.410	4.444	4.410	4.419	1089533	4817313.00
2021/10/19	4.419	4.435	4.397	4.435	1389684	6134173.00
2021/10/20	4.435	4.462	4.435	4.461	1314705	5854294.00
2021/10/21	4.462	4.540	4.462	4.540	2241714	10152631.00
2021/10/22	4.542	4.602	4.542	4.601	2333175	10722056.00
2021/10/25	4.603	4.666	4.601	4.657	1915881	8891559.00
2021/10/26	4.662	4.704	4.498	4.552	4672876	21574870.00
2021/10/27	4.549	4.628	4.463	4.600	3320686	15186099.00
2021/10/28	4.600	4.655	4.600	4.653	2486841	11534464.00
2021/10/29	4.657	4.705	4.650	4.704	2811615	13174659.00
2021/11/01	4.705	4.770	4.656	4.675	3159478	14886364.00
2021/11/02	4.668	4.668	4.582	4.589	3144875	14503227.00
2021/11/03	4.587	4.627	4.533	4.568	1956954	8957012.00
2021/11/04	4.567	4.608	4.555	4.600	1856761	8502436.00
2021/11/05	4.600	4.670	4.550	4.669	1913212	8876990.00
2021/11/08	4.669	4.672	4.620	4.645	1322520	6140629.00
2021/11/09	4.645	4.645	4.609	4.619	1010207	4667172.00
2021/11/10	4.621	4.624	4.609	4.618	1116939	5154854.00
2021/11/11	4.618	4.678	4.618	4.665	1656741	7713383.00
2021/11/12	4.664	4.691	4.650	4.683	1572514	7355579.00
2021/11/15	4.683	4.695	4.671	4.686	1342182	6283303.00
2021/11/16	4.686	4.699	4.655	4.686	1340887	6281461.00
2021/11/17	4.686	4.720	4.652	4.716	1766326	8303867.00
2021/11/18	4.717	4.759	4.697	4.737	2108046	10002363.00
2021/11/19	4.737	4.775	4.728	4.772	2203328	10482339.00
2021/11/22	4.771	4.803	4.750	4.757	2434563	11608624.00
2021/11/23	4.757	4.758	4.300	4.687	3688916	17261584.00
2021/11/24	4.679	4.752	4.660	4.727	1831881	8644005.00
2021/11/25	4.700	4.738	4.700	4.725	1558723	7364525.00
2021/11/26	4.725	4.750	4.694	4.724	1337568	6309971.00
2021/11/29	4.691	4.730	4.691	4.727	1401103	6610381.00
2021/11/30	4.729	4.743	4.729	4.737	949758	4496970.00
2021/12/01	4.737	4.748	4.730	4.744	1131949	5363747.00
2021/12/02	4.746	4.800	4.746	4.795	2479514	11879740.00
2021/12/03	4.796	4.839	4.796	4.831	2798980	13509588.00
2021/12/06	4.835	4.845	4.825	4.842	1929799	9339547.00
2021/12/07	4.843	5.001	4.843	4.999	3615197	17724864.00
2021/12/08	4.999	5.100	4.999	5.013	4931044	24869094.00
2021/12/09	5.013	5.068	5.010	5.055	2966052	14957781.00
2021/12/10	5.057	5.086	4.989	5.054	2644495	13306655.00
2021/12/13	5.054	5.097	5.036	5.097	2178891	11058859.00
2021/12/14	5.098	5.272	5.096	5.232	4574169	23807148.00
2021/12/15	5.232	5.438	5.232	5.428	5872129	31513840.00
2021/12/16	5.432	5.586	5.245	5.300	8752317	47384272.00
2021/12/17	5.290	5.408	5.227	5.337	5228807	27760540.00
2021/12/20	5.338	5.341	5.262	5.268	3137251	16613141.00
2021/12/21	5.269	5.288	5.160	5.179	2997607	15573831.00
2021/12/22	5.172	5.285	5.090	5.284	3361713	17455638.00
2021/12/23	5.285	5.398	5.285	5.396	3048732	16323369.00
2021/12/24	5.396	5.435	5.341	5.405	3619223	19495958.00
2021/12/27	5.400	5.441	5.337	5.422	2313527	12493376.00
2021/12/28	5.421	5.480	5.403	5.415	2844751	15460508.00
2021/12/29	5.410	5.442	5.376	5.400	1818965	9837037.00
2021/12/30	5.399	5.399	5.350	5.369	1996591	10710415.00
2021/12/31	5.300	5.428	5.300	5.413	1616586	8703591.00
2022/01/04	5.416	5.496	5.412	5.490	2329120	12689193.00
2022/01/05	5.496	5.544	5.496	5.542	3210714	17773696.00
2022/01/06	5.542	5.546	5.475	5.539	2628206	14473741.00
2022/01/07	5.539	5.557	5.521	5.556	2187153	12136459.00
2022/01/10	5.551	5.620	5.531	5.606	2787449	15598971.00
2022/01/11	5.603	5.659	5.602	5.658	3416075	19280028.00
2022/01/12	5.660	5.800	5.660	5.789	4514885	25904148.00
2022/01/13	5.787	5.950	5.727	5.911	6478358	38054720.00
2022/01/14	5.885	6.099	5.883	6.059	7886812	47556912.00
2022/01/17	6.062	6.449	6.062	6.414	8398899	52757744.00
2022/01/18	6.417	6.687	5.800	5.991	14717427	90855520.00
2022/01/19	5.978	6.180	5.640	6.126	9732005	57545028.00
2022/01/20	6.098	6.400	5.810	6.392	10056069	62810320.00
2022/01/21	6.392	6.910	6.392	6.780	12691188	84580792.00
2022/01/24	6.783	7.210	6.300	7.200	15697382	109574504.00
2022/01/25	6.800	6.800	6.500	6.673	10206957	68305504.00
2022/01/26	6.640	6.880	6.422	6.698	7804796	51945720.00
2022/01/27	6.699	6.768	6.508	6.510	5668339	37321044.00
2022/01/28	6.510	6.559	6.300	6.472	7908653	50748596.00
2022/02/07	6.472	6.780	6.472	6.776	8249189	54967524.00
2022/02/08	6.814	7.270	6.814	7.263	10774871	75976288.00
2022/02/10	6.950	7.300	6.710	7.139	12972692	91676512.00
2022/02/11	7.100	7.200	6.980	7.116	7569251	53991248.00
2022/02/14	7.115	7.330	7.000	7.325	8496272	60992640.00
2022/02/15	7.325	7.500	7.256	7.474	10000338	74279600.00
2022/02/16	7.475	7.519	7.250	7.470	8176740	60636532.00
2022/02/17	7.476	7.490	7.110	7.261	10346545	75673488.00
2022/02/18	7.179	7.354	6.957	7.338	11706292	83289992.00
2022/02/21	7.338	7.400	7.250	7.301	6497422	47694004.00
2022/02/22	7.258	7.258	7.000	7.005	7338963	52013948.00
2022/02/23	6.895	7.000	6.521	6.850	10787477	73020928.00
2022/02/24	6.660	6.844	6.499	6.500	8879867	58743216.00
2022/02/25	6.494	6.700	6.310	6.569	6663558	44013528.00
2022/02/28	6.560	6.565	6.301	6.308	6412141	40879936.00
2022/03/01	6.250	6.250	5.842	5.899	11166037	66635508.00
2022/03/02	5.606	6.200	5.460	6.116	13061343	75816056.00
2022/03/03	6.039	6.221	6.000	6.205	8312827	51262984.00
2022/03/04	6.225	6.333	6.100	6.204	5804901	36085592.00
2022/03/07	6.149	6.150	5.968	5.997	4216250	25540648.00
2022/03/08	5.997	5.997	5.660	5.685	5292027	30663840.00
2022/03/09	5.668	5.808	5.500	5.751	6033935	34290288.00
2022/03/10	5.870	5.895	5.752	5.824	4120519	24052636.00
2022/03/11	5.799	5.799	5.624	5.779	3120099	17885252.00
2022/03/14	5.643	5.740	5.643	5.651	2862922	16255314.00
2022/03/15	5.553	5.553	5.242	5.245	6062108	32870100.00
2022/03/16	5.235	5.459	5.000	5.431	8289381	43198568.00
2022/03/17	5.440	5.700	5.439	5.619	6059705	33686368.00
2022/03/18	5.619	5.698	5.481	5.651	4081520	22998404.00
2022/03/21	5.653	6.000	5.653	5.998	6905793	40528020.00
2022/03/22	6.032	6.350	6.000	6.279	7178351	44647380.00
2022/03/24	6.000	6.200	5.860	6.103	6981988	42411052.00
2022/03/25	6.030	6.166	5.958	5.963	4499965	27180000.00
2022/03/28	5.926	5.926	5.758	5.805	3803123	22135878.00
2022/03/29	5.803	5.926	5.800	5.898	2770864	16295442.00
2022/03/30	5.951	5.990	5.924	5.930	2596487	15483011.00
2022/03/31	5.875	5.950	5.855	5.879	2439998	14356358.00
2022/04/01	5.879	6.080	5.802	6.013	3741740	22220944.00
2022/04/06	6.013	6.016	5.923	5.969	3414391	20382634.00
2022/04/07	5.955	5.955	5.816	5.823	3039310	17856646.00
2022/04/08	5.720	5.898	5.720	5.887	2627424	15409868.00
2022/04/11	5.910	5.933	5.800	5.805	2002655	11677090.00
2022/04/12	5.805	5.896	5.805	5.882	2884762	16945136.00
2022/04/13	5.869	5.951	5.835	5.929	2810982	16620184.00
2022/04/14	5.952	5.990	5.915	5.934	2175348	12923165.00
2022/04/15	5.934	5.953	5.890	5.903	1823208	10775290.00
2022/04/18	5.904	5.915	5.854	5.893	2084098	12265554.00
2022/04/19	5.884	5.909	5.860	5.884	1237185	7282493.00
2022/04/20	5.884	5.893	5.844	5.846	2039748	11957121.00
2022/04/21	5.830	5.830	5.696	5.698	3003040	17285944.00
2022/04/22	5.697	5.697	5.580	5.653	2782909	15681848.00
2022/04/25	5.653	5.653	5.419	5.430	3145087	17312736.00
2022/04/26	5.423	5.570	5.292	5.449	3520751	19081072.00
2022/04/27	5.349	5.630	5.330	5.623	3396317	18680556.00
2022/04/28	5.614	5.614	5.481	5.496	2368303	13112781.00
2022/04/29	5.550	5.559	5.499	5.538	1808313	10003043.00
2022/05/05	5.536	5.541	5.500	5.509	1391537	7679097.00
2022/05/06	5.468	5.515	5.403	5.465	2057109	11214019.00
2022/05/09	5.464	5.464	5.392	5.394	1916482	10371804.00
2022/05/10	5.366	5.421	5.321	5.370	2068321	11097670.00
2022/05/11	5.369	5.439	5.328	5.401	1850510	10014748.00
2022/05/12	5.398	5.409	5.360	5.391	1380478	7448990.00
2022/05/13	5.391	5.458	5.391	5.399	1592386	8608033.00
2022/05/16	5.398	5.430	5.398	5.399	1257242	6797118.00
2022/05/17	5.399	5.399	5.383	5.386	1395160	7515931.00
2022/05/18	5.386	5.410	5.370	5.371	974777	5245841.00
2022/05/19	5.366	5.366	5.324	5.327	1432118	7638011.00
2022/05/20	5.328	5.350	5.328	5.333	1260633	6729235.00
2022/05/23	5.333	5.352	5.315	5.317	1179348	6272209.00
2022/05/24	5.316	5.316	5.212	5.217	2539443	13297166.00
2022/05/25	5.209	5.209	5.131	5.142	2703558	13940588.00
2022/05/26	5.142	5.237	5.142	5.209	2341265	12139581.00
2022/05/27	5.209	5.280	5.209	5.259	2037677	10716570.00
2022/05/30	5.260	5.300	5.207	5.208	1876199	9816889.00
2022/05/31	5.206	5.206	5.161	5.168	2199243	11363447.00
2022/06/01	5.163	5.163	5.109	5.115	2567196	13139343.00
2022/06/02	5.098	5.206	5.020	5.167	3844486	19446540.00
2022/06/06	5.169	5.228	5.102	5.218	3144763	16282784.00
2022/06/07	5.220	5.416	5.218	5.415	4683490	25079692.00
2022/06/08	5.418	5.558	5.340	5.453	4519551	24658540.00
2022/06/09	5.449	5.453	5.350	5.440	2955720	15980116.00
2022/06/10	5.437	5.437	5.350	5.398	3260051	17586240.00
2022/06/13	5.353	5.353	5.300	5.304	2596703	13801115.00
2022/06/14	5.303	5.345	5.236	5.323	2058142	10916995.00
2022/06/15	5.325	5.348	5.310	5.318	2584005	13755641.00
2022/06/16	5.314	5.314	5.270	5.278	1983539	10482992.00
2022/06/17	5.272	5.272	5.222	5.231	2327214	12174357.00
2022/06/20	5.231	5.231	5.176	5.180	2467594	12789582.00
2022/06/21	5.173	5.173	5.095	5.109	3942795	20168508.00
2022/06/22	5.103	5.103	5.006	5.016	5157920	26022640.00
2022/06/23	5.016	5.016	4.901	4.960	7915839	39138600.00
2022/06/24	4.945	4.945	4.886	4.909	9377102	45971572.00
2022/06/27	4.900	4.938	4.865	4.917	6773196	33203056.00
2022/06/28	4.917	5.039	4.916	5.039	9230304	45992504.00
2022/06/29	5.041	5.082	4.980	4.988	8149197	40809132.00
2022/06/30	4.970	4.988	4.940	4.953	6510585	32247308.00
2022/07/01	4.940	4.940	4.902	4.909	4515951	22192940.00
2022/07/04	4.919	4.935	4.893	4.899	5008914	24556484.00
2022/07/05	4.899	4.899	4.870	4.880	4315929	21063364.00
2022/07/06	4.861	4.903	4.859	4.868	3742021	18243452.00
2022/07/07	4.860	4.861	4.818	4.831	4712789	22796468.00
2022/07/08	4.829	4.848	4.816	4.832	4281511	20687874.00
2022/07/11	4.833	4.868	4.818	4.821	4051556	19607838.00
2022/07/12	4.819	4.820	4.801	4.808	3910681	18807204.00
2022/07/13	4.806	4.852	4.781	4.839	5345823	25763916.00
2022/07/14	4.840	4.850	4.815	4.827	4647527	22453132.00
2022/07/15	4.815	4.841	4.810	4.829	2444858	11804633.00
2022/07/18	4.829	4.842	4.814	4.834	3735637	18016888.00
2022/07/19	4.835	4.922	4.835	4.921	9432756	46176204.00
2022/07/20	4.921	4.972	4.880	4.890	11292186	55719320.00
2022/07/21	4.868	4.914	4.856	4.875	5236803	25549732.00
2022/07/22	4.873	4.919	4.854	4.885	6041861	29470498.00
2022/07/25	4.885	4.920	4.876	4.909	4868675	23875396.00
2022/07/26	4.914	4.914	4.855	4.866	7031520	34221864.00
2022/07/27	4.853	4.853	4.825	4.830	4473070	21617436.00
2022/07/28	4.821	4.824	4.805	4.813	5647757	27179198.00
2022/07/29	4.813	4.823	4.806	4.817	3851074	18526294.00
2022/08/01	4.819	4.821	4.797	4.800	4952542	23780516.00
2022/08/02	4.800	4.800	4.777	4.784	3646585	17442240.00
2022/08/03	4.765	4.838	4.757	4.827	4920087	23618800.00
2022/08/04	4.835	4.900	4.822	4.897	4262290	20762784.00
2022/08/05	4.904	4.907	4.874	4.888	3283533	16027049.00
2022/08/08	4.886	4.900	4.860	4.878	2617224	12775934.00
2022/08/09	4.873	4.899	4.866	4.879	2987055	14584237.00
2022/08/10	4.879	4.883	4.861	4.865	3206322	15623139.00
2022/08/11	4.865	4.869	4.856	4.859	2709393	13169493.00
2022/08/12	4.855	4.872	4.850	4.863	2703350	13147455.00
2022/08/15	4.860	4.898	4.859	4.881	3052460	14895655.00
2022/08/16	4.877	4.891	4.875	4.882	3129473	15285601.00
2022/08/17	4.882	4.922	4.879	4.919	4086284	20013864.00
2022/08/18	4.919	4.996	4.915	4.993	6565945	32544926.00
2022/08/19	5.000	5.173	4.998	5.133	9537265	48592340.00
2022/08/22	5.134	5.203	5.045	5.067	10042024	51552432.00
2022/08/23	5.049	5.117	5.034	5.099	4337272	22078394.00
2022/08/24	5.099	5.116	5.045	5.054	4415278	22438612.00
2022/08/25	5.054	5.106	4.993	5.081	5561393	27993978.00
2022/08/26	5.070	5.116	5.040	5.098	4702310	23892664.00
2022/08/29	5.096	5.109	5.051	5.101	3471094	17666802.00
2022/08/30	5.090	5.118	5.082	5.095	4020130	20505196.00
2022/08/31	5.075	5.170	5.075	5.164	6726368	34618804.00
2022/09/01	5.184	5.190	5.118	5.156	5009820	25815116.00
2022/09/02	5.137	5.180	5.136	5.179	4009994	20717458.00
2022/09/05	5.175	5.192	5.154	5.188	4295871	22260064.00
2022/09/06	5.188	5.196	5.179	5.186	4050624	21003066.00
2022/09/07	5.185	5.185	5.156	5.174	4280801	22117086.00
2022/09/08	5.161	5.161	5.118	5.132	4836967	24841478.00
2022/09/09	5.130	5.150	5.109	5.132	3424854	17574868.00
2022/09/13	5.130	5.130	5.053	5.060	5309085	26975602.00
2022/09/14	5.058	5.058	5.000	5.001	4826571	24187744.00
2022/09/15	5.000	5.035	4.905	5.028	5676494	28273640.00
2022/09/16	5.030	5.146	5.010	5.138	7395528	37817104.00
2022/09/19	5.136	5.194	5.114	5.157	4937061	25459656.00
2022/09/20	5.156	5.163	5.100	5.116	3642359	18661044.00
2022/09/21	4.986	5.002	4.940	4.984	5978361	29770850.00
2022/09/22	4.983	4.983	4.956	4.960	3816899	18947704.00
2022/09/23	4.958	4.987	4.950	4.978	2771779	13788253.00
2022/09/26	4.978	4.992	4.960	4.968	3333551	16573739.00
2022/09/27	4.967	4.967	4.956	4.962	2825006	14019092.00
2022/09/28	4.999	5.077	4.975	5.059	8433359	42603648.00
2022/09/29	5.060	5.066	5.008	5.021	5071895	25599618.00
2022/09/30	5.015	5.028	4.967	4.993	3109957	15517134.00
2022/10/10	4.993	4.993	4.930	4.953	2787664	13808896.00
2022/10/11	4.947	4.960	4.900	4.959	3069044	15115805.00
2022/10/12	4.958	4.994	4.911	4.988	3188162	15846558.00
2022/10/13	4.988	4.995	4.959	4.975	2222880	11070342.00
2022/10/14	4.976	4.995	4.945	4.975	2340662	11625069.00
2022/10/17	4.972	4.980	4.951	4.970	1984135	9843451.00
2022/10/18	4.968	4.970	4.953	4.962	2108116	10465719.00
2022/10/19	4.961	4.965	4.952	4.957	1927115	9548225.00
2022/10/20	4.954	4.958	4.940	4.953	2063492	10209404.00
2022/10/21	4.953	4.968	4.909	4.933	3765778	18559380.00
2022/10/24	4.931	4.931	4.899	4.899	2605046	12781528.00
2022/10/25	4.900	4.913	4.824	4.842	3222905	15627028.00
2022/10/26	4.843	4.866	4.843	4.861	1922172	9338535.00
2022/10/27	4.861	4.869	4.825	4.830	3021273	14619547.00
2022/10/28	4.830	4.836	4.786	4.804	2755078	13231833.00
2022/10/31	4.801	4.801	4.712	4.721	2722944	12913847.00
2022/11/01	4.719	4.735	4.690	4.726	3107725	14663844.00
2022/11/02	4.726	4.802	4.726	4.787	2827443	13512770.00
2022/11/03	4.800	4.826	4.772	4.820	2830265	13595160.00
2022/11/04	4.833	4.848	4.821	4.846	2230168	10803219.00
2022/11/07	4.847	4.849	4.806	4.817	3044484	14678404.00
2022/11/08	4.814	4.814	4.781	4.803	2253015	10787162.00
2022/11/09	4.803	4.825	4.796	4.796	2058853	9911021.00
2022/11/10	4.796	4.796	4.771	4.773	1836268	8770945.00
2022/11/11	4.775	4.788	4.750	4.756	3515726	16746028.00
2022/11/14	4.756	4.760	4.745	4.749	1904162	9044605.00
2022/11/15	4.749	4.749	4.718	4.720	2622395	12413001.00
2022/11/16	4.721	4.741	4.711	4.724	2486191	11733839.00
2022/11/17	4.724	4.745	4.695	4.698	3122776	14694787.00
2022/11/18	4.698	4.705	4.640	4.652	3985806	18594334.00
2022/11/21	4.650	4.719	4.615	4.719	3530381	16457469.00
2022/11/22	4.719	4.730	4.685	4.689	2144290	10093927.00
2022/11/23	4.689	4.698	4.661	4.689	3043207	14245343.00
2022/11/24	4.693	4.700	4.667	4.676	3155972	14782515.00
2022/11/25	4.673	4.680	4.660	4.672	2540683	11873105.00
2022/11/28	4.672	4.672	4.635	4.643	2807062	13045145.00
2022/11/29	4.643	4.670	4.638	4.665	2845299	13268722.00
2022/11/30	4.665	4.669	4.650	4.661	3097874	14436468.00
2022/12/01	4.661	4.683	4.661	4.675	2308763	10793762.00
2022/12/02	4.676	4.700	4.676	4.698	3174082	14891802.00
2022/12/05	4.699	4.757	4.699	4.753	3263947	15465241.00
2022/12/06	4.756	4.776	4.746	4.748	2868803	13656050.00
2022/12/07	4.735	4.735	4.690	4.698	3654665	17242056.00
2022/12/08	4.699	4.715	4.685	4.714	2794085	13155292.00
2022/12/09	4.714	4.727	4.713	4.717	1952061	9209724.00
2022/12/12	4.717	4.725	4.695	4.700	2121804	9975262.00
2022/12/13	4.699	4.699	4.674	4.684	2631948	12326638.00
2022/12/14	4.682	4.682	4.652	4.656	3345866	15610887.00
2022/12/15	4.652	4.678	4.650	4.675	3029695	14156304.00
2022/12/16	4.670	4.686	4.670	4.685	2612522	12227952.00
2022/12/19	4.684	4.699	4.670	4.682	3449776	16172405.00
2022/12/20	4.682	4.682	4.640	4.643	3067119	14263512.00
2022/12/21	4.643	4.643	4.615	4.619	2614152	12079451.00
2022/12/22	4.618	4.630	4.616	4.624	3314605	15326747.00
2022/12/23	4.628	4.631	4.618	4.626	3849025	17804210.00
2022/12/26	4.627	4.627	4.617	4.621	4240786	19605182.00
2022/12/27	4.616	4.616	4.600	4.601	3605668	16605374.00
2022/12/28	4.601	4.609	4.590	4.591	3028722	13920697.00
2022/12/29	4.591	4.597	4.548	4.548	3128978	14260768.00
2022/12/30	4.551	4.565	4.551	4.560	1805833	8234735.00
2023/01/03	4.560	4.579	4.560	4.569	2673855	12211849.00
2023/01/04	4.570	4.573	4.564	4.565	2086329	9529040.00
2023/01/05	4.564	4.564	4.533	4.540	2881780	13086608.00
2023/01/06	4.540	4.558	4.533	4.555	2544812	11560103.00
2023/01/09	4.555	4.562	4.545	4.550	2217419	10090172.00
2023/01/10	4.549	4.580	4.542	4.568	4156149	18954600.00
2023/01/11	4.559	4.593	4.559	4.585	3547875	16241110.00
2023/01/12	4.585	4.595	4.575	4.580	2803913	12852210.00
2023/01/13	4.580	4.584	4.556	4.560	2363111	10803692.00
2023/01/16	4.561	4.568	4.548	4.554	2838568	12931794.00
2023/01/17	4.553	4.553	4.546	4.550	1681378	7652655.00
2023/01/18	4.549	4.552	4.537	4.552	1745719	7940396.00
2023/01/19	4.552	4.555	4.549	4.550	1559163	7098218.00
2023/01/20	4.551	4.557	4.541	4.556	2230265	10149946.00
2023/01/30	4.556	4.595	4.556	4.587	3244958	14881995.00
2023/01/31	4.587	4.649	4.587	4.649	4711437	21800884.00
2023/02/01	4.649	4.738	4.649	4.726	6909092	32605392.00
2023/02/02	4.726	4.757	4.711	4.752	5932260	28145852.00
2023/02/03	4.752	4.755	4.708	4.754	5556705	26350848.00
2023/02/06	4.754	4.762	4.712	4.722	5445161	25860384.00
2023/02/07	4.725	4.745	4.697	4.729	5270064	24914706.00
2023/02/08	4.729	4.729	4.708	4.720	3375069	15939733.00
2023/02/09	4.716	4.730	4.702	4.721	3742881	17669128.00
2023/02/10	4.722	4.770	4.712	4.747	4686007	22216544.00
2023/02/13	4.747	4.771	4.747	4.766	3432937	16361366.00
2023/02/14	4.766	4.813	4.746	4.804	4672381	22378582.00
2023/02/15	4.804	4.855	4.804	4.834	4917032	23790674.00
2023/02/16	4.836	4.843	4.786	4.789	4850582	23361710.00
2023/02/17	4.785	4.789	4.777	4.780	3462211	16566807.00
2023/02/20	4.780	4.783	4.761	4.775	3322606	15865455.00
2023/02/21	4.757	4.800	4.757	4.787	3677073	17607408.00
2023/02/22	4.787	4.797	4.770	4.790	2484470	11906519.00
2023/02/23	4.788	4.794	4.775	4.777	2719249	13018058.00
2023/02/24	4.777	4.780	4.692	4.724	3189434	15104822.00
2023/02/27	4.717	4.728	4.695	4.699	2834735	13359521.00
2023/02/28	4.699	4.699	4.680	4.685	3301864	15473398.00
2023/03/01	4.685	4.695	4.683	4.686	2773578	13008456.00
2023/03/02	4.685	4.690	4.678	4.680	3267428	15309719.00
2023/03/03	4.678	4.680	4.662	4.672	4057029	18964906.00
2023/03/06	4.671	4.671	4.645	4.649	4091378	19055558.00
2023/03/07	4.647	4.647	4.615	4.618	3581525	16585139.00
2023/03/08	4.616	4.617	4.588	4.595	4054728	18647052.00
2023/03/09	4.594	4.596	4.558	4.579	3319446	15229116.00
2023/03/10	4.578	4.578	4.546	4.563	4229027	19269758.00
2023/03/13	4.563	4.592	4.560	4.587	5118770	23460468.00
2023/03/14	4.588	4.601	4.586	4.597	3447612	15838634.00
2023/03/15	4.598	4.605	4.593	4.595	3567389	16414236.00
2023/03/16	4.594	4.594	4.551	4.554	4587404	20955960.00
2023/03/17	4.554	4.568	4.549	4.555	3544412	16139524.00
2023/03/20	4.555	4.555	4.533	4.538	3146362	14287339.00
2023/03/21	4.538	4.544	4.533	4.540	3228947	14661274.00
2023/03/22	4.540	4.557	4.535	4.551	4174071	18976592.00
2023/03/23	4.551	4.556	4.541	4.551	3104683	14132498.00
2023/03/24	4.549	4.549	4.539	4.541	2090791	9501626.00
2023/03/27	4.541	4.542	4.533	4.536	3701987	16796380.00
2023/03/28	4.536	4.536	4.516	4.516	3325518	15051927.00
2023/03/29	4.516	4.516	4.435	4.442	2971877	13253805.00
2023/03/30	4.449	4.449	4.352	4.363	3952242	17282150.00
2023/03/31	4.366	4.392	4.365	4.387	4287505	18779160.00
2023/04/03	4.390	4.498	4.390	4.495	5764537	25829424.00
2023/04/04	4.497	4.535	4.497	4.510	4361289	19700216.00
2023/04/06	4.510	4.528	4.500	4.518	3284156	14813641.00
2023/04/07	4.340	4.359	4.304	4.358	4383636	18980184.00
2023/04/10	4.358	4.388	4.356	4.360	2587915	11300742.00
2023/04/11	4.360	4.360	4.343	4.348	2420013	10531416.00
2023/04/12	4.349	4.350	4.284	4.292	4227092	18151806.00
2023/04/13	4.283	4.283	4.201	4.222	3787493	15985372.00
2023/04/14	4.222	4.256	4.218	4.231	3375826	14326642.00
2023/04/17	4.235	4.254	4.202	4.230	2466266	10419463.00
2023/04/18	4.231	4.259	4.230	4.257	2765407	11735161.00
2023/04/19	4.258	4.282	4.256	4.278	3086509	13191736.00
2023/04/20	4.278	4.295	4.273	4.280	2280767	9765586.00
2023/04/21	4.280	4.280	4.193	4.223	3016471	12773772.00
2023/04/24	4.223	4.223	4.186	4.188	3195388	13428212.00
2023/04/25	4.195	4.195	4.133	4.136	2574623	10686938.00
2023/04/26	4.138	4.159	4.135	4.139	2256288	9338449.00
2023/04/27	4.138	4.139	4.050	4.067	2736549	11163629.00
2023/04/28	4.067	4.079	4.057	4.067	1706417	6937676.00
2023/05/04	4.067	4.098	4.067	4.087	1817818	7427761.00
2023/05/05	4.087	4.107	4.062	4.075	1800667	7352673.00
2023/05/08	4.075	4.095	4.030	4.032	2377050	9648427.00
2023/05/09	4.031	4.031	3.973	3.983	2913309	11602135.00
2023/05/10	3.983	4.084	3.907	4.071	5202122	20870834.00
2023/05/11	4.091	4.158	4.075	4.108	3546436	14609659.00
2023/05/12	4.103	4.137	4.050	4.131	2133610	8728986.00
2023/05/15	4.115	4.124	4.067	4.117	2625147	10770187.00
2023/05/16	4.091	4.129	4.060	4.118	1729441	7088146.00
2023/05/17	4.115	4.118	4.084	4.106	1582195	6495221.00
2023/05/18	4.105	4.105	4.080	4.082	1365583	5581913.00
2023/05/19	4.080	4.080	4.050	4.050	1420259	5758486.00
2023/05/22	4.050	4.053	4.048	4.052	944363	3825753.00
2023/05/23	4.052	4.052	4.033	4.035	910890	3678362.00
2023/05/24	4.033	4.033	4.000	4.004	2440516	9782314.00
2023/05/25	4.004	4.011	4.001	4.004	881515	3532236.00
2023/05/26	4.004	4.062	3.996	3.999	1367125	5489306.00
2023/05/29	3.999	3.999	3.983	3.987	966118	3854671.00
2023/05/30	3.986	3.986	3.953	3.954	730671	2898416.00
2023/05/31	3.953	3.953	3.883	3.884	1094551	4282562.00
2023/06/01	3.884	3.909	3.884	3.900	1788322	6972618.00
2023/06/02	3.894	3.931	3.894	3.912	2499509	9782830.00
2023/06/05	3.920	3.959	3.865	3.866	2303451	8992516.00
2023/06/06	3.876	3.890	3.735	3.752	2523735	9577393.00
2023/06/07	3.750	3.758	3.706	3.752	1701948	6333563.00
2023/06/08	3.760	3.820	3.759	3.820	2211634	8403441.00
2023/06/09	3.818	3.858	3.801	3.852	3946644	15170009.00
2023/06/12	3.846	3.847	3.800	3.820	1027785	3917239.00
2023/06/13	3.813	3.813	3.800	3.803	728537	2770485.00
2023/06/14	3.803	3.815	3.771	3.775	1419432	5383130.00
2023/06/15	3.775	3.775	3.709	3.713	2753216	10249713.00
2023/06/16	3.713	3.728	3.713	3.725	1337649	4981041.00
2023/06/19	3.724	3.724	3.706	3.708	1455008	5397135.00
2023/06/20	3.708	3.708	3.701	3.703	1219718	4516606.00
2023/06/21	3.702	3.725	3.700	3.711	1310751	4868012.00
2023/06/26	3.710	3.712	3.706	3.706	857208	3178605.00
2023/06/27	3.706	3.709	3.703	3.705	1172404	4344877.00
2023/06/28	3.705	3.722	3.705	3.713	1122722	4170819.00
2023/06/29	3.714	3.719	3.708	3.709	1055249	3918781.00
2023/06/30	3.709	3.724	3.704	3.721	1306630	4846818.00
2023/07/03	3.722	3.787	3.722	3.786	1567237	5875322.00
2023/07/04	3.786	3.880	3.780	3.872	2891729	11081276.00
2023/07/05	3.871	3.902	3.782	3.814	1919011	7348722.00
2023/07/06	3.813	3.834	3.792	3.820	1565422	5977212.00
2023/07/07	3.816	3.935	3.800	3.917	3154543	12298696.00
2023/07/10	3.910	3.965	3.910	3.935	1236636	4873148.00
2023/07/11	3.936	3.940	3.890	3.934	936905	3676660.00
2023/07/12	3.934	3.939	3.915	3.917	1190726	4668116.00
2023/07/13	3.916	3.934	3.916	3.928	934578	3669884.00
2023/07/14	3.928	3.989	3.914	3.973	2621851	10381781.00
2023/07/17	3.973	4.045	3.972	4.042	2304258	9281728.00
2023/07/18	4.042	4.154	4.042	4.153	4278324	17626890.00
2023/07/19	4.154	4.158	4.040	4.084	3137929	12828530.00
2023/07/20	4.072	4.072	3.950	3.978	2995645	11960283.00
2023/07/21	3.975	4.012	3.939	3.995	4294299	17097948.00
2023/07/24	3.994	4.000	3.930	3.956	2810592	11131950.00
2023/07/25	3.943	4.000	3.923	3.975	5941191	23577090.00
2023/07/26	3.970	3.988	3.940	3.985	5735107	22759252.00
2023/07/27	3.984	4.000	3.948	3.983	1892071	7526790.00
2023/07/28	3.981	3.998	3.928	3.977	3917038	15537465.00
2023/07/31	3.980	4.004	3.953	3.997	4214994	16807024.00
2023/08/01	3.997	4.004	3.960	4.000	6681069	26671712.00
2023/08/02	3.997	4.042	3.982	4.022	10001158	40199696.00
2023/08/03	4.022	4.038	3.988	4.015	6367995	25578830.00
2023/08/04	4.010	4.047	3.972	4.014	4086909	16402620.00
2023/08/07	4.008	4.025	3.970	4.020	6341408	25343738.00
2023/08/08	4.020	4.022	3.976	4.014	6199718	24832208.00
2023/08/09	4.002	4.014	3.980	3.997	4871100	19458080.00
2023/08/10	3.985	4.021	3.968	4.006	4167589	16680512.00
2023/08/11	3.991	4.015	3.974	3.995	2739256	10948792.00
2023/08/14	3.991	3.991	3.960	3.967	2197406	8719999.00
2023/08/15	3.967	3.999	3.967	3.997	2205661	8796969.00
2023/08/16	3.995	4.020	3.985	3.994	2533460	10132812.00
2023/08/17	3.993	4.009	3.961	3.972	2127713	8462807.00
2023/08/18	3.980	3.992	3.961	3.980	2477366	9838275.00
2023/08/21	3.980	4.010	3.946	3.965	3216568	12769746.00
2023/08/22	3.960	3.971	3.909	3.947	5033737	19811792.00
2023/08/23	3.940	3.940	3.905	3.918	3355327	13146002.00
2023/08/24	3.917	3.961	3.879	3.942	4149921	16241632.00
2023/08/25	3.939	3.955	3.895	3.915	3244992	12715120.00
2023/08/28	3.924	3.971	3.875	3.886	5053041	19902024.00
2023/08/29	3.886	3.894	3.861	3.871	2584885	10013656.00
2023/08/30	3.870	3.896	3.855	3.880	1840413	7141712.00
2023/08/31	3.880	3.938	3.869	3.912	2313173	9000781.00
2023/09/01	3.916	3.921	3.865	3.892	2750247	10708648.00
2023/09/04	3.892	3.892	3.850	3.861	2288900	8847933.00
2023/09/05	3.858	3.863	3.838	3.849	1829107	7041869.00
2023/09/06	3.849	3.865	3.836	3.847	3104934	11953899.00
2023/09/07	3.847	3.868	3.842	3.851	2215846	8531415.00
2023/09/08	3.858	3.929	3.858	3.923	3130278	12165801.00
2023/09/11	3.923	3.969	3.923	3.968	2909790	11450385.00
2023/09/12	3.858	3.858	3.810	3.843	3145860	12072955.00
2023/09/13	3.843	3.843	3.822	3.833	1184123	4540137.00
2023/09/14	3.831	3.849	3.806	3.841	2299739	8812531.00
2023/09/15	3.841	3.846	3.824	3.833	2049552	7851637.00
2023/09/18	3.833	3.833	3.801	3.803	1232495	4700485.00
2023/09/19	3.800	3.835	3.776	3.790	2350213	8917400.00
2023/09/20	3.796	3.809	3.779	3.786	2363289	8950322.00
2023/09/21	3.782	3.789	3.751	3.781	1501778	5667952.00
2023/09/22	3.781	3.786	3.763	3.785	981480	3709518.00
2023/09/25	3.785	3.800	3.759	3.789	1643619	6205882.00
2023/09/26	3.789	3.818	3.770	3.772	1452442	5500605.00
2023/09/27	3.772	3.776	3.752	3.763	1131691	4259255.00
2023/09/28	3.763	3.796	3.752	3.763	2924851	11031279.00
2023/10/09	3.749	3.762	3.740	3.745	1959291	7338347.00
2023/10/10	3.745	3.778	3.739	3.748	2606786	9789082.00
2023/10/11	3.749	3.760	3.696	3.702	2486026	9242255.00
2023/10/12	3.702	3.735	3.700	3.704	2850295	10565752.00
2023/10/13	3.707	3.715	3.686	3.690	1703375	6292474.00
2023/10/16	3.695	3.696	3.665	3.672	1394289	5121212.00
2023/10/17	3.671	3.691	3.667	3.675	1490984	5482508.00
2023/10/18	3.675	3.675	3.652	3.653	838358	3064835.00
2023/10/19	3.650	3.652	3.608	3.609	1132838	4107382.00
2023/10/20	3.609	3.609	3.556	3.584	2534527	9064783.00
2023/10/23	3.578	3.578	3.496	3.526	4350063	15297381.00
2023/10/24	3.526	3.566	3.470	3.560	2560307	8995505.00
2023/10/25	3.573	3.615	3.556	3.563	3559001	12778702.00
2023/10/26	3.550	3.561	3.520	3.543	2328098	8242388.00
2023/10/27	3.540	3.546	3.531	3.543	2477165	8770827.00
2023/10/30	3.542	3.565	3.532	3.540	5571285	19729790.00
2023/10/31	3.540	3.544	3.498	3.510	4324088	15200353.00
2023/11/01	3.509	3.509	3.483	3.490	1859299	6493293.00
2023/11/02	3.490	3.502	3.455	3.467	2892148	10033409.00
2023/11/03	3.464	3.464	3.433	3.438	2531124	8717272.00
2023/11/06	3.441	3.447	3.407	3.412	2644110	9044826.00
2023/11/07	3.410	3.410	3.350	3.361	3294047	11081138.00
2023/11/08	3.358	3.393	3.330	3.381	2591615	8730743.00
2023/11/09	3.386	3.433	3.380	3.431	3742343	12757934.00
2023/11/10	3.436	3.436	3.376	3.400	2509815	8541682.00
2023/11/13	3.386	3.391	3.359	3.376	1656733	5588267.00
2023/11/14	3.376	3.399	3.369	3.374	1560498	5279836.00
2023/11/15	3.373	3.384	3.362	3.374	1363472	4602025.00
2023/11/16	3.373	3.385	3.364	3.369	994239	3351077.00
2023/11/17	3.368	3.373	3.348	3.349	1237096	4151613.00
2023/11/20	3.346	3.358	3.328	3.347	1959696	6534669.00
2023/11/21	3.343	3.358	3.338	3.338	1389872	4650076.00
2023/11/22	3.339	3.353	3.326	3.330	881113	2937038.00
2023/11/23	3.330	3.339	3.321	3.327	1633626	5436910.00
2023/11/24	3.327	3.343	3.311	3.311	1649455	5480245.00
2023/11/27	3.300	3.311	3.260	3.274	2040349	6711331.00
2023/11/28	3.274	3.274	3.230	3.230	2401459	7776946.00
2023/11/29	3.231	3.242	3.163	3.180	3158748	10045763.00
2023/11/30	3.175	3.180	3.145	3.172	4601003	14534071.00
2023/12/01	3.168	3.168	3.144	3.145	2950198	9301656.00
2023/12/04	3.145	3.145	3.124	3.125	2243441	7021428.00
2023/12/05	3.122	3.125	3.071	3.076	3261697	10151666.00
2023/12/06	3.075	3.076	3.023	3.050	3284712	10001303.00
2023/12/07	3.037	3.049	3.020	3.033	2571380	7787889.00
2023/12/08	3.028	3.028	2.990	2.996	4215968	12663639.00
2023/12/11	2.995	2.995	2.906	2.926	5840067	17070594.00
2023/12/12	2.912	2.920	2.843	2.845	6412481	18376436.00
2023/12/13	2.844	2.844	2.750	2.751	6865231	18963574.00
2023/12/14	2.760	2.760	2.644	2.707	11091762	29747292.00
2023/12/15	2.699	2.700	2.652	2.662	7593540	20243832.00
2023/12/18	2.654	2.846	2.631	2.791	9130685	24601898.00
2023/12/19	2.780	2.845	2.741	2.834	11566297	32557316.00
2023/12/20	2.822	2.989	2.822	2.962	9374941	27376844.00
2023/12/21	2.971	3.258	2.959	3.104	8660463	26674148.00
2023/12/22	3.105	3.219	3.000	3.053	11324304	35612164.00
2023/12/25	3.063	3.090	2.951	3.070	8498199	25759444.00
2023/12/26	3.068	3.098	3.040	3.058	6814468	20988492.00
2023/12/27	3.045	3.104	3.040	3.100	8683345	26616606.00
2023/12/28	3.099	3.190	3.088	3.190	7085946	22375396.00
2023/12/29	3.190	3.258	3.187	3.244	6022973	19484188.00
2024/01/02	3.241	3.276	3.163	3.255	6316496	20511330.00
2024/01/03	3.255	3.355	3.253	3.304	7037367	23323172.00
2024/01/04	3.304	3.357	3.220	3.226	6590252	21669996.00
2024/01/05	3.213	3.218	3.078	3.131	7091618	22236528.00
2024/01/08	3.118	3.151	3.068	3.130	4704451	14710750.00
2024/01/09	3.127	3.202	3.080	3.159	4626976	14575584.00
2024/01/10	3.146	3.201	3.140	3.165	4422232	14084308.00
2024/01/11	3.167	3.284	3.150	3.281	6264646	20214880.00
2024/01/12	3.283	3.318	3.242	3.315	6225751	20502516.00
2024/01/15	3.316	3.346	3.300	3.332	4484735	14932293.00
2024/01/16	3.330	3.352	3.268	3.343	6601787	21946916.00
2024/01/17	3.337	3.397	3.292	3.340	5876939	19720202.00
2024/01/18	3.328	3.328	3.255	3.280	5867317	19269388.00
2024/01/19	3.266	3.313	3.266	3.285	2204979	7276785.00
2024/01/22	3.285	3.285	3.195	3.195	4797158	15522592.00
2024/01/23	3.195	3.250	3.096	3.196	6952191	22001264.00
2024/01/24	3.195	3.248	3.150	3.220	4847170	15575152.00
2024/01/25	3.199	3.278	3.196	3.248	4906304	15911576.00
2024/01/26	3.248	3.259	3.218	3.241	2332561	7560087.00
2024/01/29	3.241	3.318	3.241	3.269	3569930	11707044.00
2024/01/30	3.259	3.317	3.242	3.276	4092789	13433536.00
2024/01/31	3.276	3.287	3.242	3.274	2708289	8852284.00
2024/02/01	3.273	3.306	3.243	3.291	3460976	11348375.00
2024/02/02	3.290	3.330	3.285	3.307	3797570	12550725.00
2024/02/05	3.306	3.314	3.281	3.311	2414466	7962100.00
2024/02/06	3.292	3.362	3.286	3.355	2959347	9852812.00
2024/02/07	3.354	3.416	3.353	3.389	3181982	10777049.00
2024/02/08	3.390	3.518	3.379	3.484	6199865	21291292.00
2024/02/19	3.481	3.579	3.481	3.567	5800529	20484608.00
2024/02/20	3.568	3.590	3.519	3.582	4782616	17051224.00
2024/02/21	3.574	3.574	3.523	3.551	3708931	13169570.00
2024/02/22	3.539	3.600	3.500	3.519	6116077	21588680.00
2024/02/23	3.526	3.609	3.513	3.608	7326145	26094544.00
2024/02/26	3.615	3.800	3.615	3.773	5996680	22326306.00
2024/02/27	3.780	3.830	3.667	3.727	6976760	26102424.00
2024/02/28	3.704	3.708	3.575	3.582	3868610	14194778.00
2024/02/29	3.550	3.649	3.540	3.616	5228595	18862004.00
2024/03/01	3.616	3.750	3.580	3.741	7357441	27072814.00
2024/03/04	3.744	3.806	3.741	3.799	6194045	23478484.00
2024/03/05	3.785	3.850	3.780	3.797	6595002	25192996.00
2024/03/06	3.797	3.798	3.750	3.755	3552614	13375629.00
2024/03/07	3.749	3.818	3.744	3.745	3548348	13407826.00
2024/03/08	3.730	3.761	3.729	3.752	2472832	9280578.00
2024/03/11	3.752	3.820	3.740	3.820	4351371	16500721.00
2024/03/12	3.810	3.836	3.801	3.828	5510780	21054472.00
2024/03/13	3.830	3.830	3.778	3.778	3894564	14811071.00
2024/03/14	3.777	3.785	3.740	3.772	5386022	20283726.00
2024/03/15	3.772	3.818	3.747	3.815	3302772	12507158.00
2024/03/18	3.816	3.831	3.815	3.816	2419628	9251322.00
2024/03/19	3.816	3.837	3.774	3.807	4001636	15256409.00
2024/03/20	3.807	3.815	3.774	3.796	3268945	12394505.00
2024/03/21	3.796	3.828	3.670	3.695	8341874	31221168.00
2024/03/22	3.689	3.697	3.620	3.688	5156049	18929042.00
2024/03/25	3.690	3.738	3.690	3.713	3676974	13677309.00
2024/03/26	3.715	3.810	3.715	3.808	3869030	14558255.00
2024/03/27	3.809	3.839	3.780	3.809	4407637	16863886.00
2024/03/28	3.803	3.803	3.758	3.787	2937425	11103306.00
2024/03/29	3.787	3.787	3.758	3.759	2490742	9382010.00
2024/04/01	3.760	3.769	3.745	3.757	2714168	10205399.00
2024/04/02	3.766	3.838	3.766	3.838	3918274	14937566.00
2024/04/03	3.837	3.860	3.823	3.858	3460737	13285379.00
2024/04/08	3.859	3.952	3.855	3.947	6164026	24008800.00
2024/04/09	3.800	3.800	3.711	3.722	3861243	14399307.00
2024/04/10	3.716	3.766	3.653	3.741	4495172	16595613.00
2024/04/11	3.734	3.760	3.694	3.736	3958809	14766522.00
2024/04/12	3.734	3.736	3.700	3.721	2917776	10859271.00
2024/04/15	3.721	3.721	3.662	3.666	3406921	12575191.00
2024/04/16	3.665	3.690	3.640	3.688	4286145	15720123.00
2024/04/17	3.687	3.765	3.668	3.695	24247942	89917296.00
2024/04/18	3.694	3.694	3.623	3.648	9266487	33698620.00
2024/04/19	3.632	3.659	3.589	3.595	4857565	17571408.00
2024/04/22	3.595	3.650	3.555	3.625	5143923	18547818.00
2024/04/23	3.625	3.645	3.620	3.627	3100693	11258770.00
2024/04/24	3.640	3.650	3.616	3.632	3445368	12526429.00
2024/04/25	3.625	3.700	3.625	3.700	5325359	19508786.00
2024/04/26	3.702	3.760	3.702	3.744	5220908	19502440.00
2024/04/29	3.737	3.737	3.711	3.721	3578715	13323163.00
2024/04/30	3.720	3.720	3.655	3.679	8729383	32206520.00
2024/05/06	3.676	3.681	3.630	3.670	6099471	22371396.00
2024/05/07	3.670	3.680	3.657	3.664	6506371	23866106.00
2024/05/08	3.667	3.674	3.635	3.668	3444470	12578961.00
2024/05/09	3.668	3.675	3.651	3.667	3058969	11218248.00
2024/05/10	3.666	3.669	3.658	3.667	2759136	10108271.00
2024/05/13	3.665	3.679	3.647	3.674	4103721	15011916.00
2024/05/14	3.674	3.724	3.652	3.700	3758906	13899602.00
2024/05/15	3.700	3.702	3.671	3.699	4832111	17818508.00
2024/05/16	3.693	3.705	3.680	3.694	3623163	13382215.00
2024/05/17	3.694	3.702	3.671	3.698	3034499	11194160.00
2024/05/20	3.698	3.705	3.677	3.689	3686478	13599477.00
2024/05/21	3.681	3.688	3.650	3.656	2896790	10611359.00
2024/05/22	3.656	3.660	3.630	3.641	4581236	16666402.00
2024/05/23	3.631	3.637	3.596	3.614	3946418	14254549.00
2024/05/24	3.613	3.637	3.588	3.634	3591377	13018398.00
2024/05/27	3.634	3.670	3.634	3.661	2528671	9239026.00
2024/05/28	3.661	3.679	3.650	3.653	2548268	9349621.00
2024/05/29	3.653	3.670	3.623	3.644	2511716	9149252.00
2024/05/30	3.631	3.635	3.587	3.625	2811813	10148099.00
2024/05/31	3.600	3.626	3.593	3.606	1966463	7095465.00
2024/06/03	3.606	3.606	3.570	3.583	2606937	9356407.00
2024/06/04	3.577	3.577	3.559	3.573	3327430	11868687.00
2024/06/05	3.550	3.604	3.550	3.602	2187288	7850419.00
2024/06/06	3.602	3.625	3.577	3.623	3137847	11303652.00
2024/06/07	3.623	3.636	3.600	3.609	1184353	4289811.00
2024/06/11	3.609	3.641	3.603	3.620	1628397	5899033.00
2024/06/12	3.620	3.633	3.591	3.627	2288640	8282215.00
2024/06/13	3.626	3.680	3.618	3.671	3088573	11282202.00
2024/06/14	3.671	3.690	3.654	3.684	4428077	16243546.00
2024/06/17	3.682	3.709	3.661	3.691	3395950	12544031.00
2024/06/18	3.680	3.691	3.662	3.685	2354834	8653473.00
2024/06/19	3.680	3.700	3.655	3.680	2174795	7989094.00
2024/06/20	3.668	3.696	3.654	3.673	2290945	8411135.00
2024/06/21	3.663	3.695	3.640	3.688	2367212	8715914.00
2024/06/24	3.688	3.690	3.678	3.689	2179985	8034606.00
2024/06/25	3.673	3.693	3.668	3.683	1531812	5635542.00
2024/06/26	3.683	3.683	3.656	3.681	909921	3342299.00
2024/06/27	3.681	3.698	3.666	3.697	2148108	7918362.00
2024/06/28	3.698	3.736	3.690	3.728	2673393	9905693.00
2024/07/01	3.728	3.738	3.723	3.737	1867676	6971754.00
2024/07/02	3.735	3.753	3.711	3.749	1349349	5047628.00
2024/07/03	3.749	3.763	3.692	3.759	2077700	7771141.00
2024/07/04	3.753	3.799	3.749	3.798	2537371	9583776.00
2024/07/05	3.797	3.834	3.769	3.833	4328868	16538300.00
2024/07/08	3.834	3.843	3.800	3.807	4761194	18255216.00
2024/07/09	3.804	3.805	3.748	3.774	3829909	14448710.00
2024/07/10	3.778	3.778	3.732	3.771	3189748	11960973.00
2024/07/11	3.773	3.808	3.740	3.794	4700862	17792434.00
2024/07/12	3.794	3.800	3.771	3.791	3501454	13254738.00
2024/07/15	3.791	3.841	3.775	3.840	4305532	16489935.00
2024/07/16	3.840	3.880	3.810	3.820	5488707	21146192.00
2024/07/17	3.825	3.831	3.784	3.808	3647145	13877608.00
2024/07/18	3.808	3.808	3.708	3.769	4883963	18399680.00
2024/07/19	3.760	3.792	3.741	3.761	3335357	12522933.00
2024/07/22	3.761	3.761	3.721	3.753	2845416	10648466.00
2024/07/23	3.753	3.800	3.753	3.779	2753216	10376377.00
2024/07/24	3.780	3.800	3.774	3.780	2142405	8101605.00
2024/07/25	3.779	3.779	3.748	3.764	2767835	10395943.00
2024/07/26	3.759	3.830	3.756	3.808	3185404	12068932.00
2024/07/29	3.806	3.830	3.780	3.786	2885878	10944894.00
2024/07/30	3.780	3.808	3.770	3.807	5820780	22029520.00
2024/07/31	3.807	3.815	3.781	3.797	1876824	7121983.00
2024/08/01	3.797	3.852	3.784	3.813	1265250	4827349.00
2024/08/02	3.812	3.835	3.790	3.811	1483206	5650292.00
2024/08/05	3.792	3.828	3.792	3.825	2520666	9627946.00
2024/08/06	3.825	3.850	3.818	3.850	3093815	11864178.00
2024/08/07	3.842	3.910	3.842	3.884	4219875	16373440.00
2024/08/08	3.884	3.918	3.860	3.888	4304227	16790540.00
2024/08/09	3.886	3.907	3.867	3.900	2711827	10557130.00
2024/08/12	3.900	3.946	3.890	3.913	2794469	10984931.00
2024/08/13	3.905	3.933	3.852	3.861	3774383	14664987.00
2024/08/14	3.861	3.904	3.828	3.854	3778483	14597183.00
2024/08/15	3.853	3.890	3.841	3.885	4396564	17040316.00
2024/08/16	3.885	3.895	3.882	3.891	1641108	6379100.00
2024/08/19	3.891	3.928	3.880	3.924	3773476	14781291.00
2024/08/20	3.950	3.950	3.921	3.943	3587687	14106768.00
2024/08/21	3.950	3.976	3.935	3.969	4632159	18326480.00
2024/08/22	3.968	3.989	3.954	3.988	4894994	19416840.00
2024/08/23	3.989	3.990	3.980	3.990	4568689	18214444.00
2024/08/26	3.989	3.990	3.957	3.976	2682783	10651824.00
2024/08/27	3.966	3.975	3.940	3.956	1952111	7722998.00
2024/08/28	3.956	3.970	3.945	3.965	1627147	6442763.00
2024/08/29	3.965	3.983	3.901	3.924	1984994	7819709.00
2024/08/30	3.902	3.924	3.873	3.880	3728932	14504886.00
2024/09/02	3.883	3.920	3.858	3.915	2565751	10006763.00
2024/09/03	3.916	3.936	3.892	3.926	2045673	8016002.00
2024/09/04	3.926	3.950	3.903	3.929	2368262	9291376.00
2024/09/05	3.920	3.969	3.890	3.968	2406066	9463700.00
2024/09/06	3.975	4.010	3.970	4.010	4608100	18418098.00
2024/09/09	4.013	4.013	3.980	3.995	2657363	10622818.00
2024/09/10	3.995	4.010	3.946	3.955	3598107	14297462.00
2024/09/11	3.800	3.820	3.750	3.806	3195255	12101000.00
2024/09/12	3.805	3.805	3.756	3.780	2056048	7764080.00
2024/09/13	3.741	3.773	3.740	3.741	2521381	9446546.00
2024/09/18	3.735	3.738	3.702	3.715	2543965	9466383.00
2024/09/19	3.710	3.750	3.681	3.740	3121871	11622740.00
2024/09/20	3.740	3.742	3.699	3.719	2909605	10792091.00
2024/09/23	3.706	3.706	3.685	3.700	2536908	9376494.00
2024/09/24	3.699	3.734	3.696	3.722	2604896	9659613.00
2024/09/25	3.719	3.759	3.690	3.734	6441369	23943806.00
2024/09/26	3.738	3.765	3.674	3.726	3308404	12323780.00
2024/09/27	3.721	3.721	3.691	3.699	1559249	5766514.00
2024/09/30	3.690	3.691	3.554	3.643	8965882	32411132.00
2024/10/08	3.642	3.855	3.612	3.669	7704418	28328336.00
2024/10/09	3.670	3.676	3.570	3.627	7299109	26271632.00
2024/10/10	3.625	3.625	3.582	3.610	4275763	15422520.00
2024/10/11	3.602	3.637	3.602	3.610	4455750	16133077.00
2024/10/14	3.608	3.660	3.608	3.652	2572613	9357977.00
2024/10/15	3.652	3.689	3.640	3.666	3131573	11483735.00
2024/10/16	3.666	3.690	3.666	3.689	2871209	10571313.00
2024/10/17	3.686	3.689	3.648	3.680	3547322	12998062.00
2024/10/18	3.680	3.692	3.656	3.674	4325099	15875259.00
2024/10/21	3.668	3.672	3.641	3.655	2320416	8484067.00
2024/10/22	3.655	3.668	3.638	3.667	2154689	7866582.00
2024/10/23	3.668	3.679	3.667	3.675	2096581	7697797.00
2024/10/24	3.677	3.678	3.658	3.670	2749668	10098573.00
2024/10/25	3.669	3.709	3.669	3.673	3758748	13870112.00
2024/10/28	3.678	3.704	3.660	3.703	2199245	8103979.00
2024/10/29	3.681	3.703	3.680	3.695	1766705	6522975.00
2024/10/30	3.694	3.702	3.677	3.687	2998840	11070767.00
2024/10/31	3.684	3.687	3.660	3.670	1682954	6179810.00
2024/11/01	3.661	3.671	3.650	3.665	2970196	10871263.00
2024/11/04	3.665	3.665	3.657	3.660	1067222	3905325.00
2024/11/05	3.665	3.670	3.650	3.664	2980975	10907721.00
2024/11/06	3.651	3.664	3.650	3.657	2216726	8104298.00
2024/11/07	3.657	3.669	3.655	3.665	2839002	10407117.00
2024/11/08	3.665	3.665	3.656	3.657	3326934	12169959.00
2024/11/11	3.655	3.680	3.636	3.671	6383608	23273088.00
2024/11/12	3.680	3.680	3.658	3.675	3432535	12591428.00
2024/11/13	3.677	3.686	3.653	3.669	2991259	10969353.00
2024/11/14	3.668	3.668	3.652	3.657	2152531	7871358.00
2024/11/15	3.657	3.664	3.651	3.657	1933871	7072208.00
2024/11/18	3.653	3.663	3.640	3.643	2059039	7522203.00
2024/11/19	3.643	3.651	3.631	3.639	2045998	7448037.00
2024/11/20	3.639	3.679	3.633	3.672	1706635	6242975.00
2024/11/21	3.678	3.725	3.661	3.721	3683278	13654468.00
2024/11/22	3.721	3.744	3.700	3.720	3158490	11751195.00
2024/11/25	3.719	3.728	3.686	3.723	2844688	10572437.00
2024/11/26	3.714	3.731	3.698	3.705	1616168	5998136.00
2024/11/27	3.704	3.731	3.692	3.724	2671747	9896513.00
2024/11/28	3.710	3.736	3.710	3.730	2208137	8222521.00
2024/11/29	3.730	3.760	3.711	3.750	1907056	7142376.00
2024/12/02	3.750	3.819	3.741	3.771	4193752	15819689.00
2024/12/03	3.771	3.800	3.758	3.796	3427681	12977921.00
2024/12/04	3.797	3.805	3.763	3.792	2763967	10464828.00
2024/12/05	3.791	3.800	3.769	3.783	4583974	17366424.00
2024/12/06	3.783	3.795	3.773	3.795	2641047	10013374.00
2024/12/09	3.795	3.815	3.785	3.809	2374021	9019380.00
2024/12/10	3.809	3.915	3.790	3.901	5300556	20515624.00
2024/12/11	3.901	3.999	3.885	3.986	3905618	15437372.00
2024/12/12	3.987	4.003	3.900	3.916	3928069	15608155.00
2024/12/13	3.907	3.958	3.876	3.937	4596458	18027220.00
2024/12/16	3.938	3.969	3.930	3.965	1352316	5343739.00
2024/12/17	3.965	3.965	3.875	3.892	1956910	7677773.00
2024/12/18	3.892	3.905	3.851	3.881	2819884	10905032.00
2024/12/19	3.880	3.920	3.826	3.906	3250760	12530300.00
2024/12/20	3.910	3.971	3.870	3.942	3138927	12340434.00
2024/12/23	3.942	3.960	3.903	3.930	2686839	10576639.00
2024/12/24	3.930	3.936	3.890	3.905	2691838	10546768.00
2024/12/25	3.900	3.902	3.860	3.869	1491866	5803815.00
2024/12/26	3.865	3.891	3.853	3.859	2009323	7780013.00
2024/12/27	3.854	3.899	3.854	3.861	1340781	5195109.00
2024/12/30	3.861	3.899	3.858	3.861	3123653	12138736.00
2024/12/31	3.860	3.892	3.807	3.835	4500406	17361460.00
2025/01/02	3.835	3.887	3.810	3.881	4342916	16810420.00
2025/01/03	3.881	3.985	3.880	3.970	5344096	21084466.00
2025/01/06	3.965	4.028	3.952	4.013	5982592	23944022.00
2025/01/07	4.014	4.015	3.930	3.938	4998696	19793352.00
2025/01/08	3.936	3.999	3.920	3.973	4273982	16938236.00
2025/01/09	3.984	3.998	3.936	3.986	4676673	18523990.00
2025/01/10	3.986	4.022	3.946	4.010	2993563	11975618.00
2025/01/13	4.011	4.015	3.937	3.946	3629451	14463967.00
2025/01/14	3.932	3.934	3.850	3.874	5693829	22199516.00
2025/01/15	3.860	3.930	3.855	3.898	3475415	13561784.00
2025/01/16	3.897	3.902	3.801	3.856	7471101	28750938.00
2025/01/17	3.838	3.869	3.821	3.854	3954346	15203518.00
2025/01/20	3.854	3.899	3.833	3.890	4729290	18317080.00
2025/01/21	3.894	3.929	3.854	3.888	3226757	12555258.00
2025/01/22	3.881	3.920	3.850	3.915	4463662	17358692.00
2025/01/23	3.924	3.924	3.888	3.895	1927741	7516491.00
2025/01/24	3.883	3.900	3.881	3.898	2466993	9603014.00
2025/01/27	3.898	3.946	3.898	3.943	2392567	9406111.00
2025/02/05	3.943	3.960	3.885	3.917	3186310	12448504.00
2025/02/06	3.912	3.919	3.853	3.880	4950055	19254940.00
2025/02/07	3.877	3.909	3.863	3.886	3267336	12687432.00
2025/02/10	3.886	3.900	3.869	3.886	3741212	14530253.00
2025/02/11	3.888	3.932	3.858	3.930	4590168	17871304.00
2025/02/12	3.933	3.978	3.900	3.905	3244177	12797753.00
2025/02/13	3.900	3.918	3.889	3.899	3533465	13782905.00
2025/02/14	3.898	3.944	3.888	3.936	4613543	18119412.00
2025/02/17	3.935	3.978	3.930	3.950	4287681	16934864.00
2025/02/18	3.949	3.973	3.921	3.972	4188964	16521886.00
2025/02/19	3.973	3.991	3.940	3.975	3425993	13584478.00
2025/02/20	3.975	4.000	3.958	3.983	4947611	19705740.00
2025/02/21	3.983	4.005	3.975	4.002	3696915	14740840.00
2025/02/24	4.000	4.000	3.948	3.948	4614331	18346220.00
2025/02/25	3.945	3.966	3.912	3.923	4638147	18244952.00
2025/02/26	3.923	3.936	3.886	3.910	6138353	23950940.00
2025/02/27	3.900	3.900	3.830	3.879	6936346	26861348.00
2025/02/28	3.879	3.903	3.801	3.896	7559180	28944872.00
2025/03/03	3.885	3.886	3.846	3.885	2722689	10544174.00
2025/03/04	3.871	3.899	3.871	3.882	4669357	18158372.00
2025/03/05	3.878	3.895	3.863	3.889	3372220	13082839.00
2025/03/06	3.891	3.895	3.865	3.866	3945280	15286949.00
2025/03/07	3.866	3.885	3.823	3.847	3321440	12789765.00
2025/03/10	3.841	3.890	3.830	3.881	4517444	17506748.00
2025/03/11	3.861	3.889	3.851	3.879	3408560	13195144.00
2025/03/12	3.879	3.890	3.855	3.878	4210459	16324153.00
2025/03/13	3.871	3.917	3.871	3.898	3202291	12498480.00
2025/03/14	3.898	3.908	3.873	3.898	4374897	17023260.00
2025/03/17	3.895	3.900	3.876	3.887	2860100	11119091.00
2025/03/18	3.887	3.908	3.876	3.879	3148819	12255808.00
2025/03/19	3.883	3.916	3.880	3.910	4322512	16860120.00
2025/03/20	3.910	3.935	3.900	3.922	3904695	15312096.00
2025/03/21	3.924	3.950	3.910	3.939	2589515	10202770.00
2025/03/24	3.939	3.980	3.939	3.955	2353151	9314497.00
2025/03/25	3.955	3.955	3.907	3.939	3658421	14380906.00
2025/03/26	3.935	3.939	3.912	3.937	3820651	14996298.00
2025/03/27	3.939	3.980	3.922	3.935	3057101	12094681.00
2025/03/28	3.938	3.966	3.926	3.938	3260425	12871328.00
2025/03/31	3.939	3.980	3.939	3.940	3143723	12435020.00
2025/04/01	3.936	3.964	3.912	3.922	3687135	14508874.00
2025/04/02	3.920	3.960	3.912	3.949	3142258	12368732.00
2025/04/03	3.960	3.968	3.925	3.955	3265380	12895054.00
2025/04/07	3.955	3.975	3.895	3.950	5450795	21520364.00
2025/04/08	3.945	3.970	3.930	3.948	3508672	13862276.00
2025/04/09	3.948	3.971	3.930	3.969	5861578	23123608.00
2025/04/10	3.849	3.860	3.841	3.845	5333724	20536792.00
2025/04/11	3.849	3.849	3.825	3.837	3759787	14428510.00
2025/04/14	3.841	3.850	3.822	3.837	3464381	13294781.00
2025/04/15	3.842	3.848	3.830	3.837	2617125	10042517.00
2025/04/16	3.831	3.845	3.830	3.839	3310353	12699524.00
2025/04/17	3.838	3.843	3.827	3.841	1862532	7145881.00
2025/04/18	3.842	3.845	3.831	3.843	2459411	9441160.00
2025/04/21	3.844	3.851	3.831	3.850	2562505	9847950.00
2025/04/22	3.840	3.850	3.829	3.831	4146782	15934627.00
2025/04/23	3.830	3.840	3.815	3.822	3644735	13965856.00
2025/04/24	3.822	3.828	3.817	3.823	2754721	10533698.00
2025/04/25	3.824	3.828	3.787	3.801	2601140	9921704.00
2025/04/28	3.801	3.808	3.781	3.787	3083292	11695538.00
2025/04/29	3.780	3.815	3.780	3.810	2669874	10164486.00
2025/04/30	3.810	3.825	3.810	3.820	2998207	11452475.00
2025/05/06	3.820	3.829	3.813	3.825	1474442	5639798.00
2025/05/07	3.820	3.827	3.790	3.821	1669853	6367170.00
2025/05/08	3.821	3.823	3.811	3.822	1324725	5053166.00
2025/05/09	3.822	3.836	3.812	3.833	2431225	9304046.00
2025/05/12	3.829	3.837	3.823	3.828	1699125	6502518.00
2025/05/13	3.828	3.832	3.823	3.830	1017286	3895559.00
2025/05/14	3.829	3.852	3.816	3.841	3644932	13966898.00
2025/05/15	3.840	3.845	3.821	3.826	1423330	5447353.00
2025/05/16	3.826	3.849	3.822	3.846	1661042	6373904.00
2025/05/19	3.846	3.851	3.833	3.850	2229420	8556635.00
2025/05/20	3.848	3.859	3.836	3.840	2029850	7804101.00
2025/05/21	3.842	3.849	3.832	3.838	2587651	9937666.00
2025/05/22	3.838	3.838	3.827	3.830	1494406	5725238.00
2025/05/23	3.828	3.837	3.822	3.830	1547156	5920079.00
2025/05/26	3.823	3.829	3.820	3.825	1425065	5451968.00
2025/05/27	3.825	3.830	3.811	3.818	2317524	8852527.00
2025/05/28	3.818	3.818	3.796	3.798	1356104	5158291.00
2025/05/29	3.807	3.807	3.791	3.800	2516832	9558038.00
2025/05/30	3.800	3.805	3.795	3.799	651485	2474968.00
2025/06/03	3.799	3.803	3.796	3.800	616982	2343415.00
2025/06/04	3.803	3.809	3.799	3.805	2153783	8191223.00
2025/06/05	3.805	3.812	3.801	3.810	2146716	8166721.00
2025/06/06	3.809	3.822	3.803	3.816	3848286	14679274.00
2025/06/09	3.818	3.818	3.804	3.815	3553009	13537279.00
2025/06/10	3.815	3.815	3.800	3.805	2567880	9781171.00
2025/06/11	3.804	3.813	3.803	3.805	1972248	7503112.00
2025/06/12	3.805	3.807	3.802	3.804	1972912	7506101.00
2025/06/13	3.805	3.808	3.797	3.801	2757391	10480883.00
2025/06/16	3.800	3.810	3.796	3.809	1218783	4634005.00
2025/06/17	3.809	3.837	3.809	3.830	2452477	9358557.00
2025/06/18	3.830	3.858	3.815	3.855	2477509	9531693.00
2025/06/19	3.841	3.856	3.837	3.846	2296452	8834083.00
2025/06/20	3.846	3.863	3.841	3.863	1774640	6841182.00
2025/06/23	3.869	3.869	3.847	3.864	2494848	9624439.00
2025/06/24	3.863	3.878	3.837	3.866	3020003	11638653.00
2025/06/25	3.866	3.890	3.853	3.874	3894794	15074852.00
2025/06/26	3.874	3.890	3.865	3.884	3252163	12618610.00
2025/06/27	3.883	3.898	3.854	3.858	4504691	17454434.00
2025/06/30	3.842	3.865	3.831	3.841	2894901	11141377.00
2025/07/01	3.845	3.870	3.837	3.860	3648114	14044620.00
2025/07/02	3.851	3.910	3.851	3.910	9523705	36888552.00
2025/07/03	3.900	3.977	3.884	3.974	8581611	33704940.00
2025/07/04	3.958	4.004	3.943	4.002	4412467	17587924.00
2025/07/07	4.003	4.003	3.961	3.999	2538093	10126564.00
2025/07/08	3.998	4.049	3.990	4.007	4458018	17866932.00
2025/07/09	4.004	4.038	3.998	4.028	2402355	9651669.00
2025/07/10	4.030	4.038	3.998	4.008	2638152	10616713.00
2025/07/11	3.992	4.030	3.980	4.030	5751755	22980692.00
2025/07/14	4.022	4.035	4.002	4.027	3326484	13380939.00
2025/07/15	4.026	4.038	4.004	4.029	2534133	10198693.00
2025/07/16	4.028	4.049	4.010	4.049	3776782	15222842.00
2025/07/17	4.048	4.058	4.027	4.038	3380533	13646123.00
2025/07/18	4.034	4.045	4.015	4.036	3844603	15511970.00
2025/07/21	4.033	4.033	3.983	3.989	2537536	10156275.00
2025/07/22	3.985	3.985	3.909	3.935	3291771	12932993.00
2025/07/23	3.934	3.934	3.880	3.886	3415281	13304643.00
2025/07/24	3.888	3.907	3.872	3.905	3965879	15411029.00
2025/07/25	3.909	3.924	3.907	3.922	2327798	9120361.00
2025/07/28	3.924	3.939	3.911	3.926	2217906	8704207.00
2025/07/29	3.926	3.926	3.906	3.920	596416	2333078.00
2025/07/30	3.914	3.930	3.900	3.929	763749	2995041.00
2025/07/31	3.920	3.998	3.920	3.983	4458862	17698084.00
2025/08/01	3.983	3.990	3.945	3.951	3114801	12325139.00
2025/08/04	3.948	3.970	3.944	3.956	2731678	10795946.00
2025/08/05	3.953	3.976	3.935	3.975	1365019	5414292.00
2025/08/06	3.965	3.992	3.955	3.990	2030082	8083971.00
2025/08/07	3.981	3.994	3.978	3.983	1005592	4005317.00
2025/08/08	3.975	3.995	3.970	3.981	2210263	8810569.00
2025/08/11	3.981	3.987	3.965	3.970	1053390	4188546.00
2025/08/12	3.964	3.980	3.935	3.940	1487796	5878334.00
2025/08/13	3.939	3.949	3.909	3.936	563205	2213726.00
2025/08/14	3.928	3.949	3.918	3.923	1345838	5284017.00
2025/08/15	3.923	3.949	3.888	3.896	3481000	13586481.00
2025/08/18	3.897	3.929	3.839	3.846	2822555	10920036.00
2025/08/19	3.842	3.869	3.839	3.843	1812003	6976056.00
2025/08/20	3.843	3.873	3.835	3.835	3286545	12645428.00
2025/08/21	3.835	3.859	3.826	3.832	7248466	27794166.00
2025/08/22	3.834	3.855	3.823	3.834	3604672	13816078.00
2025/08/25	3.828	3.834	3.813	3.813	7352187	28067148.00
2025/08/26	3.814	3.852	3.813	3.848	3032867	11650720.00
2025/08/27	3.850	3.865	3.836	3.851	2446334	9430886.00
2025/08/28	3.851	3.870	3.836	3.850	1519518	5856840.00
2025/08/29	3.850	3.868	3.841	3.855	2186160	8426329.00
2025/09/01	3.855	3.871	3.836	3.853	2224622	8574271.00
2025/09/02	3.856	3.865	3.831	3.859	1937468	7468088.00
2025/09/03	3.859	3.869	3.840	3.855	2522187	9719345.00
2025/09/04	3.859	3.888	3.846	3.887	3444072	13361866.00
2025/09/05	3.888	3.904	3.865	3.889	2455565	9543557.00
2025/09/08	3.889	3.895	3.853	3.860	2590115	10020044.00
2025/09/09	3.860	3.874	3.850	3.855	1799930	6939622.00
2025/09/10	3.855	3.867	3.837	3.843	2815462	10828694.00
2025/09/11	3.852	3.878	3.852	3.872	3569525	13812164.00
2025/09/12	3.873	3.897	3.852	3.869	3153360	12217636.00
2025/09/15	3.869	3.885	3.855	3.878	1968349	7627762.00
2025/09/16	3.714	3.743	3.710	3.718	3077522	11456562.00
2025/09/17	3.732	3.732	3.705	3.713	3387113	12573802.00
2025/09/18	3.713	3.719	3.700	3.701	2331704	8636959.00
2025/09/19	3.701	3.703	3.681	3.682	2858339	10539376.00
2025/09/22	3.682	3.694	3.680	3.686	1785437	6584027.00
2025/09/23	3.686	3.705	3.676	3.682	2584743	9522544.00
2025/09/24	3.682	3.704	3.664	3.682	1759991	6477511.00
2025/09/25	3.682	3.691	3.661	3.669	2687818	9872612.00
2025/09/26	3.669	3.684	3.660	3.670	2147955	7888974.00
2025/09/29	3.670	3.680	3.655	3.662	982796	3601569.00
2025/09/30	3.663	3.670	3.652	3.659	1146657	4193184.00
2025/10/09	3.657	3.669	3.655	3.661	2331792	8535258.00
2025/10/10	3.661	3.686	3.653	3.678	1210734	4447620.00
2025/10/13	3.677	3.688	3.662	3.687	950983	3497228.00
2025/10/14	3.685	3.687	3.666	3.673	2149383	7900451.00
2025/10/15	3.674	3.686	3.656	3.661	654673	2397963.00
2025/10/16	3.661	3.683	3.656	3.660	869473	3186910.00
2025/10/17	3.671	3.671	3.652	3.655	629856	2303638.00
2025/10/20	3.655	3.675	3.639	3.654	874808	3194103.00
2025/10/21	3.648	3.665	3.634	3.656	2195399	7992484.00
2025/10/22	3.656	3.665	3.635	3.658	2206892	8064122.00
2025/10/23	3.665	3.668	3.640	3.667	2874626	10513781.00
2025/10/24	3.668	3.686	3.643	3.684	2770689	10161545.00
2025/10/27	3.680	3.712	3.680	3.685	2298686	8487416.00
2025/10/28	3.692	3.765	3.680	3.754	4869559	18036460.00
2025/10/29	3.752	3.778	3.729	3.774	2072845	7801969.00
2025/10/30	3.774	3.774	3.712	3.769	1725724	6477212.00
2025/10/31	3.754	3.772	3.734	3.753	1997503	7496475.00
2025/11/03	3.752	3.770	3.720	3.742	2185031	8179414.00
2025/11/04	3.741	3.760	3.704	3.736	2341514	8708935.00
2025/11/05	3.736	3.754	3.726	3.753	1785156	6680771.00
2025/11/06	3.750	3.769	3.733	3.761	2434873	9154217.00
2025/11/07	3.765	3.784	3.740	3.774	2308562	8707694.00
2025/11/10	3.774	3.788	3.753	3.787	1166664	4407230.00
2025/11/11	3.787	3.800	3.766	3.777	1250096	4733930.00
2025/11/12	3.775	3.784	3.766	3.782	825424	3119748.00
2025/11/13	3.781	3.788	3.761	3.769	1211480	4569704.00
2025/11/14	3.769	3.776	3.753	3.773	1622020	6114053.00
2025/11/17	3.771	3.785	3.753	3.769	1270963	4789354.00
2025/11/18	3.769	3.779	3.766	3.772	2170869	8186306.00
2025/11/19	3.770	3.779	3.755	3.760	1709879	6439619.00
2025/11/20	3.760	3.775	3.760	3.770	900980	3394346.00
2025/11/21	3.777	3.785	3.761	3.770	1197896	4511294.00
2025/11/24	3.771	3.778	3.761	3.776	926188	3496250.00
2025/11/25	3.775	3.775	3.753	3.774	3333013	12558832.00
2025/11/26	3.760	3.777	3.760	3.776	2060492	7776679.00
2025/11/27	3.776	3.777	3.764	3.776	2481109	9362335.00
2025/11/28	3.764	3.777	3.763	3.774	548102	2068879.00
2025/12/01	3.774	3.786	3.770	3.774	1067609	4029372.00
2025/12/02	3.774	3.779	3.761	3.769	1009156	3809195.00
2025/12/03	3.769	3.773	3.760	3.766	419947	1582176.00
2025/12/04	3.766	3.771	3.747	3.755	760864	2860314.00
2025/12/05	3.757	3.770	3.728	3.750	1438761	5378750.00
2025/12/08	3.750	3.751	3.726	3.731	712908	2661690.00
2025/12/09	3.729	3.730	3.675	3.694	2679816	9897888.00
2025/12/10	3.700	3.722	3.695	3.719	1272277	4712000.00
2025/12/11	3.721	3.730	3.701	3.711	1081817	4017417.00
2025/12/12	3.711	3.751	3.701	3.734	637519	2380008.00
2025/12/15	3.734	3.744	3.723	3.732	1134498	4233648.00
2025/12/16	3.732	3.745	3.723	3.730	626470	2337004.00
2025/12/17	3.730	3.737	3.714	3.720	726983	2705143.00
2025/12/18	3.720	3.733	3.696	3.702	719184	2664376.00
2025/12/19	3.702	3.710	3.665	3.670	1625971	5974968.00
2025/12/22	3.670	3.677	3.617	3.630	1962046	7165061.00
2025/12/23	3.634	3.643	3.593	3.598	1444584	5220755.00
2025/12/24	3.609	3.640	3.581	3.635	1891097	6804921.00
2025/12/25	3.634	3.684	3.610	3.667	1787709	6548826.00
2025/12/26	3.667	3.667	3.647	3.658	428058	1566060.00
2025/12/29	3.658	3.658	3.622	3.632	667635	2426293.00
2025/12/30	3.630	3.632	3.600	3.631	1294571	4680092.00
2025/12/31	3.631	3.631	3.603	3.625	1924687	6953861.00
2026/01/05	3.625	3.643	3.615	3.641	694661	2520627.00
2026/01/06	3.641	3.650	3.630	3.643	532599	1940881.00
2026/01/07	3.643	3.694	3.640	3.668	1540855	5637422.00
2026/01/08	3.668	3.704	3.661	3.672	1221638	4499116.00
2026/01/09	3.672	3.698	3.656	3.673	925442	3397795.00
2026/01/12	3.673	3.675	3.632	3.649	691778	2527327.00
2026/01/13	3.634	3.657	3.634	3.645	1705615	6218983.00
2026/01/14	3.646	3.660	3.630	3.636	769541	2803442.00
2026/01/15	3.635	3.649	3.627	3.627	1821427	6612086.00
2026/01/16	3.626	3.648	3.625	3.633	735121	2670245.00
2026/01/19	3.633	3.646	3.622	3.624	670058	2430546.00
2026/01/20	3.624	3.663	3.615	3.652	675555	2464701.00
2026/01/21	3.637	3.667	3.637	3.662	1238763	4532528.00
2026/01/22	3.660	3.686	3.650	3.677	670479	2464279.00
2026/01/23	3.674	3.708	3.645	3.688	1159258	4258060.00
2026/01/26	3.686	3.700	3.669	3.693	649399	2390114.00
2026/01/27	3.694	3.700	3.676	3.679	1338441	4930101.00
2026/01/28	3.693	3.693	3.664	3.667	1599104	5863964.00
2026/01/29	3.669	3.686	3.656	3.682	2598101	9539665.00
2026/01/30	3.683	3.700	3.682	3.686	2004987	7395359.00
2026/02/02	3.686	3.686	3.666	3.682	1939610	7122346.00
2026/02/03	3.670	3.691	3.668	3.686	2433221	8966678.00
2026/02/04	3.686	3.699	3.671	3.687	1626409	5998186.00
2026/02/05	3.687	3.704	3.678	3.680	1565173	5767021.00
2026/02/06	3.679	3.683	3.674	3.678	1028399	3785502.00
2026/02/09	3.679	3.692	3.670	3.671	283744	1042376.00
2026/02/10	3.671	3.689	3.668	3.687	346577	1274957.00
2026/02/11	3.688	3.692	3.675	3.680	659381	2431242.00
2026/02/12	3.671	3.691	3.671	3.679	224486	825712.00
2026/02/13	3.674	3.689	3.670	3.679	451563	1660033.00
2026/02/24	3.684	3.694	3.682	3.685	350187	1291300.00
2026/02/25	3.685	3.695	3.680	3.690	351753	1297731.00
2026/02/26	3.690	3.696	3.682	3.687	481750	1775864.00
2026/02/27	3.683	3.698	3.680	3.689	562932	2077690.00
2026/03/02	3.689	3.694	3.662	3.689	648561	2390486.00
2026/03/03	3.689	3.695	3.670	3.687	1079116	3976754.00
2026/03/04	3.686	3.692	3.672	3.681	656607	2415695.00
2026/03/05	3.666	3.690	3.666	3.680	347713	1279491.00
2026/03/06	3.680	3.680	3.670	3.672	648023	2381770.00
2026/03/09	3.672	3.684	3.668	3.678	790927	2907728.00
2026/03/10	3.678	3.686	3.675	3.682	722459	2658413.00
2026/03/11	3.675	3.704	3.675	3.700	1123212	4150583.00
2026/03/12	3.699	3.708	3.696	3.698	836845	3097593.00
2026/03/13	3.697	3.698	3.684	3.685	833404	3073658.00
2026/03/16	3.685	3.706	3.685	3.692	571713	2111780.00
2026/03/17	3.692	3.706	3.686	3.703	581310	2151403.00
2026/03/18	3.705	3.708	3.690	3.707	615747	2279617.00
2026/03/19	3.705	3.739	3.690	3.721	915028	3403887.00
2026/03/20	3.724	3.735	3.710	3.722	504613	1879284.00
2026/03/23	3.721	3.722	3.690	3.692	744587	2751659.00
2026/03/24	3.692	3.704	3.665	3.700	559113	2059043.00
2026/04/03	3.776	3.783	3.760	3.771	2216055	8358892.00
#鑒앴윱都:繫댐斤
