508097 ЛЊЬЉФЯОЉНЈкўREIT ШеЯп ВЛИДШЈ
      ШеЦк	    ПЊХЬ	    зюИп	    зюЕЭ	    ЪеХЬ	    ГЩНЛСП	    ГЩНЛЖю
2024/12/03	2.599	2.599	2.567	2.595	2635490	6792450.00
2024/12/04	2.595	2.600	2.557	2.600	539059	1397092.00
2024/12/05	2.600	2.600	2.572	2.592	148119	383988.00
2024/12/06	2.592	2.703	2.592	2.694	316454	829019.00
2024/12/09	2.717	2.800	2.717	2.769	762176	2099354.00
2024/12/10	2.769	2.851	2.670	2.770	1152786	3186775.00
2024/12/11	2.773	2.812	2.740	2.773	190786	529029.00
2024/12/12	2.774	2.796	2.767	2.786	186943	519625.00
2024/12/13	2.786	3.000	2.786	2.814	1261308	3648978.00
2024/12/16	2.815	2.950	2.815	2.883	230653	663657.00
2024/12/17	2.883	3.001	2.881	2.921	834302	2445069.00
2024/12/18	2.911	2.960	2.887	2.894	469540	1377186.00
2024/12/19	2.890	2.925	2.848	2.848	324034	928496.00
2024/12/20	2.863	2.863	2.784	2.843	354776	1005214.00
2024/12/23	2.834	2.842	2.793	2.816	123056	347203.00
2024/12/24	2.825	2.860	2.785	2.830	94591	267554.00
2024/12/25	2.814	2.880	2.814	2.820	135376	384107.00
2024/12/26	2.820	2.884	2.790	2.821	141437	398712.00
2024/12/27	2.825	2.848	2.804	2.805	448925	1262889.00
2024/12/30	2.805	2.880	2.730	2.781	358402	1008229.00
2024/12/31	2.789	2.830	2.754	2.768	683725	1905911.00
2025/01/02	2.784	2.851	2.777	2.850	1026738	2885995.00
2025/01/03	2.835	2.966	2.835	2.958	386883	1119212.00
2025/01/06	2.958	2.999	2.949	2.999	165178	494313.00
2025/01/07	2.984	3.010	2.934	2.955	174769	517752.00
2025/01/08	2.939	2.999	2.864	2.989	511244	1520871.00
2025/01/09	3.004	3.020	2.996	3.010	533154	1599928.00
2025/01/10	2.994	3.059	2.958	3.040	121050	367806.00
2025/01/13	2.999	3.140	2.999	3.037	242255	736905.00
2025/01/14	3.021	3.140	3.000	3.045	111265	338392.00
2025/01/15	3.061	3.081	3.020	3.058	297324	904559.00
2025/01/16	3.100	3.100	3.060	3.073	221561	682425.00
2025/01/17	3.165	3.165	3.073	3.099	19342	59983.00
2025/01/20	3.091	3.182	3.064	3.155	64250	198437.00
2025/01/21	3.249	3.249	3.156	3.198	178822	568418.00
2025/01/22	3.199	3.293	3.194	3.212	208624	673578.00
2025/01/23	3.201	3.260	3.138	3.214	129240	414525.00
2025/01/24	3.172	3.268	3.169	3.235	173341	558698.00
2025/01/27	3.235	3.279	3.235	3.260	106938	348684.00
2025/02/05	3.271	3.398	3.206	3.349	375651	1233655.00
2025/02/06	3.302	3.475	3.302	3.458	351410	1189347.00
2025/02/07	3.475	3.687	3.390	3.581	773326	2742357.00
2025/02/10	3.608	3.671	3.577	3.671	530936	1923376.00
2025/02/11	3.671	3.895	3.671	3.795	952657	3613208.00
2025/02/12	3.800	3.814	3.690	3.710	1084302	4081010.00
2025/02/13	3.710	3.788	3.495	3.540	596022	2140560.00
2025/02/14	3.522	3.556	3.442	3.520	1157479	4056373.00
2025/02/17	3.474	3.511	3.474	3.487	478169	1669556.00
2025/02/18	3.486	3.555	3.486	3.523	181028	633718.00
2025/02/19	3.523	3.549	3.493	3.497	759199	2670654.00
2025/02/20	3.460	3.528	3.429	3.431	1179965	4084095.00
2025/02/21	3.352	3.448	3.352	3.395	1128821	3860451.00
2025/02/24	3.395	3.396	3.344	3.354	226972	764501.00
2025/02/25	3.354	3.380	3.300	3.329	1246779	4171709.00
2025/02/26	3.310	3.372	3.300	3.335	1143264	3818324.00
2025/02/27	3.335	3.368	3.261	3.263	645578	2126182.00
2025/02/28	3.260	3.260	3.118	3.212	751656	2387071.00
2025/03/03	3.201	3.217	3.144	3.217	1006789	3208478.00
2025/03/04	3.215	3.320	3.171	3.272	542980	1758375.00
2025/03/05	3.272	3.361	3.246	3.338	258757	848054.00
2025/03/06	3.335	3.374	3.307	3.369	770395	2569710.00
2025/03/07	3.366	3.366	3.270	3.309	1659600	5501157.00
2025/03/10	3.300	3.373	3.271	3.281	310959	1027849.00
2025/03/11	3.281	3.320	3.200	3.219	609048	1982019.00
2025/03/12	3.219	3.238	3.178	3.190	622096	1985415.00
2025/03/13	3.190	3.218	3.166	3.188	452528	1442293.00
2025/03/14	3.188	3.188	3.180	3.181	156863	499459.00
2025/03/17	3.170	3.259	3.170	3.219	825158	2649001.00
2025/03/18	3.215	3.274	3.205	3.220	1265065	4082853.00
2025/03/19	3.204	3.252	3.204	3.250	693163	2241844.00
2025/03/20	3.238	3.340	3.237	3.311	507395	1669881.00
2025/03/21	3.311	3.348	3.293	3.347	240842	801004.00
2025/03/24	3.346	3.420	3.346	3.408	674247	2289801.00
2025/03/25	3.408	3.479	3.408	3.448	474194	1631309.00
2025/03/26	3.432	3.520	3.419	3.515	378200	1314263.00
2025/03/27	3.498	3.600	3.498	3.570	391471	1389384.00
2025/03/28	3.623	3.623	3.476	3.488	1028620	3618737.00
2025/03/31	3.440	3.485	3.336	3.371	1038104	3528131.00
2025/04/01	3.370	3.371	3.324	3.333	641629	2140443.00
2025/04/02	3.316	3.373	3.311	3.360	687630	2302327.00
2025/04/03	3.345	3.418	3.345	3.417	810118	2749986.00
2025/04/07	3.387	3.433	3.270	3.276	548532	1822871.00
2025/04/08	3.277	3.291	3.249	3.256	716532	2339673.00
2025/04/09	3.307	3.307	3.167	3.240	171500	554390.00
2025/04/10	3.184	3.256	3.184	3.244	495862	1605532.00
2025/04/11	3.245	3.289	3.220	3.274	275000	899292.00
2025/04/14	3.273	3.291	3.258	3.266	183778	600933.00
2025/04/15	3.258	3.273	3.240	3.240	313866	1020874.00
2025/04/16	3.250	3.250	3.223	3.236	246900	799748.00
2025/04/17	3.221	3.345	3.221	3.344	1954078	6423865.00
2025/04/18	3.335	3.410	3.320	3.400	2361259	7971122.00
2025/04/21	3.386	3.485	3.341	3.470	2648282	8941807.00
2025/04/22	3.455	3.511	3.430	3.451	2302531	7953536.00
2025/04/23	3.460	3.460	3.421	3.445	187498	645492.00
2025/04/24	3.440	3.485	3.430	3.445	520100	1796668.00
2025/04/25	3.450	3.473	3.400	3.433	702300	2411826.00
2025/04/28	3.419	3.425	3.364	3.380	119900	406089.00
2025/04/29	3.358	3.396	3.310	3.396	99365	336473.00
2025/04/30	3.359	3.440	3.333	3.398	386300	1313779.00
2025/05/06	3.389	3.412	3.383	3.388	170200	577402.00
2025/05/07	3.388	3.397	3.354	3.380	222954	750958.00
2025/05/08	3.380	3.393	3.360	3.372	142200	480586.00
2025/05/09	3.359	3.410	3.341	3.402	437463	1486083.00
2025/05/12	3.388	3.470	3.388	3.462	461300	1571576.00
2025/05/13	3.448	3.492	3.434	3.484	389442	1351536.00
2025/05/14	3.470	3.505	3.468	3.493	1331625	4648450.00
2025/05/15	3.493	3.512	3.436	3.452	293900	1022317.00
2025/05/16	3.466	3.480	3.416	3.460	159900	554197.00
2025/05/19	3.465	3.482	3.456	3.480	525654	1823090.00
2025/05/20	3.480	3.534	3.480	3.528	461195	1620896.00
2025/05/21	3.542	3.568	3.515	3.536	238381	841542.00
2025/05/22	3.522	3.522	3.467	3.476	1035893	3609817.00
2025/05/23	3.475	3.475	3.437	3.443	196900	679541.00
2025/05/26	3.429	3.468	3.429	3.468	362350	1254514.00
2025/05/27	3.467	3.497	3.467	3.468	228300	795630.00
2025/05/28	3.454	3.505	3.444	3.504	241700	844564.00
2025/05/29	3.482	3.545	3.482	3.535	757293	2665533.00
2025/05/30	3.549	3.563	3.490	3.514	595665	2094374.00
2025/06/03	3.501	3.523	3.501	3.514	185500	652368.00
2025/06/04	3.500	3.543	3.500	3.501	69700	245119.00
2025/06/05	3.501	3.501	3.486	3.488	281218	981855.00
2025/06/06	3.502	3.502	3.474	3.479	153465	533828.00
2025/06/09	3.487	3.487	3.440	3.455	174359	602769.00
2025/06/10	3.441	3.500	3.441	3.496	532929	1858825.00
2025/06/11	3.482	3.500	3.482	3.496	175830	614488.00
2025/06/12	3.482	3.527	3.478	3.519	82965	290019.00
2025/06/13	3.505	3.535	3.505	3.511	197900	696540.00
2025/06/16	3.500	3.525	3.486	3.525	150800	527171.00
2025/06/17	3.511	3.534	3.508	3.532	214965	757454.00
2025/06/18	3.535	3.575	3.535	3.575	640528	2281327.00
2025/06/19	3.579	3.780	3.573	3.683	870231	3132359.00
2025/06/20	3.680	3.748	3.638	3.741	465575	1724944.00
2025/06/23	3.726	3.771	3.609	3.734	815875	2992906.00
2025/06/24	3.710	3.710	3.616	3.659	716600	2625633.00
2025/06/25	3.650	3.677	3.599	3.634	567689	2063420.00
2025/06/26	3.633	3.663	3.590	3.615	173000	625154.00
2025/06/27	3.610	3.626	3.568	3.588	116600	418480.00
2025/06/30	3.551	3.610	3.551	3.591	125000	447504.00
2025/07/01	3.557	3.650	3.557	3.608	303500	1091206.00
2025/07/02	3.608	3.650	3.608	3.639	187300	679526.00
2025/07/03	3.624	3.678	3.624	3.660	542300	1982215.00
2025/07/04	3.645	3.700	3.619	3.674	514000	1884072.00
2025/07/07	3.650	3.711	3.640	3.691	246659	910289.00
2025/07/08	3.717	3.717	3.612	3.652	163000	598087.00
2025/07/09	3.637	3.718	3.581	3.594	697300	2536309.00
2025/07/10	3.580	3.620	3.572	3.591	145700	524020.00
2025/07/11	3.592	3.602	3.577	3.590	30800	110495.00
2025/07/14	3.581	3.600	3.555	3.558	238300	853288.00
2025/07/15	3.568	3.568	3.517	3.550	228359	808954.00
2025/07/16	3.536	3.599	3.536	3.595	209366	746525.00
2025/07/17	3.581	3.600	3.573	3.580	214373	767668.00
2025/07/18	3.576	3.666	3.576	3.588	353332	1273875.00
2025/07/21	3.583	3.602	3.480	3.507	440387	1555990.00
2025/07/22	3.506	3.549	3.409	3.432	636221	2217278.00
2025/07/23	3.449	3.472	3.391	3.396	216600	738318.00
2025/07/24	3.393	3.406	3.388	3.389	90865	308340.00
2025/07/25	3.380	3.416	3.380	3.408	55500	189101.00
2025/07/28	3.410	3.505	3.410	3.450	398400	1377079.00
2025/07/29	3.450	3.499	3.365	3.443	701759	2414157.00
2025/07/30	3.429	3.500	3.365	3.498	398522	1365885.00
2025/07/31	3.484	3.524	3.464	3.498	568362	1991482.00
2025/08/01	3.484	3.508	3.408	3.488	400630	1378336.00
2025/08/04	3.474	3.477	3.432	3.453	329966	1138671.00
2025/08/05	3.453	3.480	3.415	3.455	253800	875577.00
2025/08/06	3.459	3.466	3.436	3.466	149123	515292.00
2025/08/07	3.463	3.481	3.411	3.432	369497	1273143.00
2025/08/08	3.440	3.440	3.415	3.423	89732	307012.00
2025/08/11	3.409	3.410	3.371	3.383	73700	249851.00
2025/08/12	3.396	3.396	3.341	3.355	228200	765491.00
2025/08/13	3.368	3.368	3.238	3.304	245193	807169.00
2025/08/14	3.291	3.343	3.270	3.318	298028	982989.00
2025/08/15	3.305	3.333	3.293	3.310	578200	1910794.00
2025/08/18	3.319	3.320	3.232	3.233	534100	1728841.00
2025/08/19	3.243	3.243	3.183	3.184	585565	1870478.00
2025/08/20	3.183	3.300	3.174	3.211	942793	3032706.00
2025/08/21	3.195	3.220	3.190	3.204	197062	630681.00
2025/08/22	3.219	3.219	3.185	3.203	439193	1406547.00
2025/08/25	3.195	3.245	3.168	3.218	2069977	6654040.00
2025/08/26	3.218	3.270	3.162	3.267	1326298	4261888.00
2025/08/27	3.260	3.313	3.221	3.302	2109765	6885330.00
2025/08/28	3.294	3.294	3.265	3.288	2624330	8610887.00
2025/08/29	3.265	3.350	3.265	3.321	2408930	7965703.00
2025/09/01	3.256	3.262	3.232	3.238	98300	318366.00
2025/09/02	3.239	3.295	3.239	3.259	379932	1238698.00
2025/09/03	3.260	3.302	3.259	3.293	449400	1470043.00
2025/09/04	3.295	3.304	3.262	3.283	129100	423416.00
2025/09/05	3.267	3.267	3.234	3.239	169265	549090.00
2025/09/08	3.229	3.260	3.199	3.219	113600	364806.00
2025/09/09	3.200	3.203	3.165	3.165	197300	627340.00
2025/09/10	3.164	3.195	3.130	3.130	202400	637554.00
2025/09/11	3.130	3.164	3.079	3.110	368000	1147725.00
2025/09/12	3.094	3.120	3.069	3.071	310965	957501.00
2025/09/15	3.055	3.102	3.042	3.046	868839	2646924.00
2025/09/16	3.040	3.099	3.030	3.091	867197	2638655.00
2025/09/17	3.095	3.118	3.090	3.096	184995	572977.00
2025/09/18	3.091	3.103	3.079	3.090	104437	322476.00
2025/09/19	3.090	3.090	3.045	3.060	258400	790373.00
2025/09/22	3.045	3.127	3.033	3.124	164432	502495.00
2025/09/23	3.125	3.180	3.091	3.140	244059	766839.00
2025/09/24	3.130	3.163	3.107	3.130	229100	715218.00
2025/09/25	3.111	3.159	3.088	3.105	138359	429877.00
2025/09/26	3.088	3.099	3.060	3.068	196000	602014.00
2025/09/29	3.052	3.068	3.043	3.044	52332	159518.00
2025/09/30	3.036	3.135	3.001	3.118	481831	1465650.00
2025/10/09	3.118	3.121	3.099	3.116	68700	214091.00
2025/10/10	3.116	3.198	3.101	3.160	598904	1899681.00
2025/10/13	3.144	3.203	3.144	3.173	116265	369885.00
2025/10/14	3.173	3.215	3.133	3.180	289566	918115.00
2025/10/15	3.181	3.266	3.147	3.178	787100	2527488.00
2025/10/16	3.179	3.236	3.128	3.128	376504	1196412.00
2025/10/17	3.126	3.126	3.102	3.104	40000	124168.00
2025/10/20	3.095	3.130	3.048	3.107	921900	2851608.00
2025/10/21	3.109	3.123	3.033	3.051	554800	1711250.00
2025/10/22	3.049	3.054	3.033	3.045	35300	107507.00
2025/10/23	3.029	3.125	3.005	3.118	503800	1547358.00
2025/10/24	3.118	3.180	3.110	3.127	449100	1405909.00
2025/10/27	3.129	3.142	3.100	3.120	690732	2152341.00
2025/10/28	3.119	3.167	3.103	3.142	521248	1637468.00
2025/10/29	3.143	3.159	3.120	3.121	231348	723954.00
2025/10/30	3.122	3.153	3.085	3.121	258832	805907.00
2025/10/31	3.122	3.122	3.080	3.086	275632	853113.00
2025/11/03	3.085	3.085	2.971	2.986	2444700	7314335.00
2025/11/04	2.981	2.986	2.940	2.981	1264100	3742260.00
2025/11/05	2.972	3.079	2.969	3.063	715466	2146504.00
2025/11/06	3.064	3.087	3.026	3.041	527300	1610339.00
2025/11/07	3.033	3.080	2.958	2.992	455800	1376219.00
2025/11/10	2.992	3.025	2.920	2.993	2021011	5944949.00
2025/11/11	2.977	2.993	2.936	2.940	486787	1440872.00
2025/11/12	2.934	2.940	2.832	2.837	1417084	4033494.00
2025/11/13	2.824	2.830	2.746	2.758	2930695	8084372.00
2025/11/14	2.758	2.818	2.735	2.795	2383784	6642106.00
2025/11/17	2.778	2.795	2.731	2.769	1758892	4834273.00
2025/11/18	2.756	2.795	2.740	2.760	1470232	4061289.00
2025/11/19	2.759	2.789	2.754	2.760	844500	2336976.00
2025/11/20	2.750	2.750	2.736	2.749	942100	2588638.00
2025/11/21	2.764	2.764	2.741	2.753	73418	201548.00
2025/11/24	2.745	2.749	2.733	2.740	75665	207661.00
2025/11/25	2.724	2.748	2.724	2.724	65059	177565.00
2025/11/26	2.725	2.725	2.704	2.718	429860	1167433.00
2025/11/27	2.719	2.719	2.657	2.657	2024130	5427196.00
2025/11/28	2.641	2.657	2.587	2.590	4644553	12062015.00
2025/12/01	2.590	2.604	2.560	2.589	2402026	6213745.00
2025/12/02	2.590	2.597	2.583	2.590	1458600	3775374.00
2025/12/03	2.574	2.638	2.574	2.610	480700	1250221.00
2025/12/04	2.594	2.629	2.583	2.592	1183500	3065530.00
2025/12/05	2.590	2.624	2.590	2.618	585200	1519600.00
2025/12/08	2.600	2.648	2.600	2.634	1094500	2883952.00
2025/12/09	2.635	2.679	2.623	2.675	761198	2013868.00
2025/12/10	2.676	2.760	2.654	2.760	1932300	5244734.00
2025/12/11	2.759	2.818	2.728	2.792	2557900	7114250.00
2025/12/12	2.784	2.848	2.775	2.810	1049000	2956800.00
2025/12/15	2.810	2.810	2.690	2.724	1638977	4515764.00
2025/12/16	2.701	2.750	2.674	2.710	743223	2011032.00
2025/12/17	2.711	2.726	2.700	2.711	945800	2564254.00
2025/12/18	2.699	2.735	2.698	2.730	3289700	8968509.00
2025/12/19	2.714	2.798	2.711	2.715	3267352	8945973.00
2025/12/22	2.679	2.685	2.620	2.673	1497800	3980196.00
2025/12/23	2.657	2.740	2.657	2.673	354495	951323.00
2025/12/24	2.658	2.749	2.655	2.749	506898	1364425.00
2025/12/25	2.740	2.807	2.720	2.807	3149300	8719097.00
2025/12/26	2.798	2.807	2.768	2.795	800018	2231728.00
2025/12/29	2.794	2.795	2.729	2.739	646400	1783641.00
2025/12/30	2.739	2.750	2.735	2.749	118065	323480.00
2025/12/31	2.750	2.820	2.700	2.789	2664132	7340679.00
2026/01/05	2.792	2.875	2.770	2.868	1538542	4337989.00
2026/01/06	2.869	2.920	2.840	2.916	1369000	3923938.00
2026/01/07	2.918	2.963	2.900	2.907	548666	1607842.00
2026/01/08	2.893	2.935	2.893	2.931	804331	2342926.00
2026/01/09	2.910	2.929	2.887	2.921	415800	1210186.00
2026/01/12	2.905	2.955	2.862	2.955	308737	901316.00
2026/01/13	2.938	2.963	2.935	2.950	1375029	4054022.00
2026/01/14	2.949	2.986	2.928	2.954	1831700	5404329.00
2026/01/15	2.955	2.966	2.905	2.929	1806600	5292663.00
2026/01/16	2.929	2.959	2.908	2.932	2198118	6449211.00
2026/01/19	2.914	2.924	2.898	2.912	2009965	5851293.00
2026/01/20	2.900	2.983	2.895	2.967	290000	855882.00
2026/01/21	2.973	2.995	2.953	2.993	492300	1465900.00
2026/01/22	2.993	3.083	2.974	3.079	623124	1885483.00
2026/01/23	3.085	3.136	3.079	3.083	1345724	4172722.00
2026/01/26	3.089	3.139	3.017	3.081	588500	1805936.00
2026/01/27	3.081	3.081	3.030	3.030	306465	937196.00
2026/01/28	3.031	3.104	3.005	3.086	324100	986630.00
2026/01/29	3.086	3.155	3.063	3.128	969165	3015187.00
2026/01/30	3.129	3.133	3.085	3.119	154032	478683.00
2026/02/02	3.119	3.155	3.024	3.047	1413032	4336283.00
2026/02/03	3.052	3.053	3.008	3.019	1038563	3136424.00
2026/02/04	3.002	3.013	2.985	2.993	374200	1123734.00
2026/02/05	2.996	3.075	2.942	2.991	1392765	4135953.00
2026/02/06	2.976	2.980	2.930	2.966	1455100	4317613.00
2026/02/09	2.954	2.975	2.937	2.975	658600	1951292.00
2026/02/10	2.979	2.990	2.940	2.983	365248	1087965.00
2026/02/11	2.986	3.090	2.986	3.084	453618	1362753.00
2026/02/12	3.086	3.093	3.051	3.060	148100	452977.00
2026/02/13	3.063	3.104	3.029	3.055	966900	2974058.00
2026/02/24	3.058	3.139	2.990	3.019	1147866	3498524.00
2026/02/25	3.022	3.030	2.986	2.986	212984	640073.00
2026/02/26	2.989	2.989	2.909	2.944	900365	2647755.00
2026/02/27	2.945	2.966	2.848	2.866	1831900	5287099.00
2026/03/02	2.859	2.859	2.815	2.828	991772	2800440.00
2026/03/03	2.828	2.930	2.827	2.900	1014165	2935411.00
2026/03/04	2.903	2.927	2.869	2.870	263200	761124.00
2026/03/05	2.879	2.889	2.850	2.875	103200	295875.00
2026/03/06	2.878	2.878	2.808	2.810	352400	997479.00
2026/03/09	2.806	2.806	2.730	2.731	1209559	3320979.00
2026/03/10	2.735	2.762	2.709	2.750	761565	2083339.00
2026/03/11	2.753	2.764	2.716	2.757	344400	942709.00
2026/03/12	2.762	2.785	2.718	2.744	493600	1353698.00
2026/03/13	2.746	2.800	2.739	2.793	492400	1358644.00
2026/03/16	2.786	2.832	2.722	2.724	1069300	2956053.00
2026/03/17	2.728	2.817	2.668	2.788	553430	1510833.00
2026/03/18	2.793	2.819	2.763	2.776	694200	1931539.00
2026/03/19	2.786	2.800	2.751	2.795	293770	813694.00
2026/03/20	2.797	2.818	2.780	2.792	441865	1234971.00
2026/03/23	2.796	2.796	2.741	2.752	731800	2027973.00
2026/03/24	2.758	2.788	2.732	2.778	538000	1477721.00
2026/04/03	2.773	2.795	2.742	2.748	377000	1040971.00
#Ъ§ОнРДдД:ЭЈДяаХ
