508011 јОКµОпГАПы·СREIT ИХПЯ І»ёґИЁ
      ИХЖЪ	    їЄЕМ	    ЧоёЯ	    ЧоµН	    КХЕМ	    іЙЅ»Бї	    іЙЅ»¶о
2024/03/12	2.500	2.501	2.314	2.399	10379629	24705810.00
2024/03/13	2.343	2.407	2.343	2.407	1617815	3848112.00
2024/03/14	2.395	2.413	2.380	2.409	1851820	4448524.00
2024/03/15	2.410	2.419	2.396	2.418	471377	1134526.00
2024/03/18	2.416	2.440	2.395	2.400	2362476	5674089.00
2024/03/19	2.390	2.390	2.365	2.367	520753	1238615.00
2024/03/20	2.369	2.370	2.349	2.359	733264	1726235.00
2024/03/21	2.347	2.347	2.318	2.326	1431253	3334749.00
2024/03/22	2.328	2.340	2.230	2.231	2453387	5536883.00
2024/03/25	2.220	2.260	2.195	2.248	2039161	4497242.00
2024/03/26	2.248	2.256	2.223	2.240	437589	979179.00
2024/03/27	2.256	2.326	2.226	2.297	3988263	9117176.00
2024/03/28	2.297	2.345	2.260	2.267	834057	1900214.00
2024/03/29	2.260	2.263	2.254	2.261	932272	2106634.00
2024/04/01	2.254	2.290	2.221	2.279	619147	1403135.00
2024/04/02	2.277	2.345	2.277	2.310	3912504	9084884.00
2024/04/03	2.307	2.350	2.298	2.310	1907413	4425012.00
2024/04/08	2.305	2.360	2.305	2.333	1063370	2484543.00
2024/04/09	2.331	2.350	2.325	2.347	2226573	5215557.00
2024/04/10	2.354	2.355	2.319	2.346	654798	1533319.00
2024/04/11	2.346	2.375	2.342	2.356	1974921	4653792.00
2024/04/12	2.364	2.364	2.355	2.356	770198	1816348.00
2024/04/15	2.348	2.365	2.315	2.330	2063084	4828214.00
2024/04/16	2.312	2.342	2.304	2.316	1171899	2709481.00
2024/04/17	2.297	2.385	2.297	2.357	2207350	5173228.00
2024/04/18	2.359	2.399	2.345	2.360	2803911	6653820.00
2024/04/19	2.358	2.400	2.358	2.383	4303285	10256356.00
2024/04/22	2.383	2.408	2.383	2.401	2061042	4946241.00
2024/04/23	2.401	2.450	2.393	2.400	1104693	2651330.00
2024/04/24	2.394	2.417	2.376	2.411	2853919	6809340.00
2024/04/25	2.407	2.474	2.407	2.473	2156000	5275748.00
2024/04/26	2.473	2.562	2.473	2.508	3945626	9911384.00
2024/04/29	2.510	2.539	2.487	2.516	2151171	5396176.00
2024/04/30	2.512	2.561	2.512	2.515	1262724	3198300.00
2024/05/06	2.492	2.512	2.484	2.508	1285610	3216510.00
2024/05/07	2.508	2.580	2.500	2.569	2891710	7343289.00
2024/05/08	2.568	2.619	2.561	2.595	3371361	8743221.00
2024/05/09	2.569	2.629	2.569	2.620	4017425	10450481.00
2024/05/10	2.620	2.655	2.620	2.650	1435454	3790241.00
2024/05/13	2.650	2.658	2.598	2.651	2798309	7371052.00
2024/05/14	2.641	2.691	2.614	2.677	4021912	10745442.00
2024/05/15	2.677	2.700	2.640	2.653	1671093	4465060.00
2024/05/16	2.642	2.652	2.609	2.621	1571795	4126382.00
2024/05/17	2.622	2.622	2.520	2.559	3243709	8301375.00
2024/05/20	2.555	2.567	2.520	2.525	1649841	4176254.00
2024/05/21	2.522	2.540	2.507	2.529	1363486	3435077.00
2024/05/22	2.530	2.533	2.514	2.529	209955	530769.00
2024/05/23	2.511	2.567	2.510	2.534	886790	2254990.00
2024/05/24	2.529	2.553	2.529	2.552	1200319	3059206.00
2024/05/27	2.552	2.580	2.540	2.554	2410299	6164365.00
2024/05/28	2.551	2.559	2.541	2.549	793914	2024853.00
2024/05/29	2.549	2.585	2.543	2.572	1065789	2737652.00
2024/05/30	2.564	2.584	2.543	2.581	1106438	2839001.00
2024/05/31	2.582	2.593	2.567	2.581	1829394	4716017.00
2024/06/03	2.567	2.589	2.557	2.568	2564685	6585297.00
2024/06/04	2.560	2.570	2.547	2.568	894473	2290875.00
2024/06/05	2.571	2.571	2.560	2.568	70415	180659.00
2024/06/06	2.568	2.568	2.560	2.564	278725	714210.00
2024/06/07	2.564	2.589	2.564	2.587	1335197	3433917.00
2024/06/11	2.588	2.614	2.573	2.594	2286271	5912110.00
2024/06/12	2.594	2.622	2.571	2.589	2482899	6416086.00
2024/06/13	2.581	2.594	2.579	2.586	183099	473765.00
2024/06/14	2.586	2.599	2.567	2.599	1574237	4075353.00
2024/06/17	2.582	2.596	2.580	2.585	370856	959775.00
2024/06/18	2.569	2.585	2.555	2.580	2303593	5917514.00
2024/06/19	2.580	2.580	2.565	2.575	339142	871986.00
2024/06/20	2.554	2.583	2.554	2.581	448489	1151199.00
2024/06/21	2.568	2.582	2.568	2.578	424066	1091778.00
2024/06/24	2.567	2.575	2.550	2.563	3209340	8209422.00
2024/06/25	2.555	2.577	2.537	2.548	1560357	3992392.00
2024/06/26	2.540	2.540	2.508	2.518	4806556	12125110.00
2024/06/27	2.518	2.571	2.508	2.550	2655415	6724675.00
2024/06/28	2.542	2.560	2.542	2.554	1239687	3162713.00
2024/07/01	2.542	2.586	2.540	2.559	1435573	3677525.00
2024/07/02	2.550	2.575	2.545	2.565	2993042	7667039.00
2024/07/03	2.552	2.586	2.552	2.581	2965641	7646697.00
2024/07/04	2.572	2.589	2.566	2.584	1356698	3499028.00
2024/07/05	2.577	2.582	2.575	2.581	633430	1634691.00
2024/07/08	2.589	2.589	2.578	2.580	111396	287409.00
2024/07/09	2.585	2.588	2.545	2.584	4371574	11266221.00
2024/07/10	2.584	2.657	2.570	2.599	1571360	4085068.00
2024/07/11	2.570	2.638	2.570	2.616	1067697	2783198.00
2024/07/12	2.646	2.646	2.597	2.621	686486	1797936.00
2024/07/15	2.620	2.649	2.587	2.623	2036097	5327278.00
2024/07/16	2.623	2.651	2.605	2.626	955691	2518713.00
2024/07/17	2.626	2.656	2.626	2.653	977997	2584530.00
2024/07/18	2.653	2.673	2.616	2.652	1769900	4701847.00
2024/07/19	2.645	2.650	2.640	2.645	819916	2167226.00
2024/07/22	2.609	2.648	2.609	2.641	1058779	2794580.00
2024/07/23	2.613	2.636	2.574	2.615	2304696	6007150.00
2024/07/24	2.598	2.618	2.596	2.605	1008695	2623599.00
2024/07/25	2.598	2.604	2.587	2.591	457799	1187026.00
2024/07/26	2.592	2.632	2.591	2.611	1571895	4099915.00
2024/07/29	2.607	2.666	2.607	2.629	1634399	4304868.00
2024/07/30	2.638	2.681	2.616	2.671	1933643	5137735.00
2024/07/31	2.667	2.752	2.667	2.694	2758143	7436428.00
2024/08/01	2.665	2.739	2.660	2.672	896395	2425193.00
2024/08/02	2.670	2.686	2.670	2.679	604383	1620645.00
2024/08/05	2.679	2.798	2.679	2.771	1500397	4099312.00
2024/08/06	2.768	2.799	2.737	2.775	2516785	6917905.00
2024/08/07	2.755	2.880	2.755	2.854	1282987	3633629.00
2024/08/08	2.850	2.905	2.850	2.865	767963	2215355.00
2024/08/09	2.818	2.989	2.804	2.858	1213389	3454561.00
2024/08/12	2.830	2.866	2.823	2.844	1120096	3181389.00
2024/08/13	2.806	2.885	2.806	2.824	1075198	3030992.00
2024/08/14	2.822	2.826	2.802	2.825	687191	1931666.00
2024/08/15	2.827	2.899	2.824	2.886	446028	1272187.00
2024/08/16	2.847	2.897	2.806	2.816	3470398	9834086.00
2024/08/19	2.800	2.808	2.721	2.765	2119589	5863716.00
2024/08/20	2.748	2.760	2.708	2.728	1304976	3553329.00
2024/08/21	2.720	2.733	2.696	2.720	1386997	3760690.00
2024/08/22	2.719	2.786	2.718	2.786	924980	2539944.00
2024/08/23	2.784	2.840	2.736	2.840	1048791	2958665.00
2024/08/26	2.859	2.862	2.790	2.797	795000	2232628.00
2024/08/27	2.758	2.795	2.735	2.744	941702	2591337.00
2024/08/28	2.738	2.769	2.737	2.769	2432498	6678106.00
2024/08/29	2.759	2.798	2.759	2.783	754998	2102755.00
2024/08/30	2.768	2.781	2.760	2.764	1596299	4418305.00
2024/09/02	2.761	2.792	2.761	2.781	964190	2669258.00
2024/09/03	2.771	2.795	2.761	2.795	485100	1343320.00
2024/09/04	2.822	2.822	2.766	2.778	603298	1678515.00
2024/09/05	2.800	2.841	2.771	2.824	2758056	7779334.00
2024/09/06	2.830	2.837	2.820	2.826	1787097	5050236.00
2024/09/09	2.790	2.865	2.758	2.785	816986	2290576.00
2024/09/10	2.746	2.746	2.720	2.723	1554718	4243148.00
2024/09/11	2.685	2.737	2.685	2.736	906299	2475494.00
2024/09/12	2.736	2.751	2.736	2.748	865298	2378133.00
2024/09/13	2.786	2.786	2.749	2.771	404370	1115663.00
2024/09/18	2.764	2.784	2.764	2.774	572386	1591423.00
2024/09/19	2.774	2.777	2.737	2.740	373900	1035377.00
2024/09/20	2.730	2.740	2.715	2.717	518700	1416406.00
2024/09/23	2.722	2.723	2.716	2.721	373498	1015502.00
2024/09/24	2.701	2.734	2.701	2.734	608693	1662475.00
2024/09/25	2.734	2.737	2.704	2.732	593797	1621521.00
2024/09/26	2.720	2.733	2.720	2.728	783299	2137469.00
2024/09/27	2.727	2.738	2.720	2.730	573675	1564775.00
2024/09/30	2.730	2.730	2.628	2.713	1304239	3501559.00
2024/10/08	2.606	2.712	2.606	2.686	2515707	6739108.00
2024/10/09	2.640	2.675	2.601	2.617	7177686	18842000.00
2024/10/10	2.601	2.629	2.414	2.608	1570441	4097666.00
2024/10/11	2.600	2.639	2.600	2.635	905696	2380747.00
2024/10/14	2.630	2.649	2.620	2.645	391590	1031593.00
2024/10/15	2.645	2.665	2.635	2.662	588524	1558160.00
2024/10/16	2.663	2.690	2.663	2.689	600791	1615036.00
2024/10/17	2.663	2.727	2.649	2.720	756396	2051766.00
2024/10/18	2.700	2.728	2.693	2.719	858398	2337058.00
2024/10/21	2.719	2.722	2.708	2.708	556399	1510887.00
2024/10/22	2.682	2.704	2.682	2.697	810295	2185813.00
2024/10/23	2.681	2.697	2.681	2.696	416898	1123634.00
2024/10/24	2.696	2.699	2.668	2.670	1461699	3917797.00
2024/10/25	2.668	2.730	2.668	2.709	697240	1874501.00
2024/10/28	2.695	2.745	2.695	2.735	660110	1803465.00
2024/10/29	2.728	2.740	2.714	2.723	733813	2003607.00
2024/10/30	2.713	2.725	2.689	2.716	789480	2145493.00
2024/10/31	2.710	2.720	2.710	2.720	120594	327295.00
2024/11/01	2.719	2.727	2.719	2.726	15395	41918.00
2024/11/04	2.726	2.733	2.718	2.720	335099	914740.00
2024/11/05	2.720	2.720	2.686	2.693	995093	2687955.00
2024/11/06	2.694	2.704	2.694	2.695	1133031	3059417.00
2024/11/07	2.670	2.719	2.670	2.695	820098	2213143.00
2024/11/08	2.695	2.695	2.674	2.681	707846	1897286.00
2024/11/11	2.674	2.698	2.642	2.698	983798	2633751.00
2024/11/12	2.695	2.703	2.695	2.699	688598	1857920.00
2024/11/13	2.685	2.711	2.685	2.700	732293	1977545.00
2024/11/14	2.661	2.700	2.661	2.700	542998	1463461.00
2024/11/15	2.679	2.730	2.679	2.716	405593	1095202.00
2024/11/18	2.695	2.717	2.692	2.710	1034298	2800362.00
2024/11/19	2.700	2.720	2.700	2.700	1629777	4420444.00
2024/11/20	2.702	2.712	2.697	2.702	1427165	3861788.00
2024/11/21	2.700	2.716	2.700	2.710	1151899	3122333.00
2024/11/22	2.710	2.723	2.710	2.715	1008098	2740871.00
2024/11/25	2.716	2.716	2.698	2.698	475997	1287810.00
2024/11/26	2.698	2.710	2.698	2.704	330199	894246.00
2024/11/27	2.703	2.714	2.702	2.707	264899	717072.00
2024/11/28	2.681	2.706	2.681	2.706	166100	449106.00
2024/11/29	2.710	2.717	2.706	2.709	283600	768816.00
2024/12/02	2.709	2.732	2.709	2.731	566797	1540866.00
2024/12/03	2.730	2.740	2.728	2.734	158500	433196.00
2024/12/04	2.747	2.749	2.735	2.742	308500	846027.00
2024/12/05	2.727	2.745	2.724	2.735	577799	1579084.00
2024/12/06	2.732	2.737	2.720	2.728	198495	541664.00
2024/12/09	2.723	2.734	2.723	2.734	121592	331507.00
2024/12/10	2.734	2.837	2.731	2.816	1557387	4341708.00
2024/12/11	2.816	2.900	2.814	2.880	1466480	4197376.00
2024/12/12	2.875	2.908	2.850	2.905	2929544	8484298.00
2024/12/13	2.898	2.914	2.898	2.911	809846	2355522.00
2024/12/16	2.912	2.939	2.912	2.939	600794	1760143.00
2024/12/17	2.939	2.969	2.937	2.969	2884859	8505071.00
2024/12/18	2.979	2.979	2.966	2.973	2742595	8149351.00
2024/12/19	2.963	2.968	2.917	2.943	2187700	6439799.00
2024/12/20	2.914	2.948	2.711	2.939	515098	1511434.00
2024/12/23	2.965	2.965	2.924	2.927	1031993	3021006.00
2024/12/24	2.909	2.931	2.909	2.920	364697	1065563.00
2024/12/25	2.914	2.920	2.898	2.915	424699	1235731.00
2024/12/26	2.938	2.938	2.915	2.917	52397	152843.00
2024/12/27	2.941	2.941	2.909	2.913	714699	2084709.00
2024/12/30	2.913	3.145	2.913	2.933	566770	1674379.00
2024/12/31	2.933	2.982	2.933	2.952	2868599	8508288.00
2025/01/02	2.952	3.037	2.947	3.035	1934423	5826464.00
2025/01/03	3.034	3.128	3.015	3.113	2175124	6724732.00
2025/01/06	3.122	3.205	3.122	3.199	1797606	5746078.00
2025/01/07	3.199	3.200	3.160	3.187	1282298	4079394.00
2025/01/08	3.187	3.212	3.100	3.208	816198	2609335.00
2025/01/09	3.207	3.214	3.199	3.209	715798	2295075.00
2025/01/10	3.259	3.305	3.179	3.201	929398	2971952.00
2025/01/13	3.183	3.210	3.183	3.196	328697	1052008.00
2025/01/14	3.156	3.231	3.100	3.180	2978899	9545058.00
2025/01/15	3.140	3.204	3.135	3.184	665300	2113863.00
2025/01/16	3.144	3.184	3.144	3.182	596594	1893332.00
2025/01/17	3.170	3.210	3.170	3.210	438500	1398699.00
2025/01/20	3.187	3.324	3.187	3.290	703667	2278239.00
2025/01/21	3.250	3.350	3.250	3.287	289811	950430.00
2025/01/22	3.284	3.449	3.269	3.396	1112779	3721003.00
2025/01/23	3.428	3.500	3.390	3.500	798595	2740026.00
2025/01/24	3.500	3.726	3.461	3.666	1136214	4079417.00
2025/01/27	3.666	3.793	3.510	3.675	700833	2570100.00
2025/02/05	3.675	3.718	3.636	3.697	678996	2492479.00
2025/02/06	3.658	3.765	3.658	3.752	707433	2640044.00
2025/02/07	3.753	3.798	3.719	3.721	581698	2172742.00
2025/02/10	3.721	3.739	3.711	3.712	772581	2879174.00
2025/02/11	3.710	3.935	3.710	3.850	3536667	13714936.00
2025/02/12	3.850	3.900	3.850	3.864	1757581	6819059.00
2025/02/13	3.864	3.905	3.750	3.828	2076699	7993824.00
2025/02/14	3.789	3.860	3.669	3.852	2617272	9851996.00
2025/02/17	3.812	3.859	3.812	3.843	1907598	7337872.00
2025/02/18	3.838	3.880	3.804	3.840	3201799	12324392.00
2025/02/19	3.835	3.865	3.810	3.860	993848	3814425.00
2025/02/20	3.899	3.899	3.860	3.883	492798	1907030.00
2025/02/21	3.891	3.906	3.817	3.818	1616297	6213390.00
2025/02/24	3.818	3.850	3.800	3.805	1757707	6729091.00
2025/02/25	3.766	3.810	3.766	3.808	687385	2604417.00
2025/02/26	3.769	3.794	3.755	3.780	1498897	5647425.00
2025/02/27	3.740	3.780	3.740	3.767	1036498	3904844.00
2025/02/28	3.767	3.767	3.700	3.725	1331296	4946252.00
2025/03/03	3.727	3.734	3.607	3.615	894799	3256621.00
2025/03/04	3.614	3.640	3.592	3.598	3246794	11739721.00
2025/03/05	3.598	3.633	3.580	3.624	1017195	3680509.00
2025/03/06	3.637	3.637	3.593	3.610	2112997	7616858.00
2025/03/07	3.614	3.623	3.511	3.524	2194699	7808661.00
2025/03/10	3.524	3.527	3.470	3.498	898394	3131022.00
2025/03/11	3.510	3.606	3.487	3.519	2327198	8282691.00
2025/03/12	3.518	3.579	3.495	3.568	3809597	13516542.00
2025/03/13	3.568	3.628	3.568	3.627	3706397	13378861.00
2025/03/14	3.545	3.630	3.530	3.618	1562584	5583470.00
2025/03/17	3.617	3.700	3.617	3.655	2191894	8033636.00
2025/03/18	3.765	3.765	3.597	3.656	2307699	8404148.00
2025/03/19	3.638	3.668	3.637	3.661	1161092	4248732.00
2025/03/20	3.661	3.700	3.661	3.693	966998	3564399.00
2025/03/21	3.695	3.699	3.666	3.684	1012200	3725391.00
2025/03/24	3.684	3.700	3.619	3.648	1808798	6591641.00
2025/03/25	3.646	3.646	3.624	3.644	1828492	6641883.00
2025/03/26	3.644	3.656	3.635	3.647	1969698	7181550.00
2025/03/27	3.647	3.647	3.603	3.639	2600399	9408334.00
2025/03/28	3.639	3.672	3.625	3.655	1116890	4074431.00
2025/03/31	3.655	3.659	3.618	3.619	786381	2857460.00
2025/04/01	3.619	3.635	3.602	3.602	291999	1054671.00
2025/04/02	3.616	3.631	3.605	3.620	352900	1276078.00
2025/04/03	3.620	3.650	3.620	3.649	1358798	4951916.00
2025/04/07	3.699	3.699	3.642	3.645	1248099	4562285.00
2025/04/08	3.695	3.695	3.607	3.630	519200	1877837.00
2025/04/09	3.630	3.700	3.578	3.600	621200	2235943.00
2025/04/10	3.560	3.627	3.520	3.627	893956	3216163.00
2025/04/11	3.609	3.648	3.609	3.648	1377199	5011792.00
2025/04/14	3.627	3.692	3.627	3.682	1726498	6329231.00
2025/04/15	3.664	3.729	3.664	3.721	2144912	7961754.00
2025/04/16	3.721	3.780	3.721	3.753	1670912	6265941.00
2025/04/17	3.749	3.820	3.714	3.818	2753604	10453580.00
2025/04/18	3.818	3.820	3.794	3.817	2152924	8203248.00
2025/04/21	3.817	3.817	3.744	3.781	752188	2833675.00
2025/04/22	3.780	3.830	3.752	3.819	963599	3666229.00
2025/04/23	3.810	3.819	3.770	3.794	575100	2184387.00
2025/04/24	3.794	3.794	3.740	3.770	663900	2495452.00
2025/04/25	3.770	3.770	3.729	3.740	336700	1259983.00
2025/04/28	3.728	3.728	3.693	3.697	682999	2528835.00
2025/04/29	3.688	3.697	3.680	3.693	650500	2400293.00
2025/04/30	3.690	3.788	3.690	3.786	736600	2750438.00
2025/05/06	3.803	3.803	3.756	3.794	687700	2598599.00
2025/05/07	3.794	3.826	3.770	3.822	1675599	6400243.00
2025/05/08	3.820	3.828	3.799	3.819	1617198	6175389.00
2025/05/09	3.819	3.874	3.819	3.838	1310000	5029082.00
2025/05/12	3.833	3.893	3.833	3.893	1295196	5019198.00
2025/05/13	3.893	3.935	3.890	3.908	948400	3715238.00
2025/05/14	3.923	4.000	3.922	3.999	1119998	4435029.00
2025/05/15	3.950	4.031	3.950	4.014	1039500	4161076.00
2025/05/16	3.998	4.110	3.975	4.110	1469708	5946969.00
2025/05/20	4.110	4.245	4.079	4.232	1582498	6585498.00
2025/05/21	4.232	4.232	4.100	4.203	2540899	10672466.00
2025/05/22	4.186	4.186	4.116	4.120	1122040	4645937.00
2025/05/23	4.080	4.235	4.073	4.137	3074796	12660789.00
2025/05/26	4.150	4.165	4.103	4.108	915400	3788804.00
2025/05/27	4.124	4.154	4.090	4.092	897863	3694756.00
2025/05/28	4.053	4.148	4.053	4.056	1281894	5241394.00
2025/05/29	4.056	4.095	4.000	4.082	522594	2123153.00
2025/05/30	4.090	4.100	4.080	4.082	975799	3992423.00
2025/06/03	4.082	4.155	4.082	4.125	1320499	5458963.00
2025/06/04	4.142	4.176	4.119	4.130	877800	3631056.00
2025/06/05	4.147	4.168	4.122	4.122	771198	3185329.00
2025/06/06	4.117	4.160	4.100	4.132	416199	1718268.00
2025/06/09	4.149	4.175	4.115	4.165	564698	2336139.00
2025/06/10	4.181	4.200	4.152	4.185	1548699	6472625.00
2025/06/11	4.169	4.198	4.159	4.185	1508400	6298993.00
2025/06/12	4.194	4.219	4.184	4.213	330999	1389048.00
2025/06/13	4.230	4.283	4.200	4.234	2002099	8524319.00
2025/06/16	4.253	4.328	4.242	4.296	1284998	5488816.00
2025/06/17	4.296	4.378	4.284	4.361	1542557	6705618.00
2025/06/18	4.350	4.498	4.350	4.445	1452700	6381948.00
2025/06/19	4.465	4.546	4.413	4.499	1635700	7334228.00
2025/06/20	4.511	4.511	4.379	4.429	1864600	8277202.00
2025/06/23	4.428	4.483	4.363	4.483	1685600	7460054.00
2025/06/24	4.501	4.516	4.370	4.415	2055568	9082128.00
2025/06/25	4.415	4.462	4.331	4.393	667400	2927123.00
2025/06/26	4.375	4.458	4.355	4.389	760099	3346841.00
2025/06/27	4.371	4.402	4.366	4.373	667799	2920126.00
2025/06/30	4.349	4.359	4.331	4.338	705900	3065484.00
2025/07/01	4.332	4.350	4.302	4.334	1225199	5306279.00
2025/07/02	4.323	4.493	4.323	4.425	1204499	5294569.00
2025/07/03	4.438	4.530	4.372	4.413	1249598	5578013.00
2025/07/04	4.428	4.458	4.346	4.381	1505000	6609509.00
2025/07/07	4.377	4.393	4.341	4.365	942497	4115234.00
2025/07/08	4.365	4.386	4.314	4.363	1402300	6122323.00
2025/07/09	4.346	4.435	4.317	4.318	1800300	7865948.00
2025/07/10	4.310	4.351	4.267	4.316	827799	3566385.00
2025/07/11	4.310	4.329	4.272	4.272	636700	2727080.00
2025/07/14	4.255	4.297	4.243	4.245	942097	4013662.00
2025/07/15	4.225	4.277	4.225	4.277	1093397	4654864.00
2025/07/16	4.287	4.311	4.267	4.307	179400	770970.00
2025/07/17	4.312	4.316	4.253	4.261	1547900	6607443.00
2025/07/18	4.244	4.274	4.221	4.260	723499	3076202.00
2025/07/21	4.243	4.286	4.188	4.221	1527600	6434613.00
2025/07/22	4.204	4.213	4.174	4.191	1044898	4383507.00
2025/07/23	4.191	4.202	4.038	4.182	2292290	9361874.00
2025/07/24	4.181	4.195	4.110	4.181	2198300	9115775.00
2025/07/25	4.160	4.195	4.148	4.185	1185800	4949350.00
2025/07/28	4.185	4.200	4.118	4.188	1663199	6946143.00
2025/07/29	4.173	4.198	4.163	4.176	581500	2428818.00
2025/07/30	4.176	4.252	4.161	4.249	791599	3324242.00
2025/07/31	4.246	4.387	4.246	4.383	1245200	5388602.00
2025/08/01	4.422	4.426	4.301	4.344	983297	4287902.00
2025/08/04	4.361	4.427	4.275	4.320	1434190	6230459.00
2025/08/05	4.303	4.331	4.269	4.304	443000	1903832.00
2025/08/06	4.287	4.349	4.287	4.332	907884	3911108.00
2025/08/07	4.333	4.380	4.312	4.333	745400	3238459.00
2025/08/08	4.316	4.342	4.310	4.339	168099	728135.00
2025/08/11	4.339	4.419	4.320	4.397	872897	3805854.00
2025/08/12	4.379	4.459	4.329	4.352	707799	3094378.00
2025/08/13	4.346	4.351	4.294	4.328	777100	3355200.00
2025/08/14	4.327	4.327	4.290	4.293	509300	2192671.00
2025/08/15	4.293	4.293	4.230	4.248	861000	3674987.00
2025/08/18	4.250	4.250	4.108	4.145	3283920	13630133.00
2025/08/19	4.120	4.150	4.060	4.096	2076688	8478837.00
2025/08/20	4.096	4.153	4.074	4.099	2270900	9340318.00
2025/08/21	4.099	4.111	4.040	4.080	1424999	5793456.00
2025/08/22	4.056	4.075	4.023	4.073	952500	3862422.00
2025/08/25	4.049	4.100	4.002	4.085	2422394	9846176.00
2025/08/26	4.083	4.236	4.083	4.234	1676683	6998091.00
2025/08/27	4.245	4.290	4.194	4.278	431095	1829743.00
2025/08/28	4.281	4.295	4.180	4.226	789599	3340558.00
2025/08/29	4.226	4.299	4.201	4.245	1212899	5144692.00
2025/09/01	4.245	4.280	4.214	4.245	526898	2236265.00
2025/09/02	4.222	4.360	4.222	4.302	1957485	8418579.00
2025/09/03	4.262	4.355	4.262	4.335	1327100	5735957.00
2025/09/04	4.341	4.398	4.296	4.386	1197597	5237348.00
2025/09/05	4.360	4.420	4.311	4.322	1048193	4590039.00
2025/09/08	4.326	4.326	4.246	4.319	665898	2871510.00
2025/09/09	4.293	4.350	4.293	4.343	1691099	7314133.00
2025/09/10	4.356	4.395	4.355	4.368	2899150	12657463.00
2025/09/11	4.368	4.387	4.332	4.353	320797	1399439.00
2025/09/12	4.365	4.398	4.319	4.340	1312200	5697771.00
2025/09/15	4.313	4.313	4.249	4.267	474156	2024797.00
2025/09/16	4.241	4.279	4.241	4.256	243857	1035477.00
2025/09/17	4.268	4.268	4.248	4.262	337855	1436684.00
2025/09/18	4.275	4.304	4.222	4.264	505500	2153485.00
2025/09/19	4.275	4.278	4.215	4.220	588998	2490822.00
2025/09/22	4.219	4.237	4.181	4.200	498000	2090701.00
2025/09/23	4.175	4.204	4.160	4.197	561299	2356106.00
2025/09/24	4.197	4.198	4.161	4.194	184900	773962.00
2025/09/25	4.204	4.204	4.135	4.145	616597	2566826.00
2025/09/26	4.134	4.150	4.100	4.106	526699	2173631.00
2025/09/29	4.104	4.127	4.081	4.089	300598	1231360.00
2025/09/30	4.116	4.116	4.080	4.090	172400	705114.00
2025/10/09	4.088	4.088	4.021	4.086	520300	2112142.00
2025/10/10	4.069	4.120	4.061	4.104	288590	1181898.00
2025/10/13	4.093	4.190	4.093	4.168	623188	2585919.00
2025/10/14	4.160	4.199	4.129	4.161	538100	2237249.00
2025/10/15	4.161	4.170	4.142	4.164	465000	1934807.00
2025/10/16	4.174	4.177	4.085	4.106	736800	3028574.00
2025/10/17	4.104	4.130	4.087	4.094	228000	936223.00
2025/10/20	4.088	4.140	4.047	4.076	520600	2123575.00
2025/10/21	4.100	4.150	4.000	4.084	1065798	4340355.00
2025/10/22	4.088	4.109	4.051	4.096	844600	3447692.00
2025/10/23	4.121	4.146	4.073	4.107	805700	3301623.00
2025/10/24	4.112	4.149	4.103	4.137	501600	2070429.00
2025/10/27	4.115	4.154	4.108	4.118	198800	818807.00
2025/10/28	4.121	4.234	4.112	4.201	796401	3326660.00
2025/10/29	4.199	4.267	4.176	4.222	636698	2682663.00
2025/10/30	4.220	4.256	4.163	4.255	1174800	4972328.00
2025/10/31	4.250	4.266	4.180	4.215	598200	2518957.00
2025/11/03	4.214	4.215	4.181	4.213	573898	2410939.00
2025/11/04	4.188	4.250	4.138	4.208	696600	2934983.00
2025/11/05	4.183	4.229	4.113	4.225	769900	3219628.00
2025/11/06	4.220	4.249	4.196	4.225	333000	1402457.00
2025/11/07	4.230	4.246	4.175	4.243	363100	1533550.00
2025/11/10	4.247	4.247	4.180	4.186	294799	1241393.00
2025/11/11	4.147	4.260	4.147	4.259	621699	2614145.00
2025/11/12	4.271	4.271	4.229	4.254	515899	2195179.00
2025/11/13	4.228	4.288	4.178	4.247	807700	3428750.00
2025/11/14	4.222	4.300	4.221	4.281	585499	2492452.00
2025/11/17	4.276	4.299	4.229	4.274	252498	1076011.00
2025/11/18	4.236	4.294	4.236	4.256	311995	1331284.00
2025/11/19	4.250	4.299	4.183	4.292	901897	3835219.00
2025/11/20	4.292	4.298	4.235	4.250	397300	1690598.00
2025/11/21	4.224	4.258	4.174	4.224	630298	2654625.00
2025/11/24	4.199	4.308	4.184	4.215	598700	2524897.00
2025/11/25	4.215	4.280	4.165	4.250	605098	2560500.00
2025/11/26	4.263	4.265	4.223	4.232	1057600	4482732.00
2025/11/27	4.232	4.232	4.192	4.220	94100	397067.00
2025/11/28	4.195	4.218	4.141	4.216	678599	2844152.00
2025/12/01	4.191	4.204	4.142	4.174	669896	2801804.00
2025/12/02	4.174	4.200	4.114	4.138	293400	1220474.00
2025/12/03	4.113	4.179	4.088	4.160	423499	1752469.00
2025/12/04	4.135	4.200	4.091	4.165	733998	3040832.00
2025/12/05	4.162	4.199	4.132	4.139	228250	949042.00
2025/12/08	4.150	4.151	4.006	4.120	500700	2050728.00
2025/12/09	4.095	4.170	4.052	4.119	371700	1525139.00
2025/12/10	4.094	4.169	4.091	4.106	1234279	5074341.00
2025/12/11	4.125	4.125	4.082	4.111	390299	1602485.00
2025/12/12	4.131	4.184	4.106	4.149	652675	2708240.00
2025/12/15	4.135	4.182	4.115	4.128	261199	1080237.00
2025/12/16	4.118	4.190	4.070	4.133	377994	1556671.00
2025/12/17	4.166	4.166	4.100	4.119	508700	2092922.00
2025/12/18	4.079	4.134	4.037	4.048	1658705	6731436.00
2025/12/19	4.051	4.051	3.989	4.012	1427199	5724779.00
2025/12/22	4.009	4.056	4.009	4.022	418750	1685214.00
2025/12/23	4.016	4.022	3.858	3.976	2230300	8724001.00
2025/12/24	3.900	4.048	3.820	3.982	14149068	55763176.00
2025/12/25	3.950	4.029	3.902	4.013	2407782	9648320.00
2025/12/26	4.049	4.050	3.892	4.013	1256699	4979865.00
2025/12/29	3.973	4.068	3.900	3.943	994900	3909845.00
2025/12/30	3.903	3.995	3.903	3.946	398563	1574076.00
2025/12/31	3.974	3.998	3.888	3.981	805799	3187846.00
2026/01/05	4.000	4.014	3.942	4.000	664900	2659273.00
2026/01/06	4.050	4.050	3.962	4.035	1154589	4634047.00
2026/01/07	4.049	4.093	4.034	4.077	1572188	6387770.00
2026/01/08	4.098	4.120	4.044	4.084	539700	2200329.00
2026/01/09	4.048	4.093	4.039	4.066	598296	2432282.00
2026/01/12	4.027	4.099	4.027	4.070	173922	708336.00
2026/01/13	4.052	4.160	4.052	4.099	974500	4004709.00
2026/01/14	4.081	4.200	4.052	4.179	1497400	6222683.00
2026/01/15	4.159	4.191	4.140	4.182	985999	4111932.00
2026/01/16	4.164	4.222	4.164	4.212	863069	3612916.00
2026/01/19	4.212	4.247	4.187	4.195	864900	3648754.00
2026/01/20	4.193	4.248	4.188	4.239	1150100	4873369.00
2026/01/21	4.250	4.298	4.250	4.282	479999	2053771.00
2026/01/22	4.262	4.342	4.247	4.323	1902841	8182162.00
2026/01/23	4.300	4.398	4.270	4.342	3086697	13428980.00
2026/01/26	4.316	4.355	4.281	4.320	510599	2206069.00
2026/01/27	4.294	4.323	4.280	4.308	1179799	5077267.00
2026/01/28	4.286	4.352	4.286	4.321	1120390	4848152.00
2026/01/29	4.334	4.369	4.319	4.337	1010200	4392491.00
2026/01/30	4.351	4.351	4.332	4.341	134295	582536.00
2026/02/02	4.341	4.350	4.253	4.302	909797	3912073.00
2026/02/03	4.300	4.340	4.226	4.337	550289	2370284.00
2026/02/04	4.311	4.394	4.298	4.377	390700	1704543.00
2026/02/05	4.386	4.418	4.340	4.346	881799	3841812.00
2026/02/06	4.320	4.370	4.300	4.346	492300	2131995.00
2026/02/09	4.350	4.371	4.331	4.342	473199	2060949.00
2026/02/10	4.316	4.408	4.290	4.361	797791	3463296.00
2026/02/11	4.361	4.412	4.361	4.404	443499	1950801.00
2026/02/12	4.530	4.530	4.348	4.398	783698	3434624.00
2026/02/13	4.352	4.419	4.351	4.398	135500	595163.00
2026/02/24	4.398	4.430	4.361	4.393	630798	2772918.00
2026/02/25	4.353	4.415	4.353	4.409	387489	1703645.00
2026/02/26	4.435	4.435	4.402	4.412	319599	1409303.00
2026/02/27	4.411	4.477	4.383	4.404	368100	1622783.00
2026/03/02	4.404	4.404	4.375	4.392	46695	204963.00
2026/03/03	4.366	4.458	4.355	4.454	228599	1006642.00
2026/03/04	4.414	4.460	4.413	4.413	443798	1969149.00
2026/03/05	4.402	4.436	4.365	4.376	104700	459648.00
2026/03/06	4.377	4.391	4.299	4.342	285796	1238431.00
2026/03/09	4.324	4.324	4.244	4.280	262700	1121107.00
2026/03/10	4.256	4.323	4.256	4.322	66588	286429.00
2026/03/11	4.322	4.384	4.296	4.340	306799	1327453.00
2026/03/12	4.322	4.336	4.322	4.325	28000	121092.00
2026/03/13	4.330	4.337	4.325	4.337	50899	220574.00
2026/03/16	4.339	4.348	4.297	4.297	318200	1373146.00
2026/03/17	4.296	4.316	4.270	4.303	90199	387394.00
2026/03/18	4.309	4.309	4.280	4.285	150000	642701.00
2026/03/19	4.275	4.310	4.235	4.300	171700	732976.00
2026/03/20	4.278	4.320	4.244	4.299	276399	1188527.00
2026/03/23	4.299	4.349	4.206	4.220	216900	916635.00
2026/03/24	4.229	4.229	4.210	4.222	140200	591065.00
2026/04/03	4.206	4.206	4.142	4.176	554600	2314500.00
#КэѕЭАґФґ:НЁґпРЕ
