508008 벌쏜櫓벌屆쉔REIT 휑窟 꼇릿홈
      휑퍅	    역턍	    離멕	    離됴	    澗턍	    냥슥좆	    냥슥띨
2022/07/08	9.650	9.657	9.585	9.613	23428824	224989056.00
2022/07/11	9.618	9.618	9.592	9.606	4536287	43551496.00
2022/07/12	9.605	9.623	9.595	9.619	3474007	33376916.00
2022/07/13	9.621	9.622	9.608	9.616	1824913	17546140.00
2022/07/14	9.616	9.617	9.594	9.600	2590275	24880978.00
2022/07/15	9.600	9.604	9.595	9.603	1699099	16312521.00
2022/07/18	9.603	9.605	9.596	9.602	1407139	13509742.00
2022/07/19	9.602	9.603	9.596	9.601	1152747	11067155.00
2022/07/20	9.601	9.608	9.598	9.605	1863103	17889036.00
2022/07/21	9.605	9.630	9.600	9.614	2391589	22991392.00
2022/07/22	9.614	9.634	9.603	9.629	3477026	33473640.00
2022/07/25	9.629	9.636	9.611	9.626	2659377	25599968.00
2022/07/26	9.624	9.634	9.615	9.628	2800967	26956428.00
2022/07/27	9.628	9.631	9.623	9.627	1296727	12483429.00
2022/07/28	9.627	9.629	9.620	9.628	1694779	16313565.00
2022/07/29	9.628	9.634	9.618	9.630	2552205	24579536.00
2022/08/01	9.631	9.631	9.621	9.626	2290044	22041104.00
2022/08/02	9.626	9.626	9.597	9.619	1961568	18851046.00
2022/08/03	9.615	9.615	9.606	9.612	1497143	14391977.00
2022/08/04	9.613	9.615	9.601	9.615	1455568	13986322.00
2022/08/05	9.606	9.625	9.606	9.616	2085936	20058500.00
2022/08/08	9.619	9.619	9.609	9.614	1038962	9989950.00
2022/08/09	9.615	9.619	9.607	9.609	1347487	12949055.00
2022/08/10	9.608	9.682	9.605	9.618	1713082	16494556.00
2022/08/11	9.617	9.639	9.612	9.617	1850240	17794040.00
2022/08/12	9.617	9.638	9.612	9.631	3754332	36156544.00
2022/08/15	9.631	9.690	9.625	9.680	4106475	39712920.00
2022/08/16	9.672	9.681	9.656	9.665	3342274	32319564.00
2022/08/17	9.668	9.737	9.665	9.714	4002102	38831296.00
2022/08/18	9.713	9.789	9.685	9.782	3301697	32208128.00
2022/08/19	9.799	9.999	9.799	9.947	5275717	52398768.00
2022/08/22	9.955	10.024	9.859	9.862	3601911	35892024.00
2022/08/23	9.862	9.882	9.803	9.861	4149317	40872464.00
2022/08/24	9.853	9.920	9.808	9.872	2600606	25630932.00
2022/08/25	9.860	10.000	9.813	9.999	3035464	30116624.00
2022/08/26	9.996	10.051	9.915	10.028	3267762	32691664.00
2022/08/29	9.999	10.031	9.966	10.010	2595560	25953428.00
2022/08/30	10.006	10.065	9.969	10.058	1840679	18491024.00
2022/08/31	10.057	10.169	10.020	10.167	3873473	39089740.00
2022/09/01	10.157	10.157	10.045	10.122	2759524	27819900.00
2022/09/02	10.039	10.140	10.039	10.135	2634770	26580616.00
2022/09/05	10.128	10.135	10.070	10.079	1856646	18735660.00
2022/09/06	10.073	10.112	10.050	10.111	1408192	14199140.00
2022/09/07	10.111	10.164	10.056	10.157	2009027	20366856.00
2022/09/08	10.158	10.209	10.158	10.206	2151806	21934530.00
2022/09/09	10.206	10.217	10.160	10.197	2342611	23870108.00
2022/09/13	10.197	10.197	10.113	10.131	1741995	17679260.00
2022/09/14	10.129	10.129	10.099	10.107	2502452	25300440.00
2022/09/15	10.099	10.099	10.044	10.047	1794194	18057492.00
2022/09/16	10.042	10.042	9.935	9.967	2284771	22868896.00
2022/09/19	9.967	10.060	9.967	9.995	2023847	20240118.00
2022/09/20	9.995	10.043	9.965	10.038	1552901	15566811.00
2022/09/21	10.098	10.098	10.006	10.039	1541173	15454579.00
2022/09/22	10.038	10.080	9.994	10.073	2282066	22950002.00
2022/09/23	10.073	10.076	9.951	9.978	4754882	47537756.00
2022/09/26	9.968	9.969	9.842	9.892	3644255	35972388.00
2022/09/27	9.889	9.985	9.766	9.977	2530191	25027632.00
2022/09/28	9.977	10.051	9.930	10.008	3066971	30643816.00
2022/09/29	9.998	9.998	9.921	9.948	3822052	38062608.00
2022/09/30	9.948	9.957	9.905	9.917	2624170	26046640.00
2022/10/10	9.918	9.939	9.860	9.897	2837208	28122684.00
2022/10/11	9.897	9.897	9.844	9.855	1662883	16385563.00
2022/10/12	9.850	9.904	9.752	9.870	2357808	23152564.00
2022/10/13	9.869	9.930	9.771	9.928	2044058	20156080.00
2022/10/14	9.930	9.955	9.831	9.947	1369783	13582808.00
2022/10/17	9.947	9.955	9.908	9.940	1908664	18960364.00
2022/10/18	9.930	9.955	9.881	9.946	1988820	19764052.00
2022/10/19	9.946	9.946	9.871	9.916	2772459	27470684.00
2022/10/20	9.910	9.913	9.781	9.859	2839659	27982512.00
2022/10/21	9.860	9.860	9.790	9.822	2583710	25376682.00
2022/10/24	9.821	9.821	9.644	9.712	3241766	31509738.00
2022/10/25	9.712	9.799	9.651	9.704	2938193	28438758.00
2022/10/26	9.700	9.703	9.657	9.690	2367747	22930256.00
2022/10/27	9.690	9.696	9.666	9.691	1343890	13017819.00
2022/10/28	9.690	9.694	9.610	9.682	2677203	25834328.00
2022/10/31	9.681	9.681	9.612	9.631	1717640	16542221.00
2022/11/01	9.682	9.689	9.590	9.689	1644983	15877918.00
2022/11/02	9.683	9.818	9.668	9.795	2262191	22020392.00
2022/11/03	9.788	9.881	9.772	9.864	2003221	19742984.00
2022/11/04	9.852	9.914	9.825	9.891	1967408	19436188.00
2022/11/07	9.887	9.887	9.694	9.813	2323445	22770460.00
2022/11/08	9.813	9.848	9.712	9.772	2169554	21189572.00
2022/11/09	9.772	9.779	9.700	9.731	1271302	12391732.00
2022/11/10	9.727	9.762	9.692	9.714	2103119	20429014.00
2022/11/11	9.728	9.850	9.693	9.710	1949520	18968196.00
2022/11/14	9.710	9.738	9.581	9.604	3175982	30552024.00
2022/11/15	9.590	9.617	9.574	9.597	1633682	15688770.00
2022/11/16	9.597	9.663	9.593	9.652	2368859	22853670.00
2022/11/17	9.654	9.699	9.553	9.635	2148342	20639302.00
2022/11/18	9.620	9.664	9.580	9.596	2526891	24307344.00
2022/11/21	9.597	9.728	9.597	9.716	1228822	11872371.00
2022/11/22	9.715	9.723	9.651	9.674	514287	4981385.00
2022/11/23	9.674	9.717	9.620	9.690	1058656	10234548.00
2022/11/24	9.694	9.729	9.665	9.699	1563433	15154748.00
2022/11/25	9.659	9.704	9.623	9.636	1370520	13220866.00
2022/11/28	9.636	9.636	9.586	9.609	1452176	13949810.00
2022/11/29	9.609	9.711	9.572	9.680	1780092	17197150.00
2022/11/30	9.680	9.691	9.640	9.665	1871056	18092280.00
2022/12/01	9.665	9.715	9.660	9.699	1717036	16654842.00
2022/12/02	9.700	9.723	9.685	9.699	1424813	13825722.00
2022/12/05	9.701	9.834	9.675	9.803	1504866	14708108.00
2022/12/06	9.803	9.839	9.747	9.812	1530572	15013730.00
2022/12/07	9.812	9.812	9.772	9.797	1629281	15957545.00
2022/12/08	9.797	9.798	9.754	9.789	2026199	19812128.00
2022/12/09	9.780	9.794	9.750	9.781	1213552	11866276.00
2022/12/12	9.775	9.804	9.761	9.789	1467564	14353625.00
2022/12/13	9.789	9.789	9.750	9.777	731550	7148644.00
2022/12/14	9.738	9.779	9.738	9.767	1177712	11499736.00
2022/12/15	9.767	9.781	9.740	9.769	1109244	10838102.00
2022/12/16	9.765	9.800	9.740	9.769	1303544	12750379.00
2022/12/19	9.769	9.789	9.738	9.763	907533	8864523.00
2022/12/20	9.740	9.770	9.737	9.752	921446	8990657.00
2022/12/21	9.751	9.753	9.723	9.748	1229819	11982863.00
2022/12/22	9.748	9.791	9.736	9.761	988525	9646337.00
2022/12/23	9.761	9.800	9.724	9.795	1235892	12077414.00
2022/12/26	9.778	9.817	9.778	9.813	1259816	12339875.00
2022/12/27	9.812	9.819	9.786	9.803	876147	8592140.00
2022/12/28	9.801	9.801	9.736	9.785	1429412	13973581.00
2022/12/29	9.763	9.819	9.701	9.787	1363688	13305162.00
2022/12/30	9.787	9.816	9.746	9.797	1312994	12862825.00
2023/01/03	9.797	9.831	9.745	9.816	1077682	10560923.00
2023/01/04	9.815	9.820	9.776	9.779	1492974	14617488.00
2023/01/05	9.779	9.806	9.720	9.748	1553819	15143349.00
2023/01/06	9.747	9.777	9.726	9.774	1492691	14532507.00
2023/01/09	9.774	9.798	9.746	9.778	1257415	12289976.00
2023/01/10	9.787	9.828	9.746	9.809	1432407	14026887.00
2023/01/11	9.809	9.833	9.791	9.815	1032142	10124914.00
2023/01/12	9.814	9.823	9.775	9.815	713640	7000627.00
2023/01/13	9.814	9.842	9.776	9.806	778241	7636813.00
2023/01/16	9.801	9.801	9.768	9.786	612976	5998073.00
2023/01/17	9.787	9.787	9.769	9.774	400211	3912472.00
2023/01/18	9.771	9.829	9.771	9.812	1130091	11063447.00
2023/01/19	9.781	9.827	9.753	9.818	1135064	11120097.00
2023/01/20	9.819	9.845	9.780	9.831	432645	4251163.00
2023/01/30	9.831	9.869	9.831	9.849	760185	7487074.00
2023/01/31	9.849	9.924	9.832	9.918	1161542	11495308.00
2023/02/01	9.918	9.928	9.811	9.899	1738619	17162754.00
2023/02/02	9.898	9.898	9.855	9.873	481980	4755497.00
2023/02/03	9.873	9.873	9.855	9.867	1121085	11058547.00
2023/02/06	9.865	9.889	9.861	9.873	1287966	12716955.00
2023/02/07	9.871	9.894	9.860	9.885	1156824	11424994.00
2023/02/08	9.893	9.893	9.860	9.883	664699	6568694.00
2023/02/09	9.865	9.889	9.862	9.885	1102733	10901525.00
2023/02/10	9.885	9.901	9.855	9.887	924924	9146424.00
2023/02/13	9.860	9.909	9.860	9.889	1072917	10601055.00
2023/02/14	9.889	9.917	9.864	9.909	1075985	10656052.00
2023/02/15	9.911	9.930	9.909	9.919	1024115	10159749.00
2023/02/16	9.970	9.970	9.900	9.936	877167	8710842.00
2023/02/17	9.944	9.949	9.901	9.941	760548	7558567.00
2023/02/20	9.941	9.956	9.925	9.945	946532	9411574.00
2023/02/21	9.944	9.971	9.920	9.947	1140914	11356318.00
2023/02/22	9.947	9.987	9.929	9.957	842873	8403828.00
2023/02/23	9.956	9.979	9.940	9.952	1151258	11467628.00
2023/02/24	9.958	9.979	9.902	9.938	548765	5456305.00
2023/02/27	9.938	9.938	9.906	9.919	1020904	10136255.00
2023/02/28	9.919	9.946	9.905	9.925	681603	6771430.00
2023/03/01	9.925	9.943	9.917	9.930	1389949	13801646.00
2023/03/02	9.930	9.950	9.911	9.916	658786	6538882.00
2023/03/03	9.916	9.936	9.901	9.906	745721	7391477.00
2023/03/06	9.901	9.911	9.845	9.853	765411	7560851.00
2023/03/07	9.885	9.908	9.820	9.823	1109863	10936888.00
2023/03/08	9.822	9.825	9.786	9.800	867141	8499724.00
2023/03/09	9.762	9.800	9.762	9.782	570183	5575500.00
2023/03/10	9.782	9.782	9.762	9.763	536026	5236013.00
2023/03/13	9.762	9.762	9.720	9.745	1305547	12714273.00
2023/03/14	9.731	9.744	9.719	9.724	822989	8003274.00
2023/03/15	9.797	9.797	9.698	9.702	1018118	9885206.00
2023/03/16	9.701	9.718	9.685	9.699	1394325	13534256.00
2023/03/17	9.699	9.748	9.687	9.701	935445	9074779.00
2023/03/20	9.703	9.707	9.669	9.676	964094	9334224.00
2023/03/21	9.676	9.686	9.646	9.659	707164	6831735.00
2023/03/22	9.660	9.660	9.624	9.628	1139436	10982427.00
2023/03/23	9.659	9.659	9.606	9.618	1383632	13309990.00
2023/03/24	9.618	9.645	9.601	9.632	2099315	20196484.00
2023/03/27	9.632	9.705	9.632	9.675	1135730	10994887.00
2023/03/28	9.679	9.684	9.630	9.634	881768	8522914.00
2023/03/29	9.635	9.658	9.620	9.624	714632	6885502.00
2023/03/30	9.628	9.710	9.612	9.614	612146	5889672.00
2023/03/31	9.615	9.672	9.615	9.658	1284070	12395336.00
2023/04/03	9.658	9.720	9.640	9.703	926434	8973328.00
2023/04/04	9.783	9.801	9.704	9.718	1971566	19186544.00
2023/04/06	9.720	9.736	9.680	9.709	1284044	12471796.00
2023/04/07	9.712	9.743	9.699	9.728	1271536	12356177.00
2023/04/10	9.728	9.757	9.728	9.743	1488705	14499636.00
2023/04/11	8.969	9.027	8.911	8.933	1624334	14551780.00
2023/04/12	8.955	8.980	8.864	8.888	972791	8680792.00
2023/04/13	8.888	8.892	8.833	8.854	519404	4599269.00
2023/04/14	8.858	8.860	8.836	8.850	1084739	9600014.00
2023/04/17	8.849	8.867	8.830	8.857	992257	8784794.00
2023/04/18	8.857	8.860	8.831	8.846	1055489	9334418.00
2023/04/19	8.846	8.868	8.846	8.852	966394	8557740.00
2023/04/20	8.853	8.858	8.831	8.853	611714	5408565.00
2023/04/21	8.855	8.868	8.831	8.845	805204	7120941.00
2023/04/24	8.845	8.857	8.834	8.849	523636	4633944.00
2023/04/25	8.849	8.867	8.831	8.833	369875	3269472.00
2023/04/26	8.831	8.843	8.820	8.829	348822	3080902.00
2023/04/27	8.820	8.856	8.785	8.790	766390	6758934.00
2023/04/28	8.796	8.796	8.735	8.765	798408	6993269.00
2023/05/04	8.780	8.854	8.741	8.759	730042	6402705.00
2023/05/05	8.770	8.778	8.741	8.750	506943	4436051.00
2023/05/08	8.749	8.788	8.743	8.775	429375	3765216.00
2023/05/09	8.775	8.809	8.755	8.809	830381	7297004.00
2023/05/10	8.810	8.830	8.810	8.821	638393	5633867.00
2023/05/11	8.823	8.845	8.801	8.823	612751	5402466.00
2023/05/12	8.821	8.823	8.802	8.808	347182	3059557.00
2023/05/15	8.810	8.820	8.782	8.810	695280	6119283.00
2023/05/16	8.805	8.816	8.783	8.805	311343	2740675.00
2023/05/17	8.805	8.845	8.805	8.806	540498	4770588.00
2023/05/18	8.805	8.805	8.769	8.788	397629	3492942.00
2023/05/19	8.788	8.799	8.771	8.781	493677	4336853.00
2023/05/22	8.781	8.798	8.775	8.781	288421	2533153.00
2023/05/23	8.781	8.795	8.756	8.772	564411	4952973.00
2023/05/24	8.760	8.772	8.760	8.766	182660	1600971.00
2023/05/25	8.766	8.797	8.759	8.764	275740	2418317.00
2023/05/26	8.760	8.777	8.753	8.756	356119	3119184.00
2023/05/29	8.750	8.769	8.743	8.751	310353	2715864.00
2023/05/30	8.750	8.751	8.648	8.649	713445	6197754.00
2023/05/31	8.645	8.645	8.470	8.489	650767	5546388.00
2023/06/01	8.489	8.502	8.430	8.430	734205	6216400.00
2023/06/02	8.427	8.427	8.370	8.379	635840	5335465.00
2023/06/05	8.378	8.378	8.138	8.152	651268	5351885.00
2023/06/06	8.140	8.150	7.950	8.068	751789	6009732.00
2023/06/07	8.068	8.130	8.029	8.127	406221	3297781.00
2023/06/08	8.129	8.279	8.109	8.278	598094	4916633.00
2023/06/09	8.278	8.288	8.237	8.249	457735	3782160.00
2023/06/12	8.253	8.253	8.142	8.209	301327	2463244.00
2023/06/13	8.209	8.250	8.142	8.208	291983	2389318.00
2023/06/14	8.208	8.250	8.193	8.197	242999	1995685.00
2023/06/15	8.197	8.197	8.178	8.180	279486	2288440.00
2023/06/16	8.180	8.205	8.128	8.143	1353492	11043664.00
2023/06/19	8.143	8.143	7.952	7.970	1194968	9566172.00
2023/06/20	7.969	7.969	7.847	7.866	2078530	16408744.00
2023/06/21	7.869	7.869	7.646	7.685	1233021	9506091.00
2023/06/26	7.686	7.725	7.561	7.585	1236554	9448022.00
2023/06/27	7.580	7.580	7.236	7.308	3770366	27673664.00
2023/06/28	7.302	7.384	7.300	7.365	2300915	16869184.00
2023/06/29	7.379	7.426	7.366	7.419	1143354	8458544.00
2023/06/30	7.420	7.464	7.385	7.461	781005	5792482.00
2023/07/03	7.460	7.460	7.386	7.417	1270450	9408062.00
2023/07/04	7.417	7.429	7.385	7.413	543082	4027605.00
2023/07/05	7.410	7.413	7.350	7.378	1276228	9430944.00
2023/07/06	7.378	7.440	7.378	7.421	1285790	9540139.00
2023/07/07	7.421	7.699	7.421	7.630	972655	7411943.00
2023/07/10	7.633	7.756	7.633	7.744	1565898	12035496.00
2023/07/11	7.710	7.760	7.709	7.753	1486860	11513887.00
2023/07/12	7.750	7.775	7.713	7.766	1087920	8434102.00
2023/07/13	7.765	7.940	7.765	7.938	1521296	11962445.00
2023/07/14	7.938	8.089	7.898	8.037	1613354	12961625.00
2023/07/17	8.050	8.215	8.002	8.190	1426511	11659604.00
2023/07/18	8.210	8.377	8.210	8.374	1991204	16587060.00
2023/07/19	8.378	8.451	8.170	8.434	1924088	16069690.00
2023/07/20	8.433	8.433	8.131	8.299	911133	7585702.00
2023/07/21	8.295	8.398	8.150	8.372	965703	8068902.00
2023/07/24	8.375	8.427	8.300	8.391	1503560	12617653.00
2023/07/25	8.386	8.500	8.351	8.459	742422	6288600.00
2023/07/26	8.459	8.499	8.420	8.450	991969	8396565.00
2023/07/27	8.456	8.456	8.350	8.376	1109603	9323108.00
2023/07/28	8.374	8.396	8.290	8.385	1207752	10114390.00
2023/07/31	8.384	8.464	8.362	8.412	1031144	8674237.00
2023/08/01	8.375	8.541	8.375	8.417	1712338	14476866.00
2023/08/02	8.417	8.495	8.390	8.481	1136954	9638450.00
2023/08/03	8.481	8.516	8.470	8.486	2026133	17216352.00
2023/08/04	8.484	8.522	8.450	8.484	826733	7015407.00
2023/08/07	8.484	8.638	8.450	8.582	2035392	17424338.00
2023/08/08	8.582	8.604	8.544	8.598	1323326	11358491.00
2023/08/09	8.558	8.680	8.558	8.677	359494	3107959.00
2023/08/10	8.672	8.719	8.637	8.694	1190288	10361384.00
2023/08/11	8.694	8.726	8.672	8.704	685728	5977119.00
2023/08/14	8.703	8.731	8.576	8.718	1693591	14575420.00
2023/08/15	8.715	8.740	8.680	8.721	1585862	13829225.00
2023/08/16	8.700	8.739	8.682	8.718	622004	5414581.00
2023/08/17	8.717	8.717	8.671	8.687	811716	7047769.00
2023/08/18	8.687	8.708	8.656	8.682	1186751	10315577.00
2023/08/21	8.682	8.719	8.682	8.686	1119289	9726024.00
2023/08/22	8.671	8.692	8.574	8.682	1383796	12003952.00
2023/08/23	8.642	8.681	8.630	8.646	1199222	10375650.00
2023/08/24	8.646	8.680	8.620	8.654	683632	5910060.00
2023/08/25	8.615	8.692	8.615	8.690	542255	4692113.00
2023/08/28	8.690	8.739	8.689	8.713	637696	5560536.00
2023/08/29	8.673	8.736	8.641	8.659	705446	6126467.00
2023/08/30	8.650	8.704	8.650	8.703	475324	4120793.00
2023/08/31	8.670	8.736	8.670	8.724	1189265	10369881.00
2023/09/01	8.724	8.734	8.684	8.695	1192017	10374444.00
2023/09/04	8.692	8.710	8.673	8.694	955606	8310423.00
2023/09/05	8.692	8.711	8.692	8.709	762083	6632910.00
2023/09/06	8.706	8.740	8.706	8.728	652674	5689014.00
2023/09/07	8.720	8.744	8.720	8.737	414654	3621848.00
2023/09/08	8.730	8.748	8.730	8.746	1107158	9681488.00
2023/09/11	8.732	8.754	8.720	8.748	1201559	10492606.00
2023/09/12	8.748	8.761	8.720	8.757	1157792	10134719.00
2023/09/13	8.757	8.768	8.757	8.764	567673	4974093.00
2023/09/14	8.764	8.780	8.711	8.734	824309	7218252.00
2023/09/15	8.709	8.734	8.682	8.706	833995	7267055.00
2023/09/18	8.709	8.722	8.672	8.682	315244	2737604.00
2023/09/19	8.672	8.680	8.600	8.629	1288046	11163869.00
2023/09/20	8.589	8.623	8.515	8.577	1333074	11455674.00
2023/09/21	8.568	8.568	8.461	8.507	884413	7528737.00
2023/09/22	8.468	8.559	8.462	8.549	1186173	10081848.00
2023/09/25	8.548	8.548	8.501	8.520	699530	5962935.00
2023/09/26	8.515	8.528	8.477	8.518	1841401	15653103.00
2023/09/27	8.488	8.508	8.435	8.470	1782499	15138108.00
2023/09/28	8.473	8.528	8.460	8.483	1744341	14795880.00
2023/10/09	8.483	8.485	8.440	8.451	803691	6798521.00
2023/10/10	8.454	8.455	8.391	8.432	939261	7935518.00
2023/10/11	8.393	8.410	8.371	8.387	1134101	9524092.00
2023/10/12	8.387	8.388	8.279	8.339	1062212	8855924.00
2023/10/13	8.337	8.353	8.273	8.302	1541350	12815183.00
2023/10/16	8.310	8.310	8.263	8.283	1671401	13823874.00
2023/10/17	8.280	8.285	8.240	8.280	1760582	14534824.00
2023/10/18	8.280	8.311	8.209	8.244	537537	4436010.00
2023/10/19	8.238	8.238	7.984	8.134	1178479	9591364.00
2023/10/20	8.111	8.134	7.901	8.019	1064209	8507847.00
2023/10/23	7.979	7.979	7.851	7.948	650130	5138179.00
2023/10/24	7.908	8.061	7.908	8.044	1208046	9628676.00
2023/10/25	8.050	8.185	8.044	8.149	1941217	15830913.00
2023/10/26	8.141	8.141	8.011	8.105	2302400	18695048.00
2023/10/27	8.066	8.146	8.066	8.126	2368410	19193488.00
2023/10/30	8.093	8.117	8.059	8.090	1567233	12690375.00
2023/10/31	8.091	8.311	8.078	8.259	1367664	11124716.00
2023/11/01	8.284	8.299	8.200	8.260	1125573	9305215.00
2023/11/02	8.220	8.260	8.178	8.242	1604502	13183419.00
2023/11/03	8.215	8.395	8.204	8.377	1535678	12718299.00
2023/11/06	8.377	8.390	8.261	8.297	1424661	11887344.00
2023/11/07	8.286	8.296	8.220	8.230	787338	6484566.00
2023/11/08	8.230	8.298	8.204	8.276	1038731	8542321.00
2023/11/09	8.251	8.348	8.251	8.340	1782769	14799803.00
2023/11/10	8.326	8.400	8.300	8.329	1633255	13648962.00
2023/11/13	8.289	8.327	8.207	8.268	1261225	10458731.00
2023/11/14	8.228	8.296	8.228	8.268	1605168	13288924.00
2023/11/15	8.252	8.267	8.174	8.210	2912016	23974950.00
2023/11/16	8.185	8.185	8.144	8.173	970906	7915595.00
2023/11/17	8.133	8.173	8.127	8.165	1793121	14587863.00
2023/11/20	8.147	8.186	8.133	8.173	497503	4054203.00
2023/11/21	8.183	8.208	8.140	8.184	1790741	14604818.00
2023/11/22	8.175	8.200	8.063	8.126	1099068	8949479.00
2023/11/23	8.111	8.128	8.060	8.069	1432078	11575319.00
2023/11/24	8.061	8.061	7.960	8.001	1719085	13806917.00
2023/11/27	8.000	8.000	7.910	7.915	1888613	14960062.00
2023/11/28	7.915	8.111	7.914	8.066	1980622	15691379.00
2023/11/29	8.061	8.061	7.984	8.055	735590	5903302.00
2023/11/30	8.059	8.161	8.016	8.160	1398491	11361596.00
2023/12/01	8.159	8.195	8.061	8.152	2004272	16313305.00
2023/12/04	8.113	8.207	8.112	8.168	2716359	22171998.00
2023/12/05	8.135	8.182	8.090	8.139	1120225	9121099.00
2023/12/06	8.101	8.161	8.101	8.161	611246	4977030.00
2023/12/07	8.122	8.161	8.101	8.130	473354	3843886.00
2023/12/08	8.100	8.150	8.100	8.149	1560187	12659244.00
2023/12/11	8.109	8.160	8.108	8.151	1465979	11903171.00
2023/12/12	8.151	8.155	8.111	8.154	103642	842480.00
2023/12/13	8.154	8.158	8.101	8.158	166819	1356546.00
2023/12/14	8.118	8.158	8.108	8.146	976566	7923832.00
2023/12/15	8.144	8.167	8.113	8.154	1050908	8551478.00
2023/12/18	8.154	8.203	8.117	8.151	825418	6731111.00
2023/12/19	8.149	8.199	8.140	8.150	619183	5047428.00
2023/12/20	8.113	8.247	8.113	8.240	450796	3683528.00
2023/12/21	8.240	8.446	8.207	8.438	689783	5760274.00
2023/12/22	8.421	8.599	8.398	8.484	1338944	11359195.00
2023/12/25	8.484	8.525	8.300	8.516	777581	6497508.00
2023/12/26	8.499	8.517	8.411	8.463	1782286	15077753.00
2023/12/27	8.423	8.464	8.300	8.351	2225215	18610720.00
2023/12/28	8.311	8.345	8.242	8.299	1235164	10237508.00
2023/12/29	8.299	8.447	8.299	8.341	2599156	21661016.00
2024/01/02	8.340	8.421	8.311	8.357	3190438	26698180.00
2024/01/03	8.356	8.410	8.311	8.335	1092205	9137540.00
2024/01/04	8.332	8.400	8.205	8.388	1723512	14254532.00
2024/01/05	8.380	8.401	8.268	8.398	1091021	9098723.00
2024/01/08	8.358	8.454	8.312	8.406	632877	5319689.00
2024/01/09	8.366	8.400	8.317	8.330	1542636	12841794.00
2024/01/10	8.312	8.349	8.311	8.338	251001	2092477.00
2024/01/11	8.311	8.375	8.311	8.337	506255	4226629.00
2024/01/12	8.338	8.340	8.314	8.337	1152507	9607080.00
2024/01/15	8.336	8.367	8.336	8.363	1115037	9324492.00
2024/01/16	8.365	8.516	8.365	8.505	654616	5513448.00
2024/01/17	8.530	8.535	8.505	8.524	876612	7469783.00
2024/01/18	8.511	8.524	8.292	8.410	902374	7611192.00
2024/01/19	8.370	8.451	8.370	8.433	702781	5906116.00
2024/01/22	8.433	8.433	8.276	8.286	2344504	19555780.00
2024/01/23	8.286	8.300	8.246	8.287	1442491	11955954.00
2024/01/24	8.274	8.361	8.272	8.312	739916	6150485.00
2024/01/25	8.304	8.361	8.286	8.320	1353254	11258349.00
2024/01/26	8.303	8.368	8.303	8.349	657815	5482009.00
2024/01/29	8.333	8.469	8.333	8.462	2231546	18720190.00
2024/01/30	8.437	8.519	8.432	8.460	1234634	10468117.00
2024/01/31	8.420	8.484	8.410	8.421	1233194	10389477.00
2024/02/01	8.421	8.545	8.381	8.508	1063390	9035207.00
2024/02/02	8.506	8.550	8.475	8.510	2089434	17776572.00
2024/02/05	8.508	8.522	8.460	8.474	956366	8116872.00
2024/02/06	8.459	8.550	8.412	8.525	1707377	14460444.00
2024/02/07	8.525	8.636	8.499	8.633	2271149	19556202.00
2024/02/08	8.623	8.908	8.622	8.852	2783331	24571624.00
2024/02/19	8.851	9.140	8.850	9.110	1507058	13611289.00
2024/02/20	9.110	9.284	8.971	9.174	2811674	25945700.00
2024/02/21	9.150	9.231	9.101	9.198	2083529	19149440.00
2024/02/22	9.160	9.230	9.136	9.182	1451586	13333576.00
2024/02/23	9.142	9.298	9.101	9.236	1629765	15038497.00
2024/02/26	9.236	9.465	9.101	9.403	3520474	32953558.00
2024/02/27	9.403	9.410	9.278	9.309	1768759	16553201.00
2024/02/28	9.309	9.340	8.888	9.281	1924010	17879120.00
2024/02/29	9.259	9.400	9.211	9.270	2421485	22486614.00
2024/03/01	9.266	9.459	9.266	9.429	2048569	19237852.00
2024/03/04	9.422	9.598	9.389	9.531	3723369	35475068.00
2024/03/05	9.528	9.608	9.499	9.578	3646422	34908604.00
2024/03/06	9.578	9.599	9.420	9.511	3356999	31893548.00
2024/03/07	9.500	9.608	9.415	9.453	5816608	55328932.00
2024/03/08	9.467	9.555	9.375	9.515	4302886	40960968.00
2024/03/11	9.519	9.599	9.519	9.585	2300744	22015500.00
2024/03/12	9.595	9.623	9.555	9.602	1959403	18812886.00
2024/03/13	9.628	9.665	9.463	9.527	3632791	34672532.00
2024/03/14	9.487	9.590	9.430	9.590	1971621	18797936.00
2024/03/15	9.590	9.600	9.542	9.589	1835272	17590002.00
2024/03/18	9.590	9.610	9.539	9.553	1518202	14549080.00
2024/03/19	9.550	9.600	9.483	9.508	1404605	13363130.00
2024/03/20	9.480	9.509	9.440	9.451	1116303	10581564.00
2024/03/21	9.448	9.485	9.392	9.409	1262266	11923688.00
2024/03/22	9.418	9.459	9.206	9.210	1192242	11048466.00
2024/03/25	9.208	9.255	8.971	9.250	1333910	12201238.00
2024/03/26	9.250	9.361	9.195	9.275	2242218	20831164.00
2024/03/27	9.275	9.490	9.261	9.477	1664938	15685151.00
2024/03/28	9.477	9.590	9.361	9.580	955814	9040432.00
2024/03/29	9.580	9.600	9.486	9.505	689368	6558372.00
2024/04/01	9.700	9.751	9.491	9.628	1628687	15645752.00
2024/04/02	9.628	9.850	9.628	9.798	1931448	18857672.00
2024/04/03	9.798	9.894	9.745	9.797	1376870	13500931.00
2024/04/08	9.792	9.900	9.792	9.834	1929939	18945632.00
2024/04/09	8.848	8.890	8.740	8.770	1613719	14193882.00
2024/04/10	8.765	8.784	8.660	8.781	3357000	29295570.00
2024/04/11	8.782	8.800	8.751	8.776	2599759	22844118.00
2024/04/12	8.775	8.852	8.630	8.759	2865957	25045300.00
2024/04/15	8.751	8.751	8.630	8.710	735115	6401139.00
2024/04/16	8.708	8.720	8.650	8.670	2658374	23050024.00
2024/04/17	8.674	8.727	8.651	8.696	2062167	17938672.00
2024/04/18	8.702	8.759	8.702	8.717	1716068	14977862.00
2024/04/19	8.716	8.746	8.620	8.693	1181774	10256089.00
2024/04/22	8.693	8.738	8.581	8.593	1976145	17064740.00
2024/04/23	8.600	8.636	8.555	8.573	1611873	13847588.00
2024/04/24	8.573	8.639	8.568	8.625	1837755	15831317.00
2024/04/25	8.617	8.795	8.617	8.750	1244278	10796830.00
2024/04/26	8.750	8.880	8.750	8.821	1749312	15451578.00
2024/04/29	8.837	8.900	8.775	8.845	1964496	17365324.00
2024/04/30	8.848	8.848	8.800	8.822	1705724	15070068.00
2024/05/06	8.809	8.838	8.792	8.810	1432078	12605636.00
2024/05/07	8.814	8.950	8.700	8.749	2111922	18645068.00
2024/05/08	8.710	8.738	8.590	8.642	3349856	28973156.00
2024/05/09	8.619	8.675	8.600	8.620	2482780	21415404.00
2024/05/10	8.620	8.655	8.600	8.655	1107494	9555934.00
2024/05/13	8.656	8.693	8.590	8.644	2268984	19576394.00
2024/05/14	8.615	8.660	8.600	8.644	2487976	21510810.00
2024/05/15	8.640	8.672	8.632	8.660	1926568	16667424.00
2024/05/16	8.660	8.698	8.655	8.662	1594547	13832348.00
2024/05/17	8.662	8.690	8.623	8.666	1276113	11046132.00
2024/05/20	8.628	8.695	8.606	8.694	1744033	15027096.00
2024/05/21	8.685	8.718	8.631	8.699	806630	7008793.00
2024/05/22	8.698	8.716	8.648	8.655	1258416	10900525.00
2024/05/23	8.655	8.669	8.622	8.665	1370022	11828284.00
2024/05/24	8.665	8.688	8.628	8.660	2672299	23120644.00
2024/05/27	8.620	8.673	8.620	8.661	1645444	14235393.00
2024/05/28	8.669	8.669	8.632	8.668	1823287	15766853.00
2024/05/29	8.630	8.668	8.630	8.659	1261623	10909977.00
2024/05/30	8.658	8.676	8.614	8.645	912671	7879280.00
2024/05/31	8.610	8.645	8.610	8.644	812742	7009363.00
2024/06/03	8.628	8.703	8.628	8.651	2315297	20036412.00
2024/06/04	8.612	8.660	8.584	8.620	2108276	18144712.00
2024/06/05	8.585	8.670	8.585	8.658	1969077	16972928.00
2024/06/06	8.669	8.685	8.631	8.650	1883030	16297380.00
2024/06/07	8.634	8.659	8.604	8.610	1981490	17104984.00
2024/06/11	8.605	8.646	8.586	8.605	2324335	20026446.00
2024/06/12	8.605	8.608	8.554	8.558	2091604	17949744.00
2024/06/13	8.557	8.574	8.550	8.554	2642825	22623930.00
2024/06/14	8.560	8.585	8.526	8.533	2590311	22155092.00
2024/06/17	8.525	8.548	8.500	8.505	3735904	31841480.00
2024/06/18	8.502	8.514	8.440	8.449	4004463	33993596.00
2024/06/19	8.445	8.457	8.400	8.403	3250605	27344958.00
2024/06/20	8.403	8.449	8.374	8.380	3174076	26631888.00
2024/06/21	8.380	8.415	8.360	8.400	2983232	25021928.00
2024/06/24	8.400	8.450	8.330	8.432	1971966	16584210.00
2024/06/25	8.425	8.431	8.341	8.356	3809114	31879604.00
2024/06/26	8.350	8.384	8.350	8.370	2471114	20657824.00
2024/06/27	8.353	8.437	8.352	8.435	1274071	10668603.00
2024/06/28	8.435	8.467	8.394	8.428	1692106	14281175.00
2024/07/01	8.405	8.445	8.390	8.411	1526900	12836207.00
2024/07/02	8.382	8.450	8.382	8.427	3858340	32471880.00
2024/07/03	8.407	8.465	8.398	8.464	1337387	11278461.00
2024/07/04	8.464	8.490	8.427	8.465	2941809	24886320.00
2024/07/05	8.465	8.520	8.465	8.471	1852229	15736319.00
2024/07/08	8.471	8.488	8.420	8.449	1682504	14261026.00
2024/07/09	8.458	8.500	8.458	8.470	2173376	18414070.00
2024/07/10	8.453	8.495	8.453	8.472	1587710	13474337.00
2024/07/11	8.470	8.533	8.453	8.461	1764317	14962406.00
2024/07/12	8.463	8.509	8.430	8.440	1907068	16135588.00
2024/07/15	8.430	8.457	8.400	8.401	2321865	19542580.00
2024/07/16	8.401	8.449	8.380	8.398	1736742	14598974.00
2024/07/17	8.386	8.450	8.385	8.413	2375392	19968370.00
2024/07/18	8.410	8.437	8.340	8.423	1416363	11920718.00
2024/07/19	8.423	8.500	8.403	8.496	2084234	17654878.00
2024/07/22	8.500	8.614	8.450	8.588	1831944	15736688.00
2024/07/23	8.586	8.611	8.555	8.580	2143729	18398488.00
2024/07/24	8.580	8.610	8.538	8.580	1775957	15229427.00
2024/07/25	8.539	8.629	8.539	8.616	1312419	11241110.00
2024/07/26	8.591	8.725	8.555	8.706	1658619	14428869.00
2024/07/29	8.714	8.730	8.663	8.681	931293	8084032.00
2024/07/30	8.681	8.781	8.581	8.708	2122054	18515176.00
2024/07/31	8.685	8.730	8.680	8.725	1489750	12979352.00
2024/08/01	8.725	8.774	8.725	8.752	1884966	16496264.00
2024/08/02	8.748	8.780	8.741	8.768	1986353	17404990.00
2024/08/05	8.768	8.868	8.756	8.835	2019649	17857084.00
2024/08/06	8.833	8.845	8.786	8.838	1972637	17423338.00
2024/08/07	8.837	8.887	8.837	8.879	2989366	26530686.00
2024/08/08	8.879	8.904	8.871	8.895	1287481	11454935.00
2024/08/09	8.890	8.911	8.890	8.907	2130804	18974156.00
2024/08/12	8.900	8.910	8.701	8.906	1516941	13504291.00
2024/08/13	8.900	8.909	8.801	8.900	1503657	13330231.00
2024/08/14	8.897	9.041	8.865	9.002	1208540	10823394.00
2024/08/15	9.051	9.058	8.920	9.045	1825020	16487225.00
2024/08/16	8.971	9.045	8.969	9.025	1600507	14375703.00
2024/08/19	9.024	9.053	8.999	9.053	1320743	11944122.00
2024/08/20	9.053	9.071	8.932	8.943	1533157	13808375.00
2024/08/21	8.971	8.971	8.811	8.820	1509995	13363060.00
2024/08/22	8.780	8.865	8.751	8.810	1197152	10527854.00
2024/08/23	8.820	8.900	8.790	8.849	1168025	10365383.00
2024/08/26	8.849	8.927	8.755	8.807	1271877	11198147.00
2024/08/27	8.800	8.850	8.783	8.845	1421756	12564176.00
2024/08/28	8.801	8.996	8.800	8.899	1356074	12092140.00
2024/08/29	8.888	9.000	8.786	8.953	1241961	11016206.00
2024/08/30	8.925	9.000	8.888	9.000	1566526	14073545.00
2024/09/02	9.000	9.049	8.911	9.009	697563	6279400.00
2024/09/03	9.049	9.050	8.831	8.882	1641043	14615329.00
2024/09/04	8.882	8.920	8.875	8.918	619261	5515932.00
2024/09/05	8.918	9.070	8.070	8.974	1625071	14538745.00
2024/09/06	8.965	8.995	8.965	8.986	1626023	14618160.00
2024/09/09	8.986	9.017	8.880	8.901	1196298	10689920.00
2024/09/10	8.881	8.979	8.837	8.967	1315511	11714285.00
2024/09/11	9.000	9.000	8.900	8.970	1486884	13336332.00
2024/09/12	8.970	8.970	8.804	8.831	466849	4144601.00
2024/09/13	8.818	8.863	8.800	8.833	1083989	9561226.00
2024/09/18	8.930	8.930	8.780	8.807	1081213	9521953.00
2024/09/19	8.800	8.834	8.694	8.700	2802593	24528748.00
2024/09/20	8.690	8.787	8.651	8.776	1596790	13948693.00
2024/09/23	8.787	8.880	8.700	8.721	2766216	24180794.00
2024/09/24	8.704	8.768	8.683	8.722	2832890	24747706.00
2024/09/25	8.722	8.780	8.700	8.779	1879143	16435652.00
2024/09/26	8.779	8.922	8.740	8.910	1668986	14756512.00
2024/09/27	8.914	8.992	8.914	8.961	182552	1637564.00
2024/09/30	8.650	8.650	8.502	8.548	1147075	9801135.00
2024/10/08	8.548	9.397	8.548	8.684	2087828	18157692.00
2024/10/09	8.684	8.734	8.610	8.619	2351975	20294062.00
2024/10/10	8.610	8.619	8.500	8.512	2217047	18909892.00
2024/10/11	8.526	8.580	8.520	8.558	1839391	15743451.00
2024/10/14	8.558	8.610	8.550	8.557	2255089	19371420.00
2024/10/15	8.558	8.558	8.497	8.501	2180843	18618636.00
2024/10/16	8.501	8.538	8.490	8.511	2031694	17267288.00
2024/10/17	8.511	8.575	8.430	8.448	1720692	14610367.00
2024/10/18	8.445	8.499	8.424	8.426	2425218	20508888.00
2024/10/21	8.431	8.479	8.380	8.428	3085648	25986196.00
2024/10/22	8.417	8.426	8.400	8.403	2525871	21245544.00
2024/10/23	8.400	8.429	8.370	8.382	2234803	18741730.00
2024/10/24	8.383	8.385	8.300	8.301	1972759	16473467.00
2024/10/25	8.301	8.323	8.299	8.308	2910848	24179216.00
2024/10/28	8.309	8.313	8.289	8.297	3089616	25643260.00
2024/10/29	8.297	8.322	8.293	8.320	2613952	21696880.00
2024/10/30	8.329	8.330	8.299	8.319	2291848	19031028.00
2024/10/31	8.318	8.329	8.300	8.309	1007751	8379946.00
2024/11/01	8.309	8.375	8.305	8.327	765503	6375158.00
2024/11/04	8.327	8.341	8.287	8.295	1255369	10432988.00
2024/11/05	8.294	8.300	8.287	8.292	2410094	19982520.00
2024/11/06	8.292	8.319	8.270	8.276	971746	8054612.00
2024/11/07	8.276	8.300	8.254	8.268	732242	6051266.00
2024/11/08	8.268	8.300	8.260	8.270	1652668	13667926.00
2024/11/11	8.276	8.276	8.222	8.253	1640021	13531537.00
2024/11/12	8.255	8.317	8.255	8.281	1464081	12130637.00
2024/11/13	8.270	8.281	8.243	8.274	1737041	14349037.00
2024/11/14	8.298	8.338	8.262	8.327	1199188	9944828.00
2024/11/15	8.327	8.420	8.315	8.360	1638093	13731054.00
2024/11/18	8.362	8.407	8.326	8.344	1457263	12198739.00
2024/11/19	8.343	8.357	8.304	8.331	1650722	13737285.00
2024/11/20	8.331	8.355	8.305	8.343	1877924	15640537.00
2024/11/21	8.343	8.380	8.311	8.371	1954734	16322286.00
2024/11/22	8.370	8.378	8.333	8.363	1223363	10230534.00
2024/11/25	8.367	8.406	8.326	8.365	1167718	9788779.00
2024/11/26	8.365	8.393	8.340	8.376	1115904	9339359.00
2024/11/27	8.390	8.390	8.345	8.354	794220	6640477.00
2024/11/28	8.354	8.372	8.330	8.350	1350118	11279280.00
2024/11/29	8.341	8.407	8.340	8.380	883517	7401211.00
2024/12/02	8.384	8.402	8.336	8.350	898056	7512721.00
2024/12/03	8.344	8.350	8.323	8.330	920962	7672300.00
2024/12/04	8.330	8.377	8.330	8.352	645173	5391127.00
2024/12/05	8.336	8.355	8.326	8.334	1051457	8773485.00
2024/12/06	8.334	8.369	8.331	8.354	869853	7259216.00
2024/12/09	8.364	8.370	8.350	8.366	1279165	10689937.00
2024/12/10	8.366	8.400	8.340	8.392	1205938	10096072.00
2024/12/11	8.383	8.670	8.360	8.583	1615554	13734258.00
2024/12/12	8.583	8.751	8.583	8.741	1387599	12103062.00
2024/12/13	8.744	8.800	8.741	8.773	1064821	9342836.00
2024/12/16	8.770	8.863	8.644	8.796	1110024	9760172.00
2024/12/17	8.791	8.857	8.700	8.726	1243771	10871310.00
2024/12/18	8.730	8.730	8.595	8.601	937167	8088779.00
2024/12/19	8.601	8.601	8.530	8.559	563339	4815644.00
2024/12/20	8.559	8.732	8.559	8.713	712510	6165471.00
2024/12/23	8.702	8.789	8.700	8.785	1345012	11764945.00
2024/12/24	8.795	8.795	8.745	8.753	2702489	23712084.00
2024/12/25	8.753	8.850	8.550	8.631	3462146	29796220.00
2024/12/26	8.613	8.677	8.424	8.676	2532464	21705572.00
2024/12/27	8.636	8.828	8.606	8.794	1507559	13175428.00
2024/12/30	8.804	8.825	8.779	8.824	2289565	20156232.00
2024/12/31	8.784	8.855	8.784	8.836	1650353	14571810.00
2025/01/02	8.840	8.840	8.731	8.749	1147573	10074753.00
2025/01/03	8.746	8.898	8.718	8.873	1442661	12730653.00
2025/01/06	8.876	8.989	8.771	8.803	1285068	11458687.00
2025/01/07	8.793	8.793	8.600	8.632	1543962	13321887.00
2025/01/08	8.624	8.714	8.592	8.700	2001397	17393048.00
2025/01/09	8.700	8.827	8.700	8.813	1677076	14741209.00
2025/01/10	8.813	8.856	8.760	8.802	840464	7395623.00
2025/01/13	8.802	8.849	8.700	8.751	623359	5454684.00
2025/01/14	8.752	8.805	8.670	8.698	1418230	12316270.00
2025/01/15	8.704	8.736	8.681	8.701	1675683	14610301.00
2025/01/16	8.701	8.726	8.646	8.687	1335846	11573500.00
2025/01/17	8.683	8.686	8.613	8.650	1124177	9725212.00
2025/01/20	8.650	8.710	8.650	8.699	1926486	16697431.00
2025/01/21	8.704	8.748	8.660	8.720	1265061	10989473.00
2025/01/22	8.747	8.854	8.705	8.840	2576123	22741132.00
2025/01/23	8.838	8.877	8.783	8.859	1777943	15726962.00
2025/01/24	8.857	8.857	8.801	8.828	1242069	10961498.00
2025/01/27	8.815	8.940	8.815	8.877	400629	3552643.00
2025/02/05	8.877	8.914	8.767	8.858	1574898	13909974.00
2025/02/06	8.844	8.844	8.781	8.800	4149776	36543296.00
2025/02/07	8.794	8.823	8.769	8.817	1608870	14168031.00
2025/02/10	8.824	8.939	8.824	8.938	1769944	15683062.00
2025/02/11	8.944	9.160	8.944	9.140	1301373	11838033.00
2025/02/12	9.168	9.170	8.962	9.029	2161806	19735672.00
2025/02/13	8.989	9.060	8.989	9.001	1952061	17576974.00
2025/02/14	8.993	9.165	8.973	9.162	486497	4398617.00
2025/02/17	9.162	9.163	9.064	9.155	1521499	13933618.00
2025/02/18	9.199	9.199	9.116	9.175	2781344	25486880.00
2025/02/19	9.175	9.196	9.155	9.187	1747354	16033526.00
2025/02/20	9.187	9.315	9.153	9.309	3287499	30391462.00
2025/02/21	9.269	9.448	9.266	9.435	3216394	30158420.00
2025/02/24	9.434	9.486	9.425	9.460	2261415	21406558.00
2025/02/25	9.464	9.528	9.404	9.467	3421032	32408668.00
2025/02/26	9.453	9.453	9.405	9.406	2699527	25476296.00
2025/02/27	9.405	9.430	9.367	9.400	2031141	19102442.00
2025/02/28	9.399	9.420	9.265	9.345	2761384	25869708.00
2025/03/03	9.321	9.448	9.321	9.423	1323898	12437462.00
2025/03/04	9.425	9.488	9.425	9.480	2517045	23854684.00
2025/03/05	9.480	9.487	9.440	9.477	2205680	20894788.00
2025/03/06	9.477	9.477	9.424	9.451	2200996	20770088.00
2025/03/07	9.413	9.485	9.413	9.485	2366907	22302850.00
2025/03/10	9.485	9.540	9.482	9.487	2794625	26551554.00
2025/03/11	9.453	9.499	9.393	9.408	1627339	15394173.00
2025/03/12	9.408	9.490	9.407	9.444	2757851	26121828.00
2025/03/13	9.444	9.488	9.444	9.480	2040997	19327460.00
2025/03/14	9.480	9.485	9.412	9.480	2558645	24242676.00
2025/03/17	9.470	9.486	9.411	9.428	1711145	16181999.00
2025/03/18	9.428	9.450	9.407	9.445	1098528	10346605.00
2025/03/19	9.445	9.482	9.435	9.471	2158742	20439412.00
2025/03/20	9.484	9.490	9.377	9.426	2184422	20668298.00
2025/03/21	9.426	9.458	9.379	9.425	1721126	16171652.00
2025/03/24	9.390	9.500	9.386	9.480	2159327	20396160.00
2025/03/25	9.480	9.501	9.464	9.499	2030458	19264456.00
2025/03/26	9.494	9.499	9.465	9.485	1831412	17372090.00
2025/03/27	9.490	9.502	9.475	9.476	2887666	27416284.00
2025/03/28	9.456	9.510	9.456	9.499	2338863	22219724.00
2025/03/31	9.499	9.550	9.410	9.423	2651840	25219084.00
2025/04/01	9.470	9.470	9.340	9.342	1592210	14967266.00
2025/04/02	9.343	9.404	9.343	9.403	1881692	17662792.00
2025/04/03	9.453	9.577	9.447	9.568	3429414	32656408.00
2025/04/07	9.570	9.578	9.520	9.573	2937230	28097806.00
2025/04/08	9.573	9.574	9.550	9.570	2683996	25685682.00
2025/04/09	9.580	9.816	9.565	9.815	1751158	16904238.00
2025/04/10	9.775	9.937	9.739	9.875	2674753	26211884.00
2025/04/11	9.425	9.425	9.239	9.258	1765226	16425721.00
2025/04/14	9.258	9.260	9.150	9.185	777307	7135132.00
2025/04/15	9.155	9.278	9.150	9.211	1807343	16609719.00
2025/04/16	9.210	9.276	9.140	9.243	2324051	21358944.00
2025/04/17	9.250	9.258	9.211	9.239	2299840	21214280.00
2025/04/18	9.243	9.243	9.186	9.201	1274499	11730018.00
2025/04/21	9.207	9.229	9.115	9.148	1980667	18162944.00
2025/04/22	9.122	9.168	9.122	9.148	1958150	17918108.00
2025/04/23	9.185	9.185	9.121	9.151	1609021	14689748.00
2025/04/24	9.160	9.160	9.111	9.159	968617	8856180.00
2025/04/25	9.159	9.196	9.000	9.070	2011470	18387984.00
2025/04/28	9.069	9.069	8.912	8.991	2678493	24119796.00
2025/04/29	9.054	9.054	8.917	8.951	2265673	20365556.00
2025/04/30	8.951	9.025	8.934	8.969	2043052	18378338.00
2025/05/06	8.975	9.004	8.942	8.997	1304614	11729988.00
2025/05/07	8.975	9.008	8.975	9.006	1626906	14649058.00
2025/05/08	9.003	9.038	8.970	8.988	1071633	9661537.00
2025/05/09	9.004	9.021	8.973	8.988	407769	3667887.00
2025/05/12	8.988	9.003	8.890	8.900	1805580	16143564.00
2025/05/13	8.894	8.932	8.843	8.862	1034044	9168423.00
2025/05/14	8.862	8.888	8.803	8.815	1920455	16930912.00
2025/05/15	8.815	8.900	8.815	8.846	1884986	16691259.00
2025/05/16	8.841	8.898	8.820	8.875	2002006	17742610.00
2025/05/19	8.860	8.923	8.855	8.915	2348791	20872576.00
2025/05/20	8.915	9.000	8.900	8.984	1381231	12370439.00
2025/05/21	8.994	9.021	8.948	9.009	2166251	19515496.00
2025/05/22	9.009	9.030	8.945	8.952	1957233	17610758.00
2025/05/23	8.952	8.953	8.844	8.864	2700598	23990342.00
2025/05/26	8.848	8.897	8.826	8.855	730751	6477819.00
2025/05/27	8.899	8.899	8.727	8.736	1788951	15809009.00
2025/05/28	8.740	8.771	8.697	8.722	2417491	21119308.00
2025/05/29	8.736	8.766	8.712	8.766	2520230	22045896.00
2025/05/30	8.767	8.794	8.737	8.789	652484	5729529.00
2025/06/03	8.794	8.828	8.778	8.799	390380	3438732.00
2025/06/04	8.800	8.840	8.800	8.830	2366715	20893618.00
2025/06/05	8.800	8.977	8.800	8.928	3317448	29606320.00
2025/06/06	8.920	8.980	8.900	8.916	2683571	23983268.00
2025/06/09	8.916	8.953	8.910	8.929	1833650	16356548.00
2025/06/10	8.929	8.944	8.880	8.887	3067622	27335536.00
2025/06/11	8.865	8.917	8.851	8.897	2134159	18991814.00
2025/06/12	8.920	8.923	8.890	8.910	507241	4518768.00
2025/06/13	8.894	8.943	8.874	8.933	2144924	19110320.00
2025/06/16	8.931	8.980	8.900	8.962	718285	6425816.00
2025/06/17	8.979	8.979	8.901	8.910	2733881	24425760.00
2025/06/18	8.910	8.925	8.878	8.885	2022969	17999214.00
2025/06/19	8.885	8.900	8.860	8.867	684400	6071825.00
2025/06/20	8.867	8.882	8.856	8.865	591276	5242622.00
2025/06/23	8.885	8.937	8.861	8.912	1719495	15279372.00
2025/06/24	8.905	8.915	8.820	8.834	1357304	12025269.00
2025/06/25	8.844	8.885	8.821	8.851	2223968	19704142.00
2025/06/26	8.851	8.878	8.814	8.821	1059758	9373402.00
2025/06/27	8.819	8.820	8.781	8.794	2049392	18031038.00
2025/06/30	8.794	8.798	8.742	8.798	1370286	12026069.00
2025/07/01	8.780	8.819	8.773	8.797	1708238	15020162.00
2025/07/02	8.805	8.865	8.805	8.840	501082	4418678.00
2025/07/03	8.840	8.860	8.820	8.840	1345756	11911699.00
2025/07/04	8.834	8.860	8.822	8.828	730794	6460817.00
2025/07/07	8.825	8.845	8.820	8.825	608820	5377789.00
2025/07/08	8.825	8.844	8.790	8.790	808009	7127174.00
2025/07/09	8.790	8.816	8.743	8.744	687814	6033713.00
2025/07/10	8.742	8.785	8.738	8.779	2215409	19425664.00
2025/07/11	8.778	8.781	8.741	8.745	2339037	20509414.00
2025/07/14	8.737	8.764	8.699	8.710	2013654	17570680.00
2025/07/15	8.710	8.728	8.699	8.714	1675421	14608545.00
2025/07/16	8.720	8.789	8.716	8.780	2035763	17798690.00
2025/07/17	8.750	8.782	8.750	8.751	261085	2288052.00
2025/07/18	8.751	8.785	8.740	8.750	258953	2268985.00
2025/07/21	8.750	8.770	8.735	8.748	1434532	12553484.00
2025/07/22	8.748	8.774	8.740	8.773	1269814	11110715.00
2025/07/23	8.773	8.785	8.698	8.710	737422	6433715.00
2025/07/24	8.710	8.710	8.617	8.633	2486912	21519746.00
2025/07/25	8.614	8.633	8.611	8.619	2209231	19033728.00
2025/07/28	8.619	8.755	8.619	8.753	1409769	12275785.00
2025/07/29	8.752	8.774	8.687	8.755	2460339	21559096.00
2025/07/30	8.765	8.836	8.743	8.795	2026722	17759028.00
2025/07/31	8.787	8.804	8.748	8.801	2281645	19986184.00
2025/08/01	8.802	8.802	8.766	8.777	1669985	14656361.00
2025/08/04	8.790	8.809	8.777	8.800	2434873	21404788.00
2025/08/05	8.797	8.805	8.766	8.804	937440	8232443.00
2025/08/06	8.804	8.804	8.721	8.794	833855	7326529.00
2025/08/07	8.794	8.805	8.748	8.800	1786384	15702762.00
2025/08/08	8.785	8.785	8.753	8.768	1413684	12404125.00
2025/08/11	8.768	8.770	8.760	8.760	1820494	15957306.00
2025/08/12	8.785	8.805	8.763	8.803	833284	7329679.00
2025/08/13	8.794	8.802	8.764	8.791	776660	6830409.00
2025/08/14	8.800	8.805	8.776	8.801	1890610	16628340.00
2025/08/15	8.801	8.801	8.766	8.771	1922506	16862016.00
2025/08/18	8.772	8.772	8.669	8.687	1286409	11191254.00
2025/08/19	8.687	8.687	8.600	8.640	1539804	13313518.00
2025/08/20	8.640	8.694	8.640	8.686	1521501	13211004.00
2025/08/21	8.688	8.725	8.675	8.685	1844144	16049641.00
2025/08/22	8.685	8.726	8.685	8.709	849807	7398062.00
2025/08/25	8.710	8.750	8.680	8.728	811110	7070749.00
2025/08/26	8.725	8.805	8.725	8.804	1907624	16716738.00
2025/08/27	8.804	8.806	8.790	8.792	1909897	16803724.00
2025/08/28	8.792	8.810	8.718	8.770	870863	7646644.00
2025/08/29	8.770	8.780	8.754	8.775	554099	4855294.00
2025/09/01	8.765	8.770	8.735	8.738	697008	6097990.00
2025/09/02	8.738	8.804	8.730	8.803	1386142	12128657.00
2025/09/03	8.803	8.930	8.803	8.884	2084724	18426108.00
2025/09/04	8.862	8.894	8.830	8.852	1686868	14958685.00
2025/09/05	8.852	8.852	8.800	8.817	1154853	10183541.00
2025/09/08	8.814	8.822	8.772	8.777	1330088	11714418.00
2025/09/09	8.806	8.930	8.806	8.917	4390485	39104720.00
2025/09/10	8.900	8.920	8.849	8.869	2273466	20190632.00
2025/09/11	8.885	8.894	8.845	8.847	2840912	25155396.00
2025/09/12	8.847	8.853	8.800	8.824	4087208	36136612.00
2025/09/15	8.398	8.400	8.312	8.376	1463768	12255648.00
2025/09/16	8.373	8.373	8.311	8.311	2038774	16960040.00
2025/09/17	8.311	8.335	8.268	8.317	1786739	14825173.00
2025/09/18	8.316	8.319	8.293	8.301	1508041	12521466.00
2025/09/19	8.301	8.301	8.265	8.266	1584113	13120050.00
2025/09/22	8.277	8.294	8.195	8.211	2435803	20058288.00
2025/09/23	8.215	8.255	8.180	8.185	1963557	16104000.00
2025/09/24	8.185	8.204	8.110	8.113	4167630	34077540.00
2025/09/25	8.129	8.129	8.047	8.084	4617673	37343484.00
2025/09/26	8.084	8.105	8.049	8.071	2079819	16758960.00
2025/09/29	8.071	8.071	8.005	8.050	941657	7551214.00
2025/09/30	8.045	8.053	8.015	8.051	1127522	9063353.00
2025/10/09	8.050	8.056	8.026	8.056	2131653	17144808.00
2025/10/10	8.056	8.093	8.056	8.090	2439688	19717224.00
2025/10/13	8.095	8.165	8.074	8.162	1160910	9406812.00
2025/10/14	8.125	8.145	8.105	8.127	1348514	10953695.00
2025/10/15	8.128	8.140	8.045	8.080	833127	6758728.00
2025/10/16	8.065	8.065	7.999	8.000	1127090	9051985.00
2025/10/17	8.023	8.023	7.958	7.966	1686650	13447447.00
2025/10/20	7.966	7.990	7.940	7.943	1853100	14745213.00
2025/10/21	7.940	7.979	7.940	7.965	1650157	13154950.00
2025/10/22	7.971	8.028	7.955	8.027	776018	6187692.00
2025/10/23	8.030	8.105	8.028	8.101	1191960	9592382.00
2025/10/24	8.096	8.105	8.081	8.099	1991138	16106320.00
2025/10/27	8.085	8.099	8.035	8.039	1775486	14315370.00
2025/10/28	8.039	8.100	8.039	8.099	2843301	22923158.00
2025/10/29	8.095	8.163	8.095	8.152	667149	5435098.00
2025/10/30	8.152	8.152	8.106	8.110	616003	5001607.00
2025/10/31	8.110	8.134	8.087	8.093	1108649	8976727.00
2025/11/03	8.113	8.113	8.035	8.043	698377	5618561.00
2025/11/04	8.043	8.064	8.016	8.036	2390076	19195452.00
2025/11/05	8.015	8.053	8.010	8.053	1091464	8766561.00
2025/11/06	8.054	8.102	8.024	8.080	969782	7820713.00
2025/11/07	8.074	8.122	8.065	8.114	1741442	14120796.00
2025/11/10	8.125	8.134	8.101	8.119	564487	4580864.00
2025/11/11	8.119	8.172	8.119	8.141	1387795	11328976.00
2025/11/12	8.143	8.163	8.126	8.161	748997	6110564.00
2025/11/13	8.151	8.174	8.150	8.168	756279	6177809.00
2025/11/14	8.168	8.210	8.168	8.198	483944	3965578.00
2025/11/17	8.200	8.207	8.189	8.195	587730	4819122.00
2025/11/18	8.200	8.223	8.191	8.191	888764	7290009.00
2025/11/19	8.185	8.185	8.105	8.127	889740	7249842.00
2025/11/20	8.125	8.133	8.066	8.067	652944	5277588.00
2025/11/21	8.067	8.073	8.050	8.051	721453	5811750.00
2025/11/24	8.051	8.073	8.000	8.042	2144828	17218584.00
2025/11/25	8.042	8.065	8.033	8.036	2107095	16954900.00
2025/11/26	8.050	8.079	8.050	8.071	1869656	15069817.00
2025/11/27	8.055	8.080	8.055	8.063	2028733	16350185.00
2025/11/28	8.090	8.090	8.036	8.043	1574002	12663933.00
2025/12/01	8.041	8.064	8.026	8.036	1917316	15408989.00
2025/12/02	8.035	8.054	8.034	8.034	517233	4155933.00
2025/12/03	8.034	8.034	7.995	8.019	2180825	17484040.00
2025/12/04	8.018	8.034	8.006	8.006	2446890	19636658.00
2025/12/05	8.006	8.007	7.967	7.969	1143092	9132907.00
2025/12/08	7.971	8.017	7.971	7.980	863351	6902890.00
2025/12/09	7.980	8.005	7.935	7.983	2951172	23533992.00
2025/12/10	7.983	8.005	7.960	8.001	2362887	18900696.00
2025/12/11	8.000	8.011	7.978	7.982	1764611	14119653.00
2025/12/12	7.982	8.006	7.947	7.967	621339	4956968.00
2025/12/15	7.955	7.972	7.936	7.957	1068451	8498945.00
2025/12/16	7.957	7.990	7.902	7.908	472020	3746918.00
2025/12/17	7.905	7.963	7.896	7.951	1062298	8444457.00
2025/12/18	7.952	7.964	7.925	7.926	798343	6331918.00
2025/12/19	7.914	7.945	7.856	7.904	2185239	17213026.00
2025/12/22	7.919	7.919	7.768	7.811	2180765	17007220.00
2025/12/23	7.850	7.850	7.660	7.713	2686800	20807098.00
2025/12/24	7.711	8.010	7.586	7.994	3060042	23670212.00
2025/12/25	7.974	8.006	7.954	7.995	1211797	9680680.00
2025/12/26	7.975	8.011	7.975	7.999	294163	2352904.00
2025/12/29	7.999	8.000	7.916	7.990	1286334	10231969.00
2025/12/30	7.994	8.003	7.930	7.937	1049413	8346734.00
2025/12/31	7.950	7.977	7.907	7.963	1015576	8057173.00
2026/01/05	7.963	7.963	7.935	7.942	801111	6362773.00
2026/01/06	7.945	8.028	7.945	8.000	861362	6884889.00
2026/01/07	7.992	8.221	7.934	8.190	2000231	16275784.00
2026/01/08	8.190	8.220	8.075	8.184	2570581	20902776.00
2026/01/09	8.176	8.223	8.135	8.188	4331811	35490144.00
2026/01/12	8.174	8.201	8.100	8.188	519546	4228636.00
2026/01/13	8.158	8.191	8.129	8.161	671501	5484943.00
2026/01/14	8.177	8.193	8.139	8.183	896631	7326460.00
2026/01/15	8.183	8.193	8.140	8.158	2271754	18541294.00
2026/01/16	8.145	8.174	8.121	8.150	920807	7516369.00
2026/01/19	8.150	8.150	8.100	8.129	1549159	12595632.00
2026/01/20	8.119	8.135	8.114	8.128	867790	7051725.00
2026/01/21	8.128	8.163	8.102	8.150	1717223	13970750.00
2026/01/22	8.133	8.207	8.130	8.150	1720812	14078929.00
2026/01/23	8.150	8.252	8.138	8.201	7027903	57595400.00
2026/01/26	8.201	8.250	8.174	8.200	488710	4009075.00
2026/01/27	8.223	8.223	8.195	8.204	1539546	12637050.00
2026/01/28	8.194	8.212	8.185	8.200	1289653	10575515.00
2026/01/29	8.210	8.293	8.179	8.274	1332949	10970993.00
2026/01/30	8.274	8.320	8.235	8.290	1268663	10527183.00
2026/02/02	8.294	8.374	8.274	8.367	1861907	15534457.00
2026/02/03	8.374	8.404	8.336	8.352	1531129	12788925.00
2026/02/04	8.374	8.374	8.314	8.345	1316046	10976799.00
2026/02/05	8.345	8.357	8.315	8.354	1103641	9191546.00
2026/02/06	8.353	8.354	8.100	8.353	829248	6867678.00
2026/02/09	8.314	8.369	8.303	8.360	1419628	11845064.00
2026/02/10	8.360	8.392	8.360	8.388	1954699	16397566.00
2026/02/11	8.400	8.411	8.398	8.399	1561648	13127831.00
2026/02/12	8.378	8.420	8.378	8.418	1094285	9207442.00
2026/02/13	8.397	8.434	8.397	8.419	796030	6705356.00
2026/02/24	8.416	8.451	8.391	8.443	1608330	13573617.00
2026/02/25	8.454	8.469	8.434	8.453	649408	5488516.00
2026/02/26	8.453	8.472	8.352	8.456	1442970	12196571.00
2026/02/27	8.435	8.472	8.434	8.451	882414	7453560.00
2026/03/02	8.409	8.491	8.409	8.440	1363325	11502428.00
2026/03/03	8.433	8.438	8.414	8.429	1666853	14043443.00
2026/03/04	8.430	8.430	8.376	8.391	1383184	11603697.00
2026/03/05	8.391	8.491	8.374	8.457	839633	7090544.00
2026/03/06	8.457	8.549	8.440	8.526	1303237	11092357.00
2026/03/09	8.525	8.525	8.443	8.489	2639764	22311802.00
2026/03/10	8.455	8.491	8.436	8.448	1204333	10177259.00
2026/03/11	8.472	8.474	8.400	8.411	1391813	11723304.00
2026/03/12	8.403	8.427	8.376	8.381	768820	6448213.00
2026/03/13	8.380	8.380	8.319	8.359	868908	7252917.00
2026/03/16	8.360	8.390	8.356	8.365	635296	5314253.00
2026/03/17	8.355	8.390	8.340	8.341	1093792	9141900.00
2026/03/18	8.340	8.371	8.331	8.345	840766	7009876.00
2026/03/19	8.323	8.345	8.323	8.337	133371	1112605.00
2026/03/20	8.330	8.333	8.320	8.330	161517	1345074.00
2026/03/23	8.331	8.331	8.250	8.250	876424	7263641.00
2026/03/24	8.291	8.291	8.254	8.266	1114474	9219223.00
2026/04/03	8.294	8.307	8.242	8.284	784489	6497997.00
#鑒앴윱都:繫댐斤
