508066 빽揭쉭坑슥왠REIT 휑窟 꼇릿홈
      휑퍅	    역턍	    離멕	    離됴	    澗턍	    냥슥좆	    냥슥띨
2022/11/15	7.635	7.646	7.301	7.639	28583883	216361696.00
2022/11/16	7.635	7.635	7.485	7.510	3248100	24419330.00
2022/11/17	7.489	7.489	7.423	7.446	1482059	11043405.00
2022/11/18	7.438	7.438	7.334	7.343	2332734	17165638.00
2022/11/21	7.341	7.565	7.306	7.553	3296533	24628040.00
2022/11/22	7.550	7.575	7.479	7.555	1394597	10515612.00
2022/11/23	7.560	7.593	7.515	7.591	1500111	11367954.00
2022/11/24	7.592	7.636	7.592	7.606	1651888	12582146.00
2022/11/25	7.606	7.632	7.606	7.619	2079195	15842837.00
2022/11/28	7.619	7.630	7.528	7.629	1837101	13963654.00
2022/11/29	7.614	7.656	7.589	7.635	2612532	19947324.00
2022/11/30	7.632	7.646	7.618	7.628	2228178	17007844.00
2022/12/01	7.633	7.652	7.627	7.632	3403153	26004488.00
2022/12/02	7.630	7.646	7.625	7.632	2697077	20589548.00
2022/12/05	7.630	7.694	7.626	7.675	3648832	27996360.00
2022/12/06	7.682	7.738	7.676	7.736	4752345	36644296.00
2022/12/07	7.736	7.736	7.660	7.670	3663491	28113782.00
2022/12/08	7.649	7.688	7.634	7.675	1543114	11840090.00
2022/12/09	7.675	7.694	7.673	7.679	2700586	20741700.00
2022/12/12	7.676	7.682	7.639	7.678	944900	7253840.00
2022/12/13	7.679	7.679	7.635	7.635	3208726	24592504.00
2022/12/14	7.635	7.653	7.635	7.640	1612812	12330451.00
2022/12/15	7.640	7.656	7.635	7.642	1215268	9297109.00
2022/12/16	7.642	7.656	7.638	7.653	1344420	10286680.00
2022/12/19	7.654	7.659	7.620	7.651	1594855	12201546.00
2022/12/20	7.636	7.686	7.636	7.649	1546066	11833829.00
2022/12/21	7.644	7.679	7.644	7.645	1617335	12379371.00
2022/12/22	7.645	7.685	7.644	7.673	1952224	14974254.00
2022/12/23	7.673	7.705	7.673	7.704	1653097	12720725.00
2022/12/26	7.700	7.701	7.640	7.696	1575326	12119576.00
2022/12/27	7.645	7.700	7.645	7.684	1227944	9436347.00
2022/12/28	7.684	7.704	7.656	7.690	767325	5905388.00
2022/12/29	7.695	7.715	7.646	7.660	2000281	15383938.00
2022/12/30	7.652	7.724	7.652	7.708	833021	6400881.00
2023/01/03	7.707	7.711	7.650	7.707	1009387	7778068.00
2023/01/04	7.707	7.715	7.649	7.671	1728902	13297400.00
2023/01/05	7.671	7.694	7.660	7.680	1138707	8745114.00
2023/01/06	7.680	7.703	7.651	7.690	1339558	10307558.00
2023/01/09	7.693	7.693	7.652	7.686	1295651	9958172.00
2023/01/10	7.676	7.693	7.656	7.687	1503061	11553334.00
2023/01/11	7.687	7.707	7.681	7.701	1613400	12423869.00
2023/01/12	7.699	7.702	7.681	7.700	874034	6729800.00
2023/01/13	7.686	7.706	7.682	7.693	699014	5379329.00
2023/01/16	7.675	7.692	7.675	7.682	1132896	8705987.00
2023/01/17	7.680	7.685	7.674	7.678	925601	7107162.00
2023/01/18	7.681	7.693	7.675	7.688	1429885	10992061.00
2023/01/19	7.685	7.687	7.670	7.686	2289658	17596584.00
2023/01/20	7.686	7.695	7.686	7.693	1839085	14138615.00
2023/01/30	7.691	7.706	7.686	7.695	1722849	13261262.00
2023/01/31	7.696	7.727	7.653	7.726	3391675	26147244.00
2023/02/01	7.726	7.728	7.720	7.724	1246213	9627390.00
2023/02/02	7.720	7.720	7.700	7.707	1823974	14053086.00
2023/02/03	7.707	7.744	7.685	7.723	1610820	12415975.00
2023/02/06	7.723	7.749	7.674	7.685	2645636	20407992.00
2023/02/07	7.680	7.706	7.664	7.680	2309678	17760770.00
2023/02/08	7.678	7.679	7.668	7.676	1160606	8907975.00
2023/02/09	7.673	7.706	7.662	7.686	1772493	13607092.00
2023/02/10	7.685	7.713	7.675	7.688	2690088	20706272.00
2023/02/13	7.688	7.690	7.671	7.688	1710258	13142190.00
2023/02/14	7.688	7.706	7.688	7.702	2227676	17149372.00
2023/02/15	7.700	7.720	7.685	7.694	1907322	14707935.00
2023/02/16	7.680	7.704	7.680	7.702	1746796	13448039.00
2023/02/17	7.693	7.723	7.693	7.721	2011660	15516634.00
2023/02/20	7.719	7.737	7.700	7.727	2454874	18972752.00
2023/02/21	7.724	7.761	7.724	7.753	2223904	17216982.00
2023/02/22	7.751	7.778	7.700	7.774	1444376	11217588.00
2023/02/23	7.774	7.791	7.740	7.773	1128914	8783732.00
2023/02/24	7.790	7.790	7.720	7.761	569460	4425620.00
2023/02/27	7.746	7.762	7.720	7.738	1020015	7909695.00
2023/02/28	7.738	7.745	7.720	7.744	1076914	8328881.00
2023/03/01	7.744	7.777	7.730	7.742	1222827	9473295.00
2023/03/02	7.742	7.749	7.730	7.731	1627059	12590320.00
2023/03/03	7.731	7.747	7.731	7.747	982423	7601815.00
2023/03/06	7.749	7.755	7.745	7.753	611627	4740794.00
2023/03/07	7.752	7.756	7.750	7.753	539847	4185837.00
2023/03/08	7.754	7.756	7.714	7.736	639776	4957962.00
2023/03/09	7.736	7.756	7.736	7.743	766970	5939787.00
2023/03/10	7.743	7.750	7.743	7.743	989223	7662733.00
2023/03/13	7.743	7.755	7.736	7.736	1399713	10845215.00
2023/03/14	7.736	7.749	7.735	7.738	1460465	11304196.00
2023/03/15	7.738	7.751	7.736	7.740	1380934	10687438.00
2023/03/16	7.749	7.749	7.737	7.737	1137242	8802576.00
2023/03/17	7.660	7.743	7.660	7.726	1051456	8133134.00
2023/03/20	7.725	7.730	7.698	7.713	815032	6291476.00
2023/03/21	7.713	7.717	7.698	7.702	1083665	8354074.00
2023/03/22	7.702	7.702	7.681	7.693	989505	7615884.00
2023/03/23	7.697	7.701	7.681	7.694	1359989	10464327.00
2023/03/24	7.690	7.696	7.680	7.685	1312171	10089937.00
2023/03/27	7.685	7.699	7.673	7.687	1959564	15052280.00
2023/03/28	7.687	7.780	7.300	7.654	1656325	12666643.00
2023/03/29	7.654	7.655	7.598	7.600	821457	6256185.00
2023/03/30	7.614	7.664	7.530	7.569	1842568	13936386.00
2023/03/31	7.569	7.607	7.561	7.604	1695274	12879703.00
2023/04/03	7.599	7.608	7.599	7.605	1209372	9198290.00
2023/04/04	7.564	7.606	7.564	7.599	1014076	7705952.00
2023/04/06	7.598	7.601	7.590	7.599	935777	7111473.00
2023/04/07	7.600	7.649	7.599	7.601	1222385	9294065.00
2023/04/10	7.606	7.606	7.559	7.595	1307463	9928188.00
2023/04/11	7.595	7.595	7.560	7.566	943150	7145876.00
2023/04/12	7.560	7.560	7.536	7.538	936853	7067693.00
2023/04/13	7.526	7.530	7.471	7.485	1850938	13872064.00
2023/04/14	7.498	7.540	7.451	7.491	1513496	11333755.00
2023/04/17	7.490	7.520	7.445	7.506	1787162	13404856.00
2023/04/18	7.520	7.565	7.507	7.564	1631615	12310272.00
2023/04/19	7.564	7.640	7.564	7.583	1198859	9092790.00
2023/04/20	7.564	7.585	7.525	7.550	1414745	10703980.00
2023/04/21	7.550	7.639	7.487	7.548	1522522	11478144.00
2023/04/24	7.548	7.640	7.548	7.575	1540305	11641761.00
2023/04/25	7.575	7.636	7.573	7.595	1197232	9077254.00
2023/04/26	7.535	7.611	7.535	7.605	792850	6016825.00
2023/04/27	7.396	7.396	7.226	7.285	1083737	7923477.00
2023/04/28	7.297	7.297	7.265	7.279	655080	4765950.00
2023/05/04	7.279	7.297	7.260	7.288	443935	3232578.00
2023/05/05	7.288	7.349	7.280	7.280	1289424	9422344.00
2023/05/08	7.280	7.350	7.280	7.292	657491	4796837.00
2023/05/09	7.285	7.339	7.281	7.324	1615217	11800235.00
2023/05/10	7.290	7.390	7.290	7.376	1820705	13412180.00
2023/05/11	7.381	7.405	7.360	7.392	1257431	9284138.00
2023/05/12	7.392	7.392	7.330	7.370	957059	7052288.00
2023/05/15	7.330	7.370	7.325	7.331	767231	5628744.00
2023/05/16	7.330	7.398	7.270	7.379	1222264	8917696.00
2023/05/17	7.379	7.400	7.304	7.365	938595	6924249.00
2023/05/18	7.339	7.365	7.310	7.339	593031	4340694.00
2023/05/19	7.339	7.339	7.305	7.314	565720	4136912.00
2023/05/22	7.314	7.314	7.291	7.304	946433	6904366.00
2023/05/23	7.281	7.317	7.281	7.294	775278	5670586.00
2023/05/24	7.290	7.297	7.254	7.297	882129	6433092.00
2023/05/25	7.298	7.318	7.261	7.301	421987	3084787.00
2023/05/26	7.301	7.330	7.301	7.312	365125	2669683.00
2023/05/29	7.312	7.312	7.286	7.310	623937	4557030.00
2023/05/30	7.300	7.308	7.216	7.220	789759	5737361.00
2023/05/31	7.220	7.220	6.993	7.009	1033746	7335453.00
2023/06/01	6.991	7.009	6.950	6.955	1506265	10486498.00
2023/06/02	6.955	6.955	6.904	6.918	1846905	12766799.00
2023/06/05	6.918	6.918	6.624	6.649	922650	6272621.00
2023/06/06	6.649	6.857	6.235	6.844	1182643	7557126.00
2023/06/07	6.804	6.876	6.708	6.872	978016	6643590.00
2023/06/08	6.872	7.060	6.832	7.058	479591	3341284.00
2023/06/09	7.058	7.088	7.003	7.074	979265	6932369.00
2023/06/12	7.070	7.101	7.034	7.074	923791	6521400.00
2023/06/13	7.034	7.092	6.650	7.092	593373	4141812.00
2023/06/14	7.052	7.101	7.030	7.091	593034	4200838.00
2023/06/15	7.051	7.108	7.051	7.094	623952	4426645.00
2023/06/16	7.054	7.094	7.054	7.085	647752	4588358.00
2023/06/19	7.084	7.087	7.035	7.035	1298153	9166811.00
2023/06/20	7.035	7.160	7.035	7.068	867088	6127504.00
2023/06/21	7.068	7.068	7.015	7.037	1039358	7300850.00
2023/06/26	7.022	7.022	6.900	6.931	541201	3749955.00
2023/06/27	6.891	6.931	6.688	6.889	878980	6035034.00
2023/06/28	6.884	6.947	6.723	6.887	1112060	7648768.00
2023/06/29	6.847	6.887	6.847	6.859	1353860	9312549.00
2023/06/30	6.880	6.924	6.808	6.830	452974	3107850.00
2023/07/03	6.790	6.830	6.790	6.791	678283	4610133.00
2023/07/04	6.791	6.791	6.751	6.757	735574	4984817.00
2023/07/05	6.757	6.757	6.669	6.669	1053043	7078200.00
2023/07/06	6.666	6.724	6.664	6.716	1053067	7040093.00
2023/07/07	6.716	6.875	6.700	6.838	767898	5250220.00
2023/07/10	6.798	6.872	6.798	6.868	902702	6178586.00
2023/07/11	6.850	6.868	6.837	6.840	880162	6030704.00
2023/07/12	6.800	6.846	6.800	6.842	943400	6451971.00
2023/07/13	6.840	6.888	6.840	6.883	764930	5257318.00
2023/07/14	6.886	7.055	6.886	7.045	926821	6468344.00
2023/07/17	7.060	7.209	7.060	7.190	650369	4665365.00
2023/07/18	7.190	7.330	7.190	7.320	1367488	9968074.00
2023/07/19	7.319	7.487	7.203	7.278	1078084	7860301.00
2023/07/20	7.238	7.295	7.182	7.280	704763	5103312.00
2023/07/21	7.240	7.356	7.240	7.312	657945	4795924.00
2023/07/24	7.272	7.335	7.192	7.332	936517	6849662.00
2023/07/25	7.292	7.384	7.292	7.330	1775871	13032212.00
2023/07/26	7.290	7.340	7.290	7.333	976370	7155499.00
2023/07/27	7.325	7.332	7.320	7.330	270752	1984756.00
2023/07/28	7.300	7.348	7.300	7.347	695429	5098194.00
2023/07/31	7.347	7.450	7.347	7.423	478525	3545582.00
2023/08/01	7.406	7.480	7.360	7.380	1627137	12078527.00
2023/08/02	7.380	7.489	7.380	7.461	549820	4075367.00
2023/08/03	7.461	7.500	7.391	7.442	1191741	8894846.00
2023/08/04	7.402	7.446	7.402	7.443	503771	3749934.00
2023/08/07	7.443	7.466	7.426	7.455	481315	3582729.00
2023/08/08	7.415	7.496	7.415	7.466	928169	6946751.00
2023/08/09	7.456	7.500	7.456	7.477	1337583	10005955.00
2023/08/10	7.477	7.497	7.440	7.476	1174722	8797925.00
2023/08/11	7.437	7.500	7.200	7.466	1820847	13616410.00
2023/08/14	7.426	7.500	7.334	7.474	450339	3337564.00
2023/08/15	7.441	7.501	7.437	7.450	1333746	9980955.00
2023/08/16	7.487	7.500	7.401	7.440	864605	6433278.00
2023/08/17	7.420	7.442	7.420	7.441	757071	5631265.00
2023/08/18	7.411	7.465	7.411	7.445	833409	6211631.00
2023/08/21	7.399	7.414	7.398	7.412	966752	7166185.00
2023/08/22	7.412	7.425	7.334	7.410	708655	5239827.00
2023/08/23	7.410	7.410	7.370	7.407	685044	5070911.00
2023/08/24	7.367	7.487	7.367	7.459	920714	6810859.00
2023/08/25	7.422	7.485	7.422	7.478	673884	5031925.00
2023/08/28	7.478	7.511	7.438	7.483	564052	4230587.00
2023/08/29	7.450	7.486	7.450	7.480	475131	3545845.00
2023/08/30	7.443	7.490	7.440	7.488	498868	3729814.00
2023/08/31	7.488	7.496	7.432	7.447	968304	7245817.00
2023/09/01	7.434	7.473	7.407	7.425	642840	4776154.00
2023/09/04	7.425	7.440	7.425	7.425	656588	4875823.00
2023/09/05	7.400	7.430	7.400	7.426	456020	3386061.00
2023/09/06	7.396	7.436	7.396	7.436	359533	2668826.00
2023/09/07	7.406	7.520	7.406	7.430	280276	2083645.00
2023/09/08	7.390	7.460	7.378	7.451	639623	4732679.00
2023/09/11	7.485	7.485	7.411	7.452	640142	4770359.00
2023/09/12	7.451	7.483	7.435	7.457	539223	4023628.00
2023/09/13	7.453	7.460	7.439	7.456	488594	3640915.00
2023/09/14	7.417	7.475	7.400	7.427	760749	5668663.00
2023/09/15	7.415	7.455	7.387	7.440	533750	3950243.00
2023/09/18	7.417	7.438	7.400	7.418	626235	4644735.00
2023/09/19	7.410	7.462	7.378	7.443	1088415	8058783.00
2023/09/20	7.448	7.448	7.311	7.385	1001069	7394795.00
2023/09/21	7.344	7.424	7.273	7.398	651169	4747375.00
2023/09/22	7.386	7.388	7.365	7.388	1026776	7582889.00
2023/09/25	7.348	7.388	7.348	7.388	681753	5029964.00
2023/09/26	7.351	7.409	7.351	7.403	423265	3114446.00
2023/09/27	7.403	7.403	7.390	7.393	322333	2382650.00
2023/09/28	7.353	7.470	7.353	7.398	868671	6428376.00
2023/10/09	7.398	7.398	7.358	7.358	905896	6690019.00
2023/10/10	7.323	7.354	7.261	7.312	913416	6704177.00
2023/10/11	7.272	7.288	7.239	7.273	667292	4849777.00
2023/10/12	7.279	7.308	7.273	7.280	650565	4734210.00
2023/10/13	7.284	7.293	7.209	7.282	625270	4530584.00
2023/10/16	7.151	7.293	7.151	7.246	635030	4619307.00
2023/10/17	7.243	7.243	7.029	7.144	895056	6412122.00
2023/10/18	7.105	7.140	7.029	7.073	357100	2531122.00
2023/10/19	7.033	7.122	6.975	7.122	208993	1471300.00
2023/10/20	7.100	7.100	6.930	7.005	1377777	9657322.00
2023/10/23	6.965	6.965	6.790	6.811	731189	5033047.00
2023/10/24	6.821	6.944	6.770	6.878	1084302	7416141.00
2023/10/25	6.877	7.029	6.850	6.888	1202225	8376011.00
2023/10/26	6.888	6.889	6.853	6.889	651793	4478918.00
2023/10/27	6.757	6.757	6.564	6.615	363648	2407491.00
2023/10/30	6.615	6.655	6.570	6.585	944015	6219818.00
2023/10/31	6.591	6.640	6.577	6.592	1050735	6923505.00
2023/11/01	6.580	6.616	6.580	6.597	754208	4981986.00
2023/11/02	6.564	6.601	6.564	6.600	946444	6240570.00
2023/11/03	6.600	6.647	6.600	6.630	1041659	6897702.00
2023/11/06	6.621	6.641	6.620	6.635	696506	4621297.00
2023/11/07	6.634	6.682	6.616	6.682	1183882	7853826.00
2023/11/08	6.700	6.876	6.682	6.813	673370	4525622.00
2023/11/09	6.793	6.876	6.738	6.867	2081344	14136040.00
2023/11/10	6.860	6.868	6.785	6.840	768150	5270415.00
2023/11/13	6.800	6.854	6.800	6.850	654295	4484064.00
2023/11/14	6.823	6.874	6.823	6.843	689909	4725982.00
2023/11/15	6.823	6.846	6.760	6.829	692191	4707665.00
2023/11/16	6.821	6.821	6.773	6.779	923106	6255080.00
2023/11/17	6.739	6.771	6.739	6.739	1041850	7022291.00
2023/11/20	6.723	6.883	6.720	6.818	772774	5210369.00
2023/11/21	6.818	6.867	6.818	6.826	205307	1402467.00
2023/11/22	6.825	6.947	6.770	6.785	125916	858309.00
2023/11/23	6.745	6.746	6.598	6.598	2130033	14071785.00
2023/11/24	6.589	6.589	6.404	6.439	1652967	10703800.00
2023/11/27	6.439	6.570	6.231	6.380	854080	5426648.00
2023/11/28	6.415	6.415	6.265	6.295	594535	3738419.00
2023/11/29	6.295	6.398	6.255	6.330	2389177	15035283.00
2023/11/30	6.331	6.375	6.298	6.339	2063652	13063552.00
2023/12/01	6.339	6.399	6.327	6.397	3139198	19894004.00
2023/12/04	6.395	6.429	6.291	6.412	1532137	9754469.00
2023/12/05	6.386	6.429	6.350	6.414	1245006	7936101.00
2023/12/06	6.374	6.467	6.374	6.449	1553416	9964933.00
2023/12/07	6.449	6.470	6.444	6.456	3054405	19685428.00
2023/12/08	6.455	6.468	6.416	6.468	3909913	25235844.00
2023/12/11	6.448	6.472	6.381	6.466	3913659	25062932.00
2023/12/12	6.466	6.466	6.356	6.364	2397873	15316212.00
2023/12/13	6.364	6.364	6.266	6.320	2233605	14123418.00
2023/12/14	6.311	6.315	6.289	6.303	2313855	14584281.00
2023/12/15	6.280	6.327	6.280	6.316	733638	4622782.00
2023/12/18	6.316	6.327	6.284	6.298	2008855	12671244.00
2023/12/19	6.298	6.598	6.292	6.298	541323	3409750.00
2023/12/20	6.292	6.470	6.292	6.433	675986	4274090.00
2023/12/21	6.433	6.660	6.407	6.640	819644	5328809.00
2023/12/22	6.627	6.736	6.600	6.659	902238	6021930.00
2023/12/25	6.662	6.728	6.444	6.637	1002479	6607119.00
2023/12/26	6.597	6.598	6.518	6.557	532476	3475632.00
2023/12/27	6.517	6.517	6.430	6.441	1090379	7032362.00
2023/12/28	6.441	6.469	6.424	6.459	3176321	20488728.00
2023/12/29	6.433	6.600	6.433	6.550	1085638	7100520.00
2024/01/02	6.548	6.600	6.524	6.594	2702767	17824824.00
2024/01/03	6.587	6.695	6.587	6.680	509979	3373803.00
2024/01/04	6.647	6.680	6.474	6.535	3055938	20048372.00
2024/01/05	6.495	6.637	6.401	6.636	537543	3507386.00
2024/01/08	6.596	6.640	6.596	6.619	360263	2387428.00
2024/01/09	6.619	6.630	6.524	6.548	296654	1950359.00
2024/01/10	6.535	6.600	6.448	6.468	671226	4375782.00
2024/01/11	6.479	6.502	6.453	6.470	370464	2397538.00
2024/01/12	6.438	6.470	6.410	6.470	1664944	10684749.00
2024/01/15	6.470	6.551	6.470	6.509	1515176	9865887.00
2024/01/16	6.509	6.583	6.509	6.564	522098	3418940.00
2024/01/17	6.551	6.600	6.551	6.589	634967	4174482.00
2024/01/18	6.549	6.554	6.475	6.517	1636874	10640070.00
2024/01/19	6.477	6.548	6.475	6.536	510084	3330746.00
2024/01/22	6.549	6.549	6.492	6.531	1760979	11479963.00
2024/01/23	6.491	6.545	6.491	6.505	324647	2115338.00
2024/01/24	6.505	6.537	6.475	6.497	1928989	12566783.00
2024/01/25	6.475	6.527	6.457	6.503	457857	2978971.00
2024/01/26	6.490	6.513	6.479	6.510	153912	1000194.00
2024/01/29	6.510	6.510	6.471	6.500	1125347	7298012.00
2024/01/30	6.460	6.500	6.460	6.472	1265246	8215439.00
2024/01/31	6.480	6.491	6.450	6.456	380065	2454841.00
2024/02/01	6.416	6.456	6.416	6.456	585979	3770695.00
2024/02/02	6.456	6.467	6.438	6.448	1613192	10391347.00
2024/02/05	6.415	6.449	6.408	6.419	406354	2610617.00
2024/02/06	6.405	6.408	6.400	6.400	1135300	7268486.00
2024/02/07	6.361	6.400	6.361	6.381	1513754	9663360.00
2024/02/08	6.381	6.655	6.381	6.590	1576143	10107291.00
2024/02/19	6.603	6.828	6.595	6.815	835835	5604482.00
2024/02/20	6.815	6.838	6.715	6.810	1012693	6879740.00
2024/02/21	6.770	6.830	6.728	6.794	582131	3953472.00
2024/02/22	6.792	6.796	6.756	6.794	605264	4109597.00
2024/02/23	6.754	6.835	6.754	6.794	1840726	12486163.00
2024/02/26	6.794	7.000	6.794	6.998	2863522	19752774.00
2024/02/27	6.970	7.043	6.871	6.974	2075225	14437404.00
2024/02/28	6.973	6.973	6.863	6.877	2824236	19493224.00
2024/02/29	6.837	6.908	6.837	6.879	2475622	17024560.00
2024/03/01	6.852	7.050	6.852	6.985	2170918	15162771.00
2024/03/04	6.970	7.165	6.970	7.120	2723155	19288660.00
2024/03/05	7.095	7.195	7.000	7.077	2762801	19744648.00
2024/03/06	7.070	7.105	6.895	6.988	1996209	13917738.00
2024/03/07	6.950	7.028	6.920	6.956	2471368	17239488.00
2024/03/08	6.916	6.951	6.916	6.923	1839011	12745843.00
2024/03/11	6.923	6.923	6.870	6.898	2257817	15580773.00
2024/03/12	6.890	6.900	6.800	6.820	3057319	20901432.00
2024/03/13	6.808	6.808	6.690	6.702	4067354	27364958.00
2024/03/14	6.700	6.723	6.676	6.690	1947410	13041264.00
2024/03/15	6.681	6.876	6.681	6.827	1187903	7989413.00
2024/03/18	6.851	6.857	6.750	6.825	631875	4298500.00
2024/03/19	6.820	6.839	6.785	6.814	766837	5216915.00
2024/03/20	6.775	6.820	6.775	6.802	104382	709093.00
2024/03/21	6.804	6.820	6.730	6.734	1292826	8717847.00
2024/03/22	6.730	6.750	6.597	6.670	1846461	12232582.00
2024/03/25	6.693	6.693	6.509	6.550	3939617	25889026.00
2024/03/26	6.548	6.655	6.511	6.621	1061781	7001220.00
2024/03/27	6.596	6.717	6.596	6.712	1099523	7329939.00
2024/03/28	6.712	6.770	6.655	6.686	1568469	10466089.00
2024/03/29	6.656	6.727	6.639	6.727	306552	2045377.00
2024/04/01	6.707	6.835	6.707	6.832	369373	2493250.00
2024/04/02	6.812	6.828	6.775	6.801	543006	3687965.00
2024/04/03	6.770	6.930	6.770	6.892	668486	4552470.00
2024/04/08	6.892	6.948	6.890	6.907	1445166	9980641.00
2024/04/09	6.919	6.937	6.832	6.892	959966	6610854.00
2024/04/10	6.903	6.906	6.730	6.868	1431929	9759362.00
2024/04/11	6.855	6.890	6.723	6.860	2393441	16388764.00
2024/04/12	6.840	6.879	6.754	6.780	2208315	15038083.00
2024/04/15	6.780	6.799	6.702	6.786	1073518	7277905.00
2024/04/16	6.746	6.890	6.746	6.807	1513343	10271026.00
2024/04/17	6.807	6.854	6.754	6.841	3090407	21084760.00
2024/04/18	6.851	6.851	6.730	6.819	1203796	8190696.00
2024/04/19	6.781	6.880	6.781	6.848	912908	6235709.00
2024/04/22	6.834	6.893	6.777	6.861	1737538	11853183.00
2024/04/23	6.861	6.970	6.816	6.859	698950	4807795.00
2024/04/24	6.856	6.856	6.750	6.821	1178611	8042752.00
2024/04/25	6.781	6.893	6.781	6.893	428724	2933802.00
2024/04/26	6.876	6.989	6.876	6.931	1395863	9664677.00
2024/04/29	6.920	6.930	6.810	6.851	610075	4181388.00
2024/04/30	6.851	6.851	6.812	6.819	475161	3244096.00
2024/05/06	6.848	6.887	6.761	6.837	430351	2940410.00
2024/05/07	6.837	6.857	6.788	6.837	465853	3183126.00
2024/05/08	6.800	6.828	6.743	6.791	573537	3897881.00
2024/05/09	6.791	6.837	6.720	6.819	1060316	7186643.00
2024/05/10	6.809	6.830	6.731	6.821	911776	6187519.00
2024/05/13	6.791	6.890	6.791	6.835	596964	4079795.00
2024/05/14	6.835	6.870	6.748	6.805	797488	5429525.00
2024/05/15	6.791	6.871	6.749	6.751	1313195	8925636.00
2024/05/16	6.800	6.850	6.752	6.797	1631189	11088226.00
2024/05/17	6.801	6.811	6.731	6.773	1445175	9797383.00
2024/05/20	6.786	6.800	6.751	6.786	1007995	6832243.00
2024/05/21	6.646	6.646	6.439	6.543	704351	4579201.00
2024/05/22	6.535	6.535	6.445	6.460	1062480	6868206.00
2024/05/23	6.440	6.440	6.405	6.420	987848	6340908.00
2024/05/24	6.420	6.447	6.400	6.415	1023129	6565914.00
2024/05/27	6.415	6.446	6.380	6.394	1004847	6437222.00
2024/05/28	6.385	6.439	6.325	6.325	2590124	16450908.00
2024/05/29	6.325	6.365	6.242	6.267	2512928	15799942.00
2024/05/30	6.267	6.289	6.210	6.244	1505688	9384571.00
2024/05/31	6.249	6.255	6.204	6.245	1520347	9447427.00
2024/06/03	6.245	6.245	6.210	6.226	1655801	10326577.00
2024/06/04	6.230	6.290	6.221	6.280	1685508	10502177.00
2024/06/05	6.278	6.343	6.276	6.309	2004598	12647417.00
2024/06/06	6.318	6.342	6.293	6.326	1980312	12535652.00
2024/06/07	6.326	6.349	6.262	6.307	649913	4096176.00
2024/06/11	6.306	6.306	6.222	6.286	1677039	10500516.00
2024/06/12	6.264	6.290	6.235	6.288	2778524	17351864.00
2024/06/13	6.268	6.315	6.250	6.288	2639049	16611425.00
2024/06/14	6.280	6.297	6.263	6.273	2246076	14107095.00
2024/06/17	6.260	6.315	6.243	6.246	2051535	12861627.00
2024/06/18	6.243	6.249	6.220	6.239	2373356	14794318.00
2024/06/19	6.238	6.240	6.217	6.220	2539883	15817294.00
2024/06/20	6.248	6.248	6.202	6.229	1752896	10882640.00
2024/06/21	6.205	6.246	6.202	6.245	1318921	8201259.00
2024/06/24	6.227	6.264	6.220	6.261	1937173	12096567.00
2024/06/25	6.241	6.261	6.217	6.229	1661114	10354696.00
2024/06/26	6.220	6.228	6.180	6.206	2034574	12597554.00
2024/06/27	6.195	6.233	6.170	6.233	2163890	13375309.00
2024/06/28	6.230	6.260	6.190	6.254	2628457	16373660.00
2024/07/01	6.265	6.300	6.220	6.296	1888391	11774671.00
2024/07/02	6.280	6.320	6.266	6.319	2416808	15235452.00
2024/07/03	6.324	6.346	6.298	6.329	2450773	15477716.00
2024/07/04	6.310	6.372	6.291	6.354	2188237	13831881.00
2024/07/05	6.353	6.390	6.322	6.380	3281885	20896996.00
2024/07/08	6.375	6.375	6.330	6.364	2205859	14011212.00
2024/07/09	6.360	6.384	6.236	6.363	2039877	12881548.00
2024/07/10	6.310	6.357	6.310	6.317	1140883	7219892.00
2024/07/11	6.295	6.344	6.271	6.325	1761028	11089456.00
2024/07/12	6.324	6.338	6.290	6.337	1671035	10564071.00
2024/07/15	6.331	6.340	6.302	6.335	1971234	12467365.00
2024/07/16	6.336	6.380	6.310	6.354	1780245	11289294.00
2024/07/17	6.362	6.362	6.315	6.345	1838302	11633021.00
2024/07/18	6.319	6.344	6.306	6.332	1562175	9873334.00
2024/07/19	6.313	6.389	6.313	6.379	1401458	8876933.00
2024/07/22	6.382	6.382	6.340	6.379	1701864	10828906.00
2024/07/23	6.346	6.407	6.340	6.384	1149167	7312560.00
2024/07/24	6.385	6.385	6.338	6.377	1470329	9343347.00
2024/07/25	6.337	6.377	6.290	6.292	1377563	8701983.00
2024/07/26	6.275	6.319	6.262	6.310	945433	5936449.00
2024/07/29	6.288	6.338	6.288	6.334	1806767	11387110.00
2024/07/30	6.338	6.380	6.306	6.380	1606015	10179888.00
2024/07/31	6.310	6.380	6.298	6.379	1146207	7300548.00
2024/08/01	6.362	6.385	6.350	6.377	2278445	14521111.00
2024/08/02	6.370	6.394	6.339	6.392	686320	4370915.00
2024/08/05	6.392	6.418	6.352	6.398	2715736	17378440.00
2024/08/06	6.398	6.398	6.382	6.393	1729085	11053751.00
2024/08/07	6.355	6.440	6.355	6.435	2836364	18201284.00
2024/08/08	6.435	6.484	6.435	6.475	1862877	12036844.00
2024/08/09	6.469	6.514	6.391	6.498	1057511	6828709.00
2024/08/12	6.498	6.628	6.461	6.621	2469247	16224098.00
2024/08/13	6.581	6.618	6.558	6.608	676563	4460041.00
2024/08/14	6.569	6.624	6.569	6.599	1403371	9253169.00
2024/08/15	6.577	6.674	6.475	6.625	3129699	20812874.00
2024/08/16	6.625	6.625	6.570	6.595	2584729	17059878.00
2024/08/19	6.595	6.620	6.545	6.568	943855	6214766.00
2024/08/20	6.536	6.589	6.536	6.583	1847359	12152457.00
2024/08/21	6.570	6.624	6.570	6.590	1754946	11579726.00
2024/08/22	6.591	6.613	6.558	6.575	2629401	17263296.00
2024/08/23	6.595	6.595	6.520	6.548	285616	1870468.00
2024/08/26	6.548	6.610	6.541	6.584	2138879	14094737.00
2024/08/27	6.450	6.450	6.200	6.253	1528042	9563954.00
2024/08/28	6.308	6.308	6.207	6.251	2450898	15270908.00
2024/08/29	6.254	6.254	6.209	6.219	1056920	6594033.00
2024/08/30	6.214	6.221	6.191	6.210	1783572	11078065.00
2024/09/02	6.180	6.209	6.160	6.181	1496368	9267563.00
2024/09/03	6.173	6.189	6.152	6.168	1520768	9388115.00
2024/09/04	6.168	6.180	6.140	6.145	1340931	8253087.00
2024/09/05	6.145	6.205	6.133	6.137	1173222	7200454.00
2024/09/06	6.136	6.177	6.136	6.160	1737267	10683577.00
2024/09/09	6.130	6.205	6.130	6.156	1933930	11899927.00
2024/09/10	6.142	6.167	6.141	6.161	1156374	7127233.00
2024/09/11	6.042	6.240	6.042	6.141	2180432	13440109.00
2024/09/12	6.198	6.198	6.120	6.134	2543032	15615458.00
2024/09/13	6.087	6.142	6.087	6.141	1311359	8040226.00
2024/09/18	6.196	6.196	6.141	6.152	1111699	6835014.00
2024/09/19	6.135	6.146	6.130	6.134	1832507	11246424.00
2024/09/20	6.130	6.145	6.122	6.145	1321169	8101094.00
2024/09/23	6.140	6.140	6.095	6.099	1922034	11757562.00
2024/09/24	6.168	6.168	6.080	6.080	2273168	13855797.00
2024/09/25	6.080	6.124	6.060	6.084	1869022	11394588.00
2024/09/26	6.110	6.110	6.046	6.064	2786175	16925576.00
2024/09/27	6.046	6.076	6.040	6.075	64222	389298.00
2024/09/30	6.000	6.075	5.995	6.046	2717548	16365839.00
2024/10/08	6.047	6.205	6.040	6.092	2850453	17357596.00
2024/10/09	6.093	6.121	6.049	6.102	2231047	13522820.00
2024/10/10	6.103	6.150	6.070	6.097	1771915	10804805.00
2024/10/11	6.096	6.148	6.070	6.147	2163029	13266433.00
2024/10/14	6.142	6.195	6.141	6.189	2594436	16048876.00
2024/10/15	6.194	6.210	6.150	6.173	2799852	17252320.00
2024/10/16	6.173	6.176	6.133	6.149	1748257	10745775.00
2024/10/17	6.128	6.142	6.091	6.109	2158447	13202993.00
2024/10/18	6.091	6.109	6.076	6.095	1590795	9697893.00
2024/10/21	6.091	6.116	6.007	6.022	714987	4339182.00
2024/10/22	6.010	6.054	5.989	6.021	2343652	14074863.00
2024/10/23	6.007	6.049	5.983	5.990	3100788	18577704.00
2024/10/24	5.990	6.029	5.976	5.983	1712776	10255438.00
2024/10/25	5.970	6.010	5.935	5.992	1916230	11465918.00
2024/10/28	5.980	6.005	5.979	5.987	2150330	12885818.00
2024/10/29	5.987	6.005	5.958	5.960	2004919	11953625.00
2024/10/30	5.978	5.978	5.947	5.961	1418268	8459783.00
2024/10/31	5.951	5.987	5.938	5.939	1779884	10587114.00
2024/11/01	5.940	5.945	5.913	5.926	1677294	9929011.00
2024/11/04	5.923	5.930	5.914	5.919	293543	1737908.00
2024/11/05	5.920	5.950	5.920	5.926	2125952	12598486.00
2024/11/06	5.926	5.945	5.923	5.941	1932026	11476456.00
2024/11/07	5.941	5.954	5.940	5.942	1408011	8366005.00
2024/11/08	5.942	5.963	5.936	5.944	1512293	8984339.00
2024/11/11	5.950	5.973	5.939	5.972	1521538	9038856.00
2024/11/12	5.974	5.982	5.946	5.973	2581182	15364587.00
2024/11/13	5.954	5.969	5.901	5.921	3190869	18923244.00
2024/11/14	5.920	5.930	5.911	5.920	2179125	12903010.00
2024/11/15	5.916	5.945	5.910	5.942	2210379	13124302.00
2024/11/18	5.930	5.960	5.930	5.949	1095522	6519664.00
2024/11/19	5.926	5.959	5.926	5.959	1536202	9151888.00
2024/11/20	5.935	6.015	5.935	5.981	2480191	14856076.00
2024/11/21	5.984	6.000	5.978	5.995	1939201	11604131.00
2024/11/22	5.996	6.091	5.988	6.085	3068479	18485856.00
2024/11/25	6.082	6.091	6.052	6.084	3001329	18228388.00
2024/11/26	6.074	6.096	6.068	6.082	2298127	13985921.00
2024/11/27	5.897	5.940	5.849	5.885	1603112	9430625.00
2024/11/28	5.885	5.885	5.808	5.827	2273240	13294354.00
2024/11/29	5.825	5.835	5.810	5.826	2888343	16819548.00
2024/12/02	5.830	5.843	5.825	5.827	571918	3334794.00
2024/12/03	5.821	5.836	5.813	5.822	189341	1101939.00
2024/12/04	5.824	5.824	5.804	5.805	1711126	9942502.00
2024/12/05	5.806	5.813	5.749	5.749	1758617	10131492.00
2024/12/06	5.749	5.770	5.734	5.740	1736266	9991309.00
2024/12/09	5.740	5.740	5.723	5.730	314495	1802726.00
2024/12/10	5.759	5.760	5.729	5.731	2095861	12028372.00
2024/12/11	5.731	5.769	5.731	5.761	381685	2194943.00
2024/12/12	5.761	5.778	5.750	5.765	1694434	9776432.00
2024/12/13	5.762	5.764	5.740	5.750	935336	5376919.00
2024/12/16	5.760	5.760	5.729	5.739	1086688	6233096.00
2024/12/17	5.737	5.824	5.723	5.815	1684428	9718756.00
2024/12/18	5.811	5.812	5.762	5.790	3767479	21748212.00
2024/12/19	5.788	5.806	5.763	5.791	2002825	11577037.00
2024/12/20	5.792	5.808	5.780	5.800	3524722	20451324.00
2024/12/23	5.801	5.851	5.790	5.849	4184868	24303164.00
2024/12/24	5.849	5.903	5.820	5.880	1825369	10706817.00
2024/12/25	5.851	5.899	5.851	5.860	4738160	27754378.00
2024/12/26	5.860	5.874	5.830	5.867	2468540	14464507.00
2024/12/27	5.867	5.892	5.860	5.880	3557474	20921752.00
2024/12/30	5.880	5.891	5.870	5.884	2178778	12825096.00
2024/12/31	5.860	5.908	5.842	5.880	3040917	17855208.00
2025/01/02	5.880	5.955	5.874	5.887	2414937	14219573.00
2025/01/03	5.887	6.067	5.887	6.015	3456434	20636556.00
2025/01/06	6.009	6.052	5.970	5.989	2359247	14125658.00
2025/01/07	6.017	6.017	5.861	5.875	2917908	17164464.00
2025/01/08	5.871	5.908	5.861	5.907	1378947	8132272.00
2025/01/09	5.907	5.998	5.907	5.979	1214931	7262917.00
2025/01/10	5.977	6.006	5.939	5.969	630792	3762018.00
2025/01/13	5.945	6.006	5.944	6.000	1990482	11871438.00
2025/01/14	5.970	6.010	5.960	5.990	2572761	15427334.00
2025/01/15	5.990	6.011	5.970	6.004	1765160	10585698.00
2025/01/16	6.003	6.019	5.964	6.009	2301168	13814080.00
2025/01/17	6.009	6.038	5.994	6.000	2160905	12987664.00
2025/01/20	6.004	6.010	6.000	6.005	4022111	24142248.00
2025/01/21	6.000	6.197	6.000	6.151	5465069	33346356.00
2025/01/22	6.151	6.261	6.151	6.260	4739472	29505004.00
2025/01/23	6.260	6.280	6.152	6.279	1363333	8529900.00
2025/01/24	6.240	6.270	6.210	6.236	774140	4823112.00
2025/01/27	6.240	6.265	6.210	6.241	1215250	7582821.00
2025/02/05	6.250	6.250	6.150	6.223	2597731	16170168.00
2025/02/06	6.214	6.214	6.166	6.181	2120824	13129208.00
2025/02/07	6.173	6.181	6.150	6.159	2164087	13326768.00
2025/02/10	6.165	6.345	6.165	6.332	2828250	17623592.00
2025/02/11	6.357	6.648	6.357	6.627	2499036	16333251.00
2025/02/12	6.600	6.683	6.506	6.524	2033496	13463713.00
2025/02/13	6.520	6.520	6.363	6.385	1855507	11860593.00
2025/02/14	6.360	6.520	6.360	6.485	547602	3538211.00
2025/02/17	6.479	6.560	6.364	6.493	1437009	9341688.00
2025/02/18	6.493	6.506	6.437	6.490	1173515	7609560.00
2025/02/19	6.450	6.519	6.392	6.490	1711038	11060561.00
2025/02/20	6.490	6.609	6.396	6.595	1527756	10020108.00
2025/02/21	6.599	6.680	6.599	6.679	2309991	15364532.00
2025/02/24	6.650	6.730	6.521	6.524	1887504	12505303.00
2025/02/25	6.524	6.555	6.417	6.476	1340678	8687322.00
2025/02/26	6.450	6.520	6.450	6.487	2612431	16949984.00
2025/02/27	6.500	6.513	6.480	6.512	2317165	15081963.00
2025/02/28	6.411	6.472	6.388	6.408	2051112	13233892.00
2025/03/03	6.419	6.434	6.381	6.432	1611862	10325510.00
2025/03/04	6.392	6.471	6.392	6.456	1869347	12077088.00
2025/03/05	6.455	6.500	6.425	6.500	902982	5831917.00
2025/03/06	6.501	6.540	6.463	6.480	2463026	15948347.00
2025/03/07	6.450	6.478	6.440	6.478	1693875	10941948.00
2025/03/10	6.440	6.484	6.440	6.478	1331350	8620396.00
2025/03/11	6.450	6.473	6.438	6.466	716592	4628124.00
2025/03/12	6.438	6.459	6.438	6.453	2755041	17782136.00
2025/03/13	6.437	6.469	6.437	6.460	1598365	10334860.00
2025/03/14	6.455	6.455	6.440	6.448	1684258	10850559.00
2025/03/17	6.448	6.495	6.448	6.454	1855420	12024589.00
2025/03/18	6.454	6.504	6.421	6.502	1024589	6627128.00
2025/03/19	6.469	6.590	6.469	6.562	2050910	13349953.00
2025/03/20	6.594	6.619	6.570	6.610	1909587	12573891.00
2025/03/21	6.594	6.630	6.594	6.612	1662716	10989270.00
2025/03/24	6.613	6.629	6.556	6.576	1170958	7708526.00
2025/03/25	6.576	6.589	6.518	6.566	1002928	6561790.00
2025/03/26	6.552	6.588	6.526	6.580	2189553	14328682.00
2025/03/27	6.547	6.640	6.547	6.636	2117361	13996488.00
2025/03/28	6.630	6.663	6.630	6.662	1826908	12164755.00
2025/03/31	6.631	6.688	6.631	6.644	1356848	9045639.00
2025/04/01	6.630	6.636	6.570	6.606	1356787	8964324.00
2025/04/02	6.570	6.625	6.570	6.612	855244	5653231.00
2025/04/03	6.577	6.630	6.460	6.611	971799	6425085.00
2025/04/07	6.577	6.577	6.505	6.550	926894	6072278.00
2025/04/08	6.550	6.557	6.420	6.551	331750	2158545.00
2025/04/09	6.550	6.554	6.511	6.554	623282	4065951.00
2025/04/10	6.564	6.611	6.542	6.610	1544933	10175305.00
2025/04/11	6.610	6.626	6.602	6.622	2334413	15455937.00
2025/04/14	6.622	6.650	6.622	6.640	2484280	16505311.00
2025/04/15	6.650	6.650	6.631	6.631	1461392	9694954.00
2025/04/16	6.612	6.653	6.599	6.637	243423	1607995.00
2025/04/17	6.634	6.665	6.619	6.649	1584686	10536721.00
2025/04/18	6.643	6.670	6.632	6.634	1992776	13233323.00
2025/04/21	6.638	6.661	6.609	6.642	2073611	13746989.00
2025/04/22	6.630	6.642	6.611	6.626	1067296	7071720.00
2025/04/23	6.613	6.613	6.587	6.591	723376	4776208.00
2025/04/24	6.591	6.609	6.580	6.585	1359768	8974124.00
2025/04/25	6.590	6.619	6.517	6.550	1455601	9556406.00
2025/04/28	6.545	6.585	6.545	6.579	2318799	15222073.00
2025/04/29	6.543	6.743	6.543	6.740	1750064	11741340.00
2025/04/30	6.682	6.682	6.547	6.599	1563709	10316042.00
2025/05/06	6.597	6.600	6.540	6.599	1311430	8594924.00
2025/05/07	6.599	6.617	6.584	6.598	1109538	7321297.00
2025/05/08	6.577	6.584	6.547	6.573	2077577	13615877.00
2025/05/09	6.590	6.600	6.547	6.578	1666876	10923398.00
2025/05/12	6.552	6.594	6.539	6.594	1366802	8986613.00
2025/05/13	6.568	6.628	6.568	6.623	1769429	11697729.00
2025/05/14	6.598	6.736	6.598	6.735	252668	1685398.00
2025/05/15	6.736	6.739	6.696	6.723	793293	5335997.00
2025/05/16	6.696	6.836	6.670	6.801	1485800	10090585.00
2025/05/19	6.801	6.829	6.747	6.806	317855	2156419.00
2025/05/20	6.833	6.935	6.819	6.935	924713	6362644.00
2025/05/21	6.935	7.131	6.935	7.119	1038374	7343737.00
2025/05/22	7.119	7.128	7.063	7.102	322953	2290122.00
2025/05/23	7.074	7.212	7.062	7.143	1080166	7684900.00
2025/05/26	7.114	7.185	7.110	7.181	559851	4002525.00
2025/05/27	7.180	7.180	7.053	7.081	780773	5560345.00
2025/05/28	7.081	7.081	6.924	6.999	665804	4655006.00
2025/05/29	6.997	7.070	6.969	7.063	1280706	8990905.00
2025/05/30	7.064	7.119	7.064	7.096	884696	6272303.00
2025/06/03	7.091	7.120	7.089	7.117	2672425	18974344.00
2025/06/04	7.089	7.330	7.081	7.308	963730	6952668.00
2025/06/05	7.298	7.570	7.270	7.567	792648	5909574.00
2025/06/06	7.567	7.594	7.508	7.515	1134629	8532497.00
2025/06/09	7.515	7.515	7.354	7.414	663064	4904636.00
2025/06/10	7.384	7.499	7.334	7.381	853145	6311003.00
2025/06/11	7.374	7.403	7.352	7.371	1491332	10995511.00
2025/06/12	7.351	7.400	7.334	7.386	1980243	14624474.00
2025/06/13	7.388	7.580	7.386	7.532	266482	1985714.00
2025/06/16	7.502	7.640	7.483	7.542	253941	1913016.00
2025/06/17	7.546	7.560	7.490	7.500	1314181	9883133.00
2025/06/18	7.500	7.560	7.460	7.560	655943	4933813.00
2025/06/19	7.560	7.560	7.530	7.552	1818014	13719547.00
2025/06/20	7.557	7.581	7.542	7.560	1810890	13678939.00
2025/06/23	7.540	7.640	7.443	7.471	1693231	12787697.00
2025/06/24	7.480	7.480	7.271	7.345	654588	4825861.00
2025/06/25	7.345	7.345	7.270	7.273	524089	3815153.00
2025/06/26	7.269	7.280	7.180	7.180	1714362	12430713.00
2025/06/27	7.180	7.199	7.138	7.152	1784826	12752876.00
2025/06/30	7.152	7.160	7.112	7.140	785240	5614705.00
2025/07/01	7.120	7.245	7.110	7.237	1516042	10837752.00
2025/07/02	7.220	7.360	7.206	7.260	1472017	10776761.00
2025/07/03	7.238	7.320	7.203	7.256	1328961	9663501.00
2025/07/04	7.227	7.256	7.185	7.203	1336037	9636350.00
2025/07/07	7.203	7.210	7.176	7.191	600523	4319548.00
2025/07/08	7.196	7.201	7.176	7.180	2032925	14627267.00
2025/07/09	7.160	7.190	7.105	7.153	2470187	17652946.00
2025/07/10	7.155	7.178	7.101	7.137	569460	4067426.00
2025/07/11	7.137	7.224	7.120	7.156	2013708	14391982.00
2025/07/14	7.137	7.220	7.100	7.135	457406	3271530.00
2025/07/15	7.135	7.170	7.061	7.156	1187425	8455392.00
2025/07/16	7.140	7.180	7.116	7.170	2551020	18270660.00
2025/07/17	7.170	7.171	7.120	7.160	1727500	12364652.00
2025/07/18	7.140	7.225	7.140	7.192	1644624	11811232.00
2025/07/21	7.192	7.216	7.120	7.192	684711	4919136.00
2025/07/22	7.182	7.235	7.141	7.215	1824975	13167608.00
2025/07/23	7.215	7.222	7.120	7.180	703930	5051104.00
2025/07/24	7.176	7.236	7.140	7.214	1568123	11300419.00
2025/07/25	7.214	7.351	7.185	7.350	1080491	7854893.00
2025/07/28	7.346	7.396	7.316	7.339	1139420	8376638.00
2025/07/29	7.339	7.394	7.276	7.353	1209724	8895930.00
2025/07/30	7.353	7.395	7.253	7.307	1154077	8439707.00
2025/07/31	7.297	7.376	7.243	7.247	1202295	8769179.00
2025/08/01	7.247	7.254	7.180	7.202	1986543	14301568.00
2025/08/04	7.200	7.256	7.144	7.164	2227324	15999102.00
2025/08/05	7.140	7.195	7.140	7.165	913976	6561027.00
2025/08/06	7.160	7.235	7.160	7.183	652279	4689981.00
2025/08/07	7.183	7.280	7.141	7.180	1363816	9799234.00
2025/08/08	7.179	7.200	7.100	7.200	972769	6984374.00
2025/08/11	7.190	7.208	7.145	7.185	988658	7102579.00
2025/08/12	7.183	7.208	7.140	7.145	672556	4826658.00
2025/08/13	7.145	7.155	7.099	7.108	1369733	9767846.00
2025/08/14	7.096	7.150	7.056	7.056	1605320	11375819.00
2025/08/15	7.056	7.084	6.928	6.948	2308201	16081434.00
2025/08/18	6.953	6.990	6.786	6.819	747282	5125227.00
2025/08/19	6.800	6.819	6.687	6.706	1121800	7534379.00
2025/08/20	6.716	6.738	6.681	6.721	1395767	9379542.00
2025/08/21	6.736	6.900	6.725	6.891	770132	5246072.00
2025/08/22	6.892	6.970	6.892	6.943	950020	6598353.00
2025/08/25	6.941	6.941	6.838	6.903	999933	6883540.00
2025/08/26	6.863	6.915	6.840	6.893	1042488	7173145.00
2025/08/27	6.960	7.083	6.960	7.078	1978243	13970553.00
2025/08/28	7.079	7.210	7.079	7.209	2643113	18921528.00
2025/08/29	7.210	7.230	7.180	7.209	3007975	21694236.00
2025/09/01	6.838	6.838	6.660	6.687	1827007	12255313.00
2025/09/02	6.686	6.686	6.622	6.630	1885508	12504399.00
2025/09/03	6.642	6.729	6.621	6.697	1574591	10531735.00
2025/09/04	6.693	6.709	6.669	6.675	1503994	10057772.00
2025/09/05	6.690	6.769	6.670	6.685	1699237	11367009.00
2025/09/08	6.683	6.687	6.636	6.648	882838	5877541.00
2025/09/09	6.660	6.673	6.620	6.621	837322	5568841.00
2025/09/10	6.621	6.649	6.598	6.609	1493912	9898665.00
2025/09/11	6.609	6.609	6.593	6.603	864657	5706080.00
2025/09/12	6.603	6.643	6.594	6.598	1270254	8420976.00
2025/09/15	6.593	6.669	6.590	6.647	663212	4392870.00
2025/09/16	6.647	6.647	6.608	6.627	1471858	9747028.00
2025/09/17	6.623	6.628	6.613	6.624	1283177	8500644.00
2025/09/18	6.624	6.624	6.590	6.591	2327055	15358472.00
2025/09/19	6.600	6.600	6.535	6.537	2341654	15337766.00
2025/09/22	6.569	6.569	6.470	6.509	777464	5070557.00
2025/09/23	6.509	6.509	6.420	6.426	1725339	11103442.00
2025/09/24	6.432	6.442	6.374	6.390	1700145	10852847.00
2025/09/25	6.390	6.406	6.328	6.328	1202132	7644099.00
2025/09/26	6.332	6.438	6.332	6.362	1430191	9113786.00
2025/09/29	6.366	6.376	6.330	6.330	638007	4043434.00
2025/09/30	6.330	6.340	6.280	6.284	636100	4007099.00
2025/10/09	6.280	6.350	6.269	6.277	1280020	8064279.00
2025/10/10	6.269	6.328	6.269	6.292	1172086	7384864.00
2025/10/13	6.293	6.295	6.273	6.287	551205	3466022.00
2025/10/14	6.290	6.309	6.288	6.295	1194438	7512658.00
2025/10/15	6.295	6.313	6.290	6.299	948850	5973640.00
2025/10/16	6.299	6.338	6.277	6.277	484892	3048763.00
2025/10/17	6.277	6.277	6.239	6.259	1596528	9997731.00
2025/10/20	6.269	6.289	6.259	6.260	1051119	6582038.00
2025/10/21	6.285	6.285	6.261	6.264	1682911	10539281.00
2025/10/22	6.253	6.288	6.253	6.268	1744668	10947901.00
2025/10/23	6.270	6.309	6.261	6.288	2185564	13713303.00
2025/10/24	6.290	6.415	6.287	6.375	502301	3195248.00
2025/10/27	6.393	6.402	6.353	6.380	911855	5807315.00
2025/10/28	6.380	6.530	6.380	6.507	839726	5446522.00
2025/10/29	6.469	6.538	6.468	6.530	1017495	6627944.00
2025/10/30	6.530	6.570	6.493	6.537	1353752	8835415.00
2025/10/31	6.565	6.567	6.499	6.499	1447928	9455140.00
2025/11/03	6.498	6.498	6.411	6.425	1464352	9402774.00
2025/11/04	6.425	6.425	6.314	6.349	1545415	9840594.00
2025/11/05	6.349	6.365	6.321	6.357	919946	5834441.00
2025/11/06	6.356	6.458	6.356	6.458	803401	5154092.00
2025/11/07	6.458	6.529	6.433	6.500	712889	4633906.00
2025/11/10	6.513	6.529	6.413	6.520	1063094	6891678.00
2025/11/11	6.493	6.616	6.493	6.616	1327564	8728425.00
2025/11/12	6.593	6.641	6.551	6.558	936814	6189433.00
2025/11/13	6.549	6.597	6.453	6.559	690985	4498445.00
2025/11/14	6.529	6.629	6.493	6.545	898570	5905498.00
2025/11/17	6.552	6.553	6.353	6.394	3875829	24825820.00
2025/11/18	6.398	6.409	6.294	6.308	10232211	65259932.00
2025/11/19	6.313	6.329	6.241	6.289	2325101	14580435.00
2025/11/20	6.293	6.301	6.260	6.281	1408543	8836466.00
2025/11/21	6.281	6.299	6.260	6.280	1524565	9580031.00
2025/11/24	6.284	6.293	6.251	6.258	2359749	14788900.00
2025/11/25	6.260	6.273	6.189	6.198	5764923	35745264.00
2025/11/26	6.199	6.199	6.140	6.150	4919482	30259122.00
2025/11/27	6.150	6.161	6.133	6.154	4862411	29897842.00
2025/11/28	6.154	6.208	6.154	6.202	3686801	22776068.00
2025/12/01	6.188	6.200	6.152	6.199	2961558	18334080.00
2025/12/02	6.174	6.199	6.161	6.191	1747246	10793066.00
2025/12/03	6.191	6.197	6.182	6.183	200919	1243187.00
2025/12/04	6.179	6.190	6.165	6.178	1443891	8920206.00
2025/12/05	6.178	6.189	6.173	6.177	1188262	7341342.00
2025/12/08	6.181	6.214	6.113	6.131	1906543	11736815.00
2025/12/09	6.137	6.158	6.116	6.146	728334	4460797.00
2025/12/10	6.120	6.168	6.120	6.157	1945278	11965319.00
2025/12/11	6.157	6.158	6.120	6.157	2858543	17584674.00
2025/12/12	6.153	6.154	6.131	6.149	2106462	12953529.00
2025/12/15	6.150	6.153	6.038	6.050	1713462	10394497.00
2025/12/16	6.068	6.068	5.974	5.990	1013066	6078616.00
2025/12/17	6.100	6.100	5.896	5.944	2207409	13129537.00
2025/12/18	5.933	5.933	5.829	5.839	3179923	18675336.00
2025/12/19	5.846	5.846	5.600	5.725	7072118	39953564.00
2025/12/22	5.586	5.586	5.484	5.502	3371535	18729190.00
2025/12/23	5.530	5.534	5.434	5.439	2121545	11591204.00
2025/12/24	5.454	5.611	5.432	5.606	1600570	8855148.00
2025/12/25	5.614	5.674	5.591	5.638	2655790	14949933.00
2025/12/26	5.641	5.641	5.598	5.615	926544	5201158.00
2025/12/29	5.614	5.615	5.578	5.609	1756471	9821205.00
2025/12/30	5.600	5.615	5.566	5.614	3119152	17408366.00
2025/12/31	5.614	5.683	5.588	5.660	2732794	15388015.00
2026/01/05	5.659	5.764	5.634	5.665	4685403	26571520.00
2026/01/06	5.664	5.730	5.661	5.722	3296051	18758612.00
2026/01/07	5.710	5.766	5.698	5.749	2414955	13822743.00
2026/01/08	5.741	5.775	5.699	5.709	2274507	13050246.00
2026/01/09	5.701	5.748	5.657	5.677	1936312	11034658.00
2026/01/12	5.654	5.674	5.639	5.664	1372038	7765938.00
2026/01/13	5.668	5.668	5.641	5.648	809904	4575120.00
2026/01/14	5.649	5.655	5.600	5.634	1130269	6372745.00
2026/01/15	5.635	5.645	5.614	5.630	2938606	16566851.00
2026/01/16	5.634	5.635	5.610	5.628	1192545	6706570.00
2026/01/19	5.628	5.653	5.620	5.640	3922953	22124804.00
2026/01/20	5.630	5.693	5.614	5.674	1785349	10103242.00
2026/01/21	5.675	5.752	5.670	5.749	3364598	19291894.00
2026/01/22	5.748	5.784	5.732	5.774	2555148	14750466.00
2026/01/23	5.756	5.860	5.756	5.800	3498205	20273056.00
2026/01/26	5.790	5.895	5.770	5.894	972290	5696864.00
2026/01/27	5.890	5.913	5.870	5.908	1848374	10899740.00
2026/01/28	5.890	5.936	5.881	5.908	1949923	11523577.00
2026/01/29	5.916	5.993	5.894	5.991	1581068	9422657.00
2026/01/30	5.954	6.009	5.954	5.983	3797437	22737324.00
2026/02/02	5.954	6.058	5.953	6.050	4685159	28189280.00
2026/02/03	6.060	6.068	5.942	5.952	2171579	12957496.00
2026/02/04	5.941	5.970	5.893	5.951	3360712	19958790.00
2026/02/05	5.934	5.991	5.926	5.969	2187309	13049066.00
2026/02/06	5.954	5.990	5.941	5.985	1546231	9222695.00
2026/02/09	5.970	6.021	5.970	5.979	2870659	17260312.00
2026/02/10	5.979	5.983	5.970	5.978	2052722	12272496.00
2026/02/11	5.956	6.012	5.956	6.009	2180833	13068302.00
2026/02/12	5.974	6.051	5.974	6.023	2614261	15748372.00
2026/02/13	6.023	6.070	6.023	6.046	1092026	6613170.00
2026/02/24	6.045	6.100	6.045	6.073	1393325	8478935.00
2026/02/25	6.075	6.114	6.075	6.108	1303863	7962784.00
2026/02/26	6.120	6.183	6.109	6.183	4207587	25977792.00
2026/02/27	6.180	6.210	6.165	6.187	2342427	14473775.00
2026/03/02	6.186	6.194	6.170	6.173	2420907	14965312.00
2026/03/03	6.170	6.187	6.168	6.169	2778298	17151024.00
2026/03/04	6.174	6.189	6.136	6.152	1717558	10586631.00
2026/03/05	6.159	6.162	6.123	6.130	2143317	13159176.00
2026/03/06	6.130	6.149	6.101	6.101	1074570	6581734.00
2026/03/09	6.108	6.108	6.080	6.094	4292411	26184454.00
2026/03/10	6.094	6.167	6.094	6.166	2807764	17196840.00
2026/03/11	6.166	6.193	6.135	6.190	3133403	19368868.00
2026/03/12	6.170	6.195	6.170	6.175	2285388	14142580.00
2026/03/13	6.175	6.210	6.152	6.176	1918601	11858815.00
2026/03/16	6.189	6.194	6.175	6.178	940682	5814943.00
2026/03/17	6.178	6.210	6.170	6.188	1712711	10604456.00
2026/03/18	6.170	6.210	6.170	6.195	5484977	33959744.00
2026/03/19	6.213	6.213	6.194	6.207	264687	1642845.00
2026/03/20	6.190	6.250	6.190	6.233	3403120	21194590.00
2026/03/23	6.232	6.233	6.130	6.141	2669043	16424266.00
2026/03/24	6.139	6.155	6.139	6.141	2404673	14779793.00
2026/04/03	6.230	6.230	6.130	6.169	1818407	11219305.00
#鑒앴윱都:繫댐斤
