508099 쉔斤櫓밑닷REIT 휑窟 꼇릿홈
      휑퍅	    역턍	    離멕	    離됴	    澗턍	    냥슥좆	    냥슥띨
2021/12/17	4.160	4.160	4.160	4.160	8086315	33639072.00
2021/12/20	4.575	4.576	4.380	4.462	83441418	380064736.00
2021/12/21	4.462	4.490	4.160	4.309	25804203	111199496.00
2021/12/22	4.298	4.400	4.171	4.342	19290244	81956144.00
2021/12/23	4.345	4.515	4.345	4.490	12609542	56244904.00
2021/12/24	4.491	4.538	4.431	4.483	8026868	35926536.00
2021/12/27	4.483	4.500	4.440	4.487	4251060	19023072.00
2021/12/28	4.487	4.490	4.474	4.478	4549094	20376032.00
2021/12/29	4.478	4.480	4.450	4.451	4123985	18387228.00
2021/12/30	4.456	4.463	4.400	4.406	5701407	25204132.00
2021/12/31	4.405	4.453	4.395	4.448	4561019	20157442.00
2022/01/04	4.449	4.476	4.449	4.457	4632167	20668536.00
2022/01/05	4.458	4.458	4.444	4.448	3255553	14480562.00
2022/01/06	4.448	4.451	4.442	4.445	2391754	10632552.00
2022/01/07	4.445	4.450	4.429	4.431	3536539	15683243.00
2022/01/10	4.431	4.431	4.418	4.420	3236833	14307887.00
2022/01/11	4.419	4.425	4.399	4.425	5071145	22335502.00
2022/01/12	4.430	4.503	4.425	4.495	8480112	37989376.00
2022/01/13	4.493	4.549	4.460	4.499	7612464	34317280.00
2022/01/14	4.496	4.498	4.466	4.483	6082025	27241770.00
2022/01/17	4.483	4.522	4.483	4.520	6063488	27383208.00
2022/01/18	4.518	4.519	4.479	4.486	5336347	23949672.00
2022/01/19	4.486	4.508	4.477	4.490	4754349	21340702.00
2022/01/20	4.490	4.507	4.487	4.498	6959953	31276404.00
2022/01/21	4.499	4.545	4.499	4.544	6367252	28822170.00
2022/01/24	4.547	4.725	4.544	4.640	12543749	58144144.00
2022/01/25	4.642	4.680	4.589	4.603	6602750	30468708.00
2022/01/26	4.595	4.634	4.555	4.614	5722176	26346548.00
2022/01/27	4.612	4.612	4.580	4.593	5586333	25670412.00
2022/01/28	4.594	4.685	4.594	4.679	5265252	24436484.00
2022/02/07	4.679	4.876	4.679	4.872	8270574	39613296.00
2022/02/08	4.872	5.140	4.872	5.103	17422414	88065824.00
2022/02/09	5.100	5.100	4.970	5.069	10911967	54671780.00
2022/02/10	5.056	5.172	4.972	5.112	10261704	52484344.00
2022/02/11	5.120	5.445	5.100	5.433	12246036	64994084.00
2022/02/14	5.432	5.800	5.160	5.555	15573355	86724592.00
2022/02/16	5.555	5.555	5.280	5.417	17034705	92458856.00
2022/02/17	5.418	5.448	5.116	5.250	19858154	104645304.00
2022/02/18	5.239	5.350	5.099	5.312	15651180	81539064.00
2022/02/21	5.314	5.459	5.314	5.401	9626772	51858084.00
2022/02/22	5.393	5.393	5.160	5.191	11593977	60632500.00
2022/02/23	5.180	5.200	4.990	5.147	10278579	52327272.00
2022/02/24	5.085	5.137	5.010	5.029	9296374	47014324.00
2022/02/25	5.030	5.150	5.030	5.106	5863744	29948226.00
2022/02/28	5.106	5.151	5.060	5.070	4489655	22836094.00
2022/03/01	5.065	5.065	4.846	4.878	12794392	62795996.00
2022/03/02	4.850	5.011	4.682	4.997	11356102	55327208.00
2022/03/03	4.997	5.116	4.900	5.111	7848728	39746524.00
2022/03/04	5.112	5.190	5.021	5.066	8733400	44480232.00
2022/03/07	5.000	5.046	4.910	4.962	6836654	34035424.00
2022/03/08	4.960	4.960	4.830	4.832	7076554	34477884.00
2022/03/09	4.800	4.900	4.728	4.790	13432659	64196636.00
2022/03/10	4.889	4.889	4.768	4.796	10374473	49956880.00
2022/03/11	4.732	4.803	4.700	4.801	7433350	35260372.00
2022/03/14	4.745	4.771	4.710	4.727	3551053	16842756.00
2022/03/15	4.725	4.725	4.550	4.559	10184406	46988792.00
2022/03/16	4.551	4.740	4.480	4.735	10060584	46081916.00
2022/03/17	4.766	4.816	4.732	4.735	8589145	40974504.00
2022/03/18	4.735	4.736	4.636	4.710	3857871	18118504.00
2022/03/21	4.712	4.800	4.710	4.779	7814793	37143900.00
2022/03/22	4.781	4.917	4.757	4.912	6530757	31609486.00
2022/03/23	4.920	4.999	4.808	4.820	7465972	36582816.00
2022/03/24	4.750	4.852	4.700	4.810	4499972	21557200.00
2022/03/25	4.809	4.826	4.750	4.772	3389928	16221389.00
2022/03/28	4.720	4.757	4.686	4.722	3011089	14205989.00
2022/03/29	4.769	4.769	4.720	4.721	2333250	11047235.00
2022/03/30	4.725	4.767	4.707	4.716	3444962	16284429.00
2022/03/31	4.717	4.720	4.685	4.690	2610273	12248194.00
2022/04/01	4.685	4.740	4.651	4.735	4065189	19105610.00
2022/04/06	4.735	4.735	4.700	4.712	3538924	16685847.00
2022/04/07	4.712	4.712	4.652	4.667	3610929	16876882.00
2022/04/08	4.667	4.730	4.660	4.730	3531776	16609986.00
2022/04/11	4.730	4.730	4.663	4.695	2884605	13539239.00
2022/04/12	4.699	4.796	4.699	4.790	4149148	19707152.00
2022/04/13	4.791	4.849	4.751	4.831	3812712	18352476.00
2022/04/14	4.833	4.875	4.790	4.819	4039133	19468708.00
2022/04/15	4.785	4.810	4.765	4.786	2670637	12769954.00
2022/04/18	4.780	4.788	4.750	4.785	2661619	12705999.00
2022/04/19	4.775	4.781	4.752	4.774	2010036	9598596.00
2022/04/20	4.770	4.775	4.746	4.754	3597028	17106176.00
2022/04/21	4.745	4.745	4.679	4.683	4372378	20565202.00
2022/04/22	4.681	4.721	4.615	4.702	4012172	18686490.00
2022/04/25	4.700	4.700	4.570	4.575	3580595	16553041.00
2022/04/26	4.577	4.599	4.515	4.572	4438758	20256796.00
2022/04/27	4.537	4.633	4.520	4.631	3840323	17578840.00
2022/04/28	4.631	4.631	4.549	4.554	4229594	19354686.00
2022/04/29	4.554	4.582	4.550	4.574	2651368	12103117.00
2022/05/05	4.558	4.607	4.520	4.601	3940753	18024400.00
2022/05/06	4.587	4.587	4.510	4.549	2644554	12003208.00
2022/05/09	4.515	4.515	4.505	4.511	2788640	12578291.00
2022/05/10	4.511	4.511	4.490	4.499	2820597	12694068.00
2022/05/11	4.499	4.521	4.497	4.507	2850852	12857118.00
2022/05/12	4.506	4.510	4.487	4.503	2925634	13180732.00
2022/05/13	4.519	4.520	4.503	4.508	3445650	15539201.00
2022/05/16	4.508	4.519	4.497	4.499	2437880	10989334.00
2022/05/17	4.498	4.500	4.487	4.491	3068622	13782245.00
2022/05/18	4.495	4.551	4.495	4.520	5165051	23385600.00
2022/05/19	4.515	4.519	4.488	4.493	4125996	18539100.00
2022/05/20	4.493	4.524	4.493	4.511	3169540	14292747.00
2022/05/23	4.490	4.490	4.455	4.462	2874576	12832285.00
2022/05/24	4.462	4.462	4.400	4.411	3164202	14023496.00
2022/05/25	4.412	4.434	4.400	4.403	3169253	13960434.00
2022/05/26	4.403	4.420	4.399	4.412	3831264	16904004.00
2022/05/27	4.411	4.420	4.410	4.413	2598810	11470757.00
2022/05/30	4.413	4.418	4.400	4.400	2718031	11965648.00
2022/05/31	4.400	4.400	4.368	4.369	5020101	21952524.00
2022/06/01	4.369	4.369	4.336	4.338	4430602	19220712.00
2022/06/02	4.338	4.428	4.286	4.404	6507604	28047524.00
2022/06/06	4.405	4.499	4.405	4.499	5226913	23255172.00
2022/06/07	4.500	4.595	4.500	4.594	5355607	24432588.00
2022/06/08	4.595	4.662	4.525	4.529	4662750	21318596.00
2022/06/09	4.500	4.578	4.479	4.575	4679552	21274692.00
2022/06/10	4.576	4.639	4.540	4.614	3779820	17404886.00
2022/06/13	4.608	4.608	4.543	4.591	3255568	14907608.00
2022/06/14	4.566	4.628	4.546	4.626	4259063	19613704.00
2022/06/15	4.624	4.647	4.588	4.642	4402954	20347570.00
2022/06/16	4.630	4.643	4.601	4.636	3379962	15674499.00
2022/06/17	4.632	4.632	4.582	4.600	3228089	14893755.00
2022/06/20	4.593	4.593	4.513	4.517	3694415	16757852.00
2022/06/21	4.518	4.518	4.485	4.506	3123453	14065947.00
2022/06/22	4.506	4.510	4.490	4.507	2880278	12950794.00
2022/06/23	4.507	4.544	4.480	4.540	4025619	18147282.00
2022/06/24	4.542	4.620	4.541	4.611	3485724	16050927.00
2022/06/27	4.611	4.636	4.580	4.626	4403495	20278460.00
2022/06/28	4.625	4.642	4.600	4.638	4038572	18720716.00
2022/06/29	4.638	4.638	4.599	4.599	2940805	13576087.00
2022/06/30	4.599	4.621	4.577	4.583	3440257	15793121.00
2022/07/01	4.580	4.599	4.563	4.565	3039611	13882875.00
2022/07/04	4.561	4.564	4.516	4.546	3842345	17462600.00
2022/07/05	4.546	4.557	4.530	4.549	3979512	18044780.00
2022/07/06	4.546	4.602	4.533	4.583	3482584	15936728.00
2022/07/07	4.583	4.594	4.560	4.593	3557760	16278550.00
2022/07/08	4.584	4.600	4.572	4.599	3465122	15925085.00
2022/07/11	4.654	4.654	4.583	4.602	3456058	15900471.00
2022/07/12	4.601	4.626	4.586	4.626	2977715	13730039.00
2022/07/13	4.619	4.625	4.592	4.610	1816751	8383574.00
2022/07/14	4.609	4.625	4.583	4.622	2760928	12732026.00
2022/07/15	4.623	4.647	4.600	4.624	3152154	14622823.00
2022/07/18	4.623	4.643	4.620	4.642	1993491	9226857.00
2022/07/19	4.642	4.672	4.624	4.668	2890734	13481680.00
2022/07/20	4.666	4.712	4.666	4.712	2700380	12707547.00
2022/07/21	4.712	4.738	4.698	4.710	3005523	14158775.00
2022/07/22	4.711	4.738	4.711	4.737	3139357	14859110.00
2022/07/25	4.738	4.756	4.667	4.681	5137902	24127072.00
2022/07/26	4.660	4.687	4.612	4.684	3164963	14725109.00
2022/07/27	4.670	4.693	4.641	4.680	2578743	12057364.00
2022/07/28	4.662	4.730	4.659	4.725	2850673	13422516.00
2022/07/29	4.715	4.752	4.705	4.749	2570150	12170369.00
2022/08/01	4.750	4.760	4.706	4.755	2835771	13442877.00
2022/08/02	4.744	4.744	4.696	4.740	3880705	18325088.00
2022/08/03	4.726	4.737	4.672	4.728	2435596	11515776.00
2022/08/04	4.693	4.752	4.693	4.737	2651122	12550383.00
2022/08/05	4.733	4.768	4.708	4.757	2902521	13784749.00
2022/08/08	4.759	4.759	4.721	4.747	2644683	12524654.00
2022/08/09	4.742	4.742	4.712	4.714	3390888	16013134.00
2022/08/10	4.700	4.733	4.700	4.711	2201156	10384611.00
2022/08/11	4.711	4.725	4.693	4.702	3202452	15071707.00
2022/08/12	4.701	4.703	4.687	4.688	2211920	10375627.00
2022/08/15	4.688	4.720	4.668	4.709	4296010	20167660.00
2022/08/16	4.697	4.706	4.685	4.686	3935596	18455048.00
2022/08/17	4.686	4.694	4.670	4.687	3833148	17934726.00
2022/08/18	4.686	4.720	4.668	4.718	4188903	19703470.00
2022/08/19	4.719	4.835	4.718	4.820	6273606	30100972.00
2022/08/22	4.820	4.899	4.773	4.800	7018638	33959328.00
2022/08/23	4.784	4.803	4.760	4.786	3602658	17256778.00
2022/08/24	4.786	4.789	4.723	4.726	5496394	26065564.00
2022/08/25	4.728	4.762	4.728	4.761	4472937	21239620.00
2022/08/26	4.761	4.765	4.735	4.741	4606339	21887084.00
2022/08/29	4.733	4.748	4.717	4.741	5048494	23925138.00
2022/08/30	4.741	4.761	4.720	4.751	3286167	15620476.00
2022/08/31	4.751	4.776	4.735	4.768	3776278	17987006.00
2022/09/01	4.774	4.780	4.701	4.729	5497524	25995376.00
2022/09/02	4.720	4.752	4.699	4.715	3306936	15596910.00
2022/09/05	4.716	4.718	4.695	4.703	4582281	21552952.00
2022/09/06	4.694	4.720	4.689	4.718	4540174	21393278.00
2022/09/07	4.721	4.740	4.696	4.728	4798419	22699992.00
2022/09/08	4.727	4.755	4.722	4.749	4658009	22108608.00
2022/09/09	4.753	4.755	4.732	4.751	4911726	23328344.00
2022/09/13	4.751	4.751	4.711	4.714	3414870	16146361.00
2022/09/14	4.714	4.739	4.689	4.698	3862034	18183972.00
2022/09/15	4.698	4.706	4.680	4.699	4245876	19915140.00
2022/09/16	4.697	4.706	4.679	4.687	4819176	22583004.00
2022/09/19	4.687	4.709	4.634	4.682	6480986	30387186.00
2022/09/20	4.680	4.708	4.660	4.677	4179512	19589628.00
2022/09/21	4.677	4.684	4.654	4.677	3284787	15354132.00
2022/09/22	4.677	4.705	4.662	4.702	4276267	20100168.00
2022/09/23	4.702	4.710	4.700	4.709	4887876	23005580.00
2022/09/26	4.708	4.714	4.701	4.710	5907867	27821428.00
2022/09/27	4.710	4.720	4.682	4.701	6816799	32049348.00
2022/09/28	4.720	4.759	4.703	4.730	8855062	42049612.00
2022/09/29	4.729	4.742	4.699	4.703	7058019	33292664.00
2022/09/30	4.703	4.710	4.674	4.690	3849279	18042360.00
2022/10/10	4.690	4.690	4.620	4.625	6188115	28740988.00
2022/10/11	4.621	4.625	4.586	4.600	6465327	29752452.00
2022/10/12	4.604	4.685	4.604	4.640	2880593	13331983.00
2022/10/13	4.641	4.715	4.617	4.706	2207271	10340244.00
2022/10/14	4.706	4.719	4.690	4.704	2393611	11255180.00
2022/10/17	4.700	4.706	4.671	4.700	2830934	13283531.00
2022/10/18	4.699	4.711	4.687	4.709	1840438	8657994.00
2022/10/19	4.708	4.718	4.688	4.712	3739420	17587776.00
2022/10/20	4.712	4.714	4.690	4.707	1109148	5217248.00
2022/10/21	4.706	4.719	4.681	4.711	4300784	20235840.00
2022/10/24	4.711	4.713	4.665	4.688	2908669	13658250.00
2022/10/25	4.666	4.686	4.636	4.674	3361389	15660824.00
2022/10/26	4.674	4.703	4.649	4.680	3386900	15855293.00
2022/10/27	4.680	4.685	4.599	4.609	8400166	38936108.00
2022/10/28	4.609	4.609	4.537	4.538	2587556	11786385.00
2022/10/31	4.534	4.534	4.444	4.449	5141209	22915968.00
2022/11/01	4.449	4.475	4.433	4.442	2748177	12236328.00
2022/11/02	4.484	4.565	4.450	4.560	3699053	16684116.00
2022/11/03	4.560	4.609	4.515	4.570	3504181	16089210.00
2022/11/04	4.572	4.604	4.572	4.592	4921621	22609666.00
2022/11/07	4.592	4.592	4.548	4.554	4126119	18790592.00
2022/11/08	4.555	4.555	4.491	4.495	1933099	8708523.00
2022/11/09	4.495	4.524	4.489	4.494	1693546	7625026.00
2022/11/10	4.492	4.492	4.456	4.460	3331921	14880258.00
2022/11/11	4.464	4.510	4.463	4.480	2003629	8972411.00
2022/11/14	4.479	4.495	4.451	4.456	3899068	17414688.00
2022/11/15	4.456	4.456	4.371	4.383	5367970	23649154.00
2022/11/16	4.383	4.428	4.290	4.304	4341326	18785156.00
2022/11/17	4.306	4.340	4.208	4.225	4140716	17597080.00
2022/11/18	4.216	4.314	4.173	4.276	5332638	22427788.00
2022/11/21	4.276	4.325	4.234	4.321	3514541	15078854.00
2022/11/22	4.324	4.347	4.318	4.320	1199695	5190220.00
2022/11/23	4.321	4.321	4.241	4.312	2811477	12012283.00
2022/11/24	4.308	4.311	4.278	4.287	2235887	9600348.00
2022/11/25	4.287	4.289	4.253	4.281	2620631	11215633.00
2022/11/28	4.285	4.300	4.246	4.261	2025576	8631262.00
2022/11/29	4.261	4.300	4.251	4.299	2513153	10762875.00
2022/11/30	4.298	4.314	4.281	4.312	1774033	7632025.00
2022/12/01	4.312	4.349	4.309	4.327	3173925	13727345.00
2022/12/02	4.332	4.366	4.291	4.348	3701719	16062335.00
2022/12/05	4.346	4.394	4.341	4.382	2292170	10034104.00
2022/12/06	4.382	4.425	4.382	4.406	3557427	15683146.00
2022/12/07	4.410	4.457	4.368	4.368	3362712	14761450.00
2022/12/08	4.367	4.373	4.334	4.356	2587136	11276697.00
2022/12/09	4.360	4.388	4.326	4.331	3785542	16450734.00
2022/12/12	4.330	4.356	4.300	4.312	3451825	14919928.00
2022/12/13	4.312	4.358	4.290	4.294	2861674	12360712.00
2022/12/14	4.294	4.300	4.224	4.225	2882701	12220218.00
2022/12/15	4.225	4.248	4.190	4.195	1729566	7273224.00
2022/12/16	4.197	4.225	4.141	4.147	2781067	11586207.00
2022/12/19	4.150	4.180	4.096	4.105	3163086	13056972.00
2022/12/20	4.105	4.112	4.050	4.078	3728571	15205877.00
2022/12/21	4.081	4.100	4.031	4.034	3288568	13360272.00
2022/12/22	4.034	4.074	3.996	4.003	3539518	14166022.00
2022/12/23	3.998	4.119	3.972	4.086	3129933	12627603.00
2022/12/26	4.085	4.122	4.050	4.114	3722923	15267303.00
2022/12/27	4.114	4.114	4.055	4.074	2488222	10164052.00
2022/12/28	4.072	4.072	4.000	4.004	2340755	9387042.00
2022/12/29	4.004	4.034	3.982	4.027	3819506	15342662.00
2022/12/30	4.028	4.099	4.028	4.074	4140218	16873932.00
2023/01/03	4.074	4.098	4.033	4.084	3208119	13018548.00
2023/01/04	4.085	4.097	4.052	4.076	2989540	12205310.00
2023/01/05	4.076	4.095	4.036	4.038	2979716	12055738.00
2023/01/06	4.038	4.104	4.021	4.101	3771583	15297391.00
2023/01/09	4.101	4.137	4.086	4.101	4342856	17827026.00
2023/01/10	4.102	4.125	4.087	4.099	4349314	17822744.00
2023/01/11	4.098	4.116	4.089	4.099	2899424	11902425.00
2023/01/12	4.099	4.110	4.085	4.086	1972485	8067586.00
2023/01/13	4.087	4.089	4.032	4.047	4037361	16335755.00
2023/01/16	4.047	4.047	4.019	4.026	2522192	10165164.00
2023/01/17	4.026	4.030	4.000	4.008	1981493	7962260.00
2023/01/18	4.008	4.019	3.995	4.014	3377984	13517639.00
2023/01/19	4.009	4.028	4.006	4.026	1118598	4496760.00
2023/01/20	4.027	4.035	3.999	4.033	2648121	10635624.00
2023/01/30	4.033	4.069	4.033	4.068	2714987	11022715.00
2023/01/31	4.068	4.161	4.068	4.143	3850584	15880617.00
2023/02/01	4.144	4.220	4.144	4.215	4058484	17019024.00
2023/02/02	4.220	4.262	4.147	4.165	4855185	20337328.00
2023/02/03	4.166	4.181	4.135	4.170	5018987	20842406.00
2023/02/06	4.170	4.194	4.136	4.192	6287072	26290280.00
2023/02/07	4.192	4.222	4.170	4.206	4665712	19630488.00
2023/02/08	4.210	4.249	4.199	4.213	5061211	21337716.00
2023/02/09	4.214	4.239	4.180	4.218	4702968	19759892.00
2023/02/10	4.218	4.243	4.200	4.240	5493183	23207774.00
2023/02/13	4.240	4.274	4.177	4.253	5280989	22500424.00
2023/02/14	4.252	4.278	4.231	4.270	6208321	26478508.00
2023/02/15	4.273	4.309	4.234	4.235	6184537	26507484.00
2023/02/16	4.231	4.260	4.212	4.239	6492003	27515286.00
2023/02/17	4.239	4.269	4.228	4.244	5466577	23192012.00
2023/02/20	4.240	4.272	4.221	4.264	5743230	24441652.00
2023/02/21	4.264	4.290	4.250	4.271	5053067	21622428.00
2023/02/22	4.270	4.288	4.253	4.268	5094866	21775496.00
2023/02/23	4.265	4.286	4.194	4.247	5901518	25032840.00
2023/02/24	4.255	4.285	4.176	4.216	5713941	24024728.00
2023/02/27	4.213	4.216	4.140	4.165	5254236	21893476.00
2023/02/28	4.165	4.175	4.135	4.160	5879700	24441532.00
2023/03/01	4.159	4.166	4.143	4.164	4867918	20229052.00
2023/03/02	4.165	4.165	4.145	4.155	4190892	17415532.00
2023/03/03	4.155	4.160	4.132	4.155	4589504	19047638.00
2023/03/06	4.155	4.174	4.120	4.148	7372701	30523044.00
2023/03/07	4.148	4.154	4.121	4.131	7891233	32590684.00
2023/03/08	4.128	4.129	4.114	4.114	3553224	14639025.00
2023/03/09	4.114	4.125	4.101	4.113	2755426	11334769.00
2023/03/10	4.111	4.188	4.101	4.106	4210014	17303112.00
2023/03/13	4.103	4.108	4.099	4.106	2989811	12269544.00
2023/03/14	4.105	4.122	4.105	4.114	3415763	14045379.00
2023/03/15	4.115	4.129	4.110	4.125	4700006	19357436.00
2023/03/16	4.126	4.135	4.101	4.118	3817586	15728278.00
2023/03/17	4.117	4.125	4.100	4.107	3815533	15667066.00
2023/03/20	4.120	4.120	4.051	4.055	5210638	21211240.00
2023/03/21	4.055	4.073	4.036	4.056	3973207	16110698.00
2023/03/22	4.057	4.074	4.033	4.048	4572140	18504520.00
2023/03/23	4.049	4.059	4.038	4.040	2934767	11867143.00
2023/03/24	4.038	4.045	4.014	4.018	4596962	18490994.00
2023/03/27	4.018	4.029	4.000	4.004	3316215	13305715.00
2023/03/28	4.003	4.003	3.968	3.976	4889142	19446356.00
2023/03/29	3.976	3.990	3.913	3.929	3376618	13343554.00
2023/03/30	3.929	3.938	3.811	3.839	6015278	23164128.00
2023/03/31	3.840	3.860	3.833	3.848	6475841	24888552.00
2023/04/03	3.849	3.909	3.849	3.894	5344009	20821000.00
2023/04/04	3.896	3.911	3.879	3.884	3356308	13059607.00
2023/04/06	3.885	3.885	3.826	3.861	4328608	16646458.00
2023/04/07	3.862	3.870	3.827	3.850	3340118	12838645.00
2023/04/10	3.853	3.880	3.838	3.845	3452106	13284031.00
2023/04/11	3.845	3.856	3.811	3.820	3455209	13211568.00
2023/04/12	3.822	3.836	3.701	3.707	4903741	18408964.00
2023/04/13	3.706	3.706	3.606	3.609	7756910	28115148.00
2023/04/14	3.615	3.629	3.572	3.613	6879155	24700646.00
2023/04/17	3.612	3.640	3.584	3.599	7284426	26259376.00
2023/04/18	3.599	3.612	3.581	3.590	7836643	28156590.00
2023/04/19	3.590	3.607	3.537	3.553	9102279	32386280.00
2023/04/20	3.553	3.560	3.478	3.488	8533138	29985204.00
2023/04/21	3.489	3.489	3.247	3.282	13055836	43423700.00
2023/04/24	3.274	3.298	3.241	3.260	6849826	22315932.00
2023/04/25	3.260	3.260	3.224	3.250	4624603	14984299.00
2023/04/26	3.250	3.261	3.240	3.250	3666350	11922751.00
2023/04/27	3.249	3.249	3.145	3.147	5412627	17267580.00
2023/04/28	3.145	3.225	3.140	3.199	7142189	22653864.00
2023/05/04	3.208	3.258	3.199	3.209	3676601	11818358.00
2023/05/05	3.209	3.209	3.152	3.165	3081253	9758003.00
2023/05/08	3.166	3.207	3.165	3.202	1979438	6287052.00
2023/05/09	3.215	3.300	3.203	3.293	3418191	11123124.00
2023/05/10	3.295	3.473	3.295	3.454	7333845	25050532.00
2023/05/11	3.489	3.548	3.440	3.465	7263053	25320760.00
2023/05/12	3.468	3.480	3.395	3.451	4392479	15082080.00
2023/05/15	3.448	3.480	3.350	3.360	3330983	11302073.00
2023/05/16	3.265	3.315	3.170	3.276	5028041	16332348.00
2023/05/17	3.295	3.297	3.231	3.235	2535540	8265224.00
2023/05/18	3.235	3.255	3.216	3.232	1953289	6302711.00
2023/05/19	3.239	3.239	3.213	3.236	979957	3164725.00
2023/05/22	3.221	3.247	3.208	3.244	2241274	7226704.00
2023/05/23	3.243	3.243	3.214	3.220	1708834	5504013.00
2023/05/24	3.218	3.223	3.197	3.221	2893912	9286661.00
2023/05/25	3.220	3.228	3.160	3.172	2908250	9285954.00
2023/05/26	3.169	3.186	3.128	3.148	3604195	11334345.00
2023/05/29	3.148	3.162	3.137	3.137	1995341	6279863.00
2023/05/30	3.120	3.148	3.095	3.096	3080640	9602321.00
2023/05/31	3.095	3.095	2.991	3.022	6067451	18432096.00
2023/06/01	3.022	3.022	2.990	2.995	3475557	10415087.00
2023/06/02	2.995	3.001	2.922	2.965	6390858	18957516.00
2023/06/05	2.965	2.965	2.861	2.908	4299841	12463191.00
2023/06/06	2.908	2.917	2.782	2.872	5536061	15699475.00
2023/06/07	2.872	3.003	2.819	3.000	6189152	17927286.00
2023/06/08	3.000	3.095	2.937	3.082	6741261	20495488.00
2023/06/09	3.082	3.121	3.042	3.063	5636449	17384732.00
2023/06/12	3.062	3.064	2.989	3.051	4419324	13384131.00
2023/06/13	3.036	3.051	3.017	3.043	2242905	6800239.00
2023/06/14	3.041	3.048	3.001	3.031	3399823	10285819.00
2023/06/15	3.020	3.020	2.986	2.988	2715470	8151889.00
2023/06/16	2.986	3.033	2.980	3.015	3341040	10032115.00
2023/06/19	3.014	3.015	2.975	2.998	1828612	5466300.00
2023/06/20	2.998	2.998	2.971	2.983	4135110	12330212.00
2023/06/21	2.975	2.978	2.938	2.942	3869016	11403719.00
2023/06/26	2.941	2.941	2.901	2.908	2966850	8626305.00
2023/06/27	2.907	2.930	2.851	2.913	5019759	14496451.00
2023/06/28	2.913	2.945	2.883	2.942	4907918	14340094.00
2023/06/29	2.942	2.942	2.912	2.912	2351976	6875486.00
2023/06/30	2.921	2.921	2.872	2.893	4683174	13529797.00
2023/07/03	2.893	2.893	2.833	2.847	5671622	16189498.00
2023/07/04	2.837	2.837	2.819	2.821	4253875	12004510.00
2023/07/05	2.821	2.821	2.768	2.770	4216979	11746086.00
2023/07/06	2.770	2.816	2.762	2.802	10380160	29021256.00
2023/07/07	2.807	2.901	2.800	2.884	7560097	21642788.00
2023/07/10	2.887	2.890	2.860	2.860	5356895	15372301.00
2023/07/11	2.861	2.874	2.812	2.832	8894837	25146526.00
2023/07/12	2.834	2.839	2.771	2.790	4268085	11925157.00
2023/07/13	2.788	2.810	2.763	2.807	7773330	21730704.00
2023/07/14	2.806	2.833	2.796	2.813	5785905	16319044.00
2023/07/17	2.819	2.902	2.792	2.898	11477741	32895700.00
2023/07/18	2.912	3.014	2.910	3.011	13002138	38809080.00
2023/07/19	3.017	3.044	2.939	2.959	11841289	35112928.00
2023/07/20	2.953	2.953	2.863	2.890	9788386	28365240.00
2023/07/21	2.890	2.904	2.885	2.900	8253118	23915652.00
2023/07/24	2.899	2.899	2.851	2.872	3701994	10638057.00
2023/07/25	2.871	2.899	2.835	2.881	5764122	16594743.00
2023/07/26	2.881	2.890	2.874	2.881	3080662	8873143.00
2023/07/27	2.881	2.893	2.872	2.880	3413657	9839833.00
2023/07/28	2.881	2.890	2.865	2.884	3339959	9609875.00
2023/07/31	2.883	2.915	2.880	2.909	4327402	12554005.00
2023/08/01	2.909	2.958	2.901	2.911	7661583	22399552.00
2023/08/02	2.902	2.938	2.901	2.918	6538741	19116860.00
2023/08/03	2.929	2.940	2.915	2.921	6393259	18722420.00
2023/08/04	2.918	2.918	2.877	2.908	6112924	17703570.00
2023/08/07	2.904	2.905	2.882	2.904	3861031	11175452.00
2023/08/08	2.904	2.905	2.883	2.898	3757061	10868371.00
2023/08/09	2.893	2.903	2.877	2.894	2196508	6356662.00
2023/08/10	2.899	2.905	2.885	2.897	4464262	12927843.00
2023/08/11	2.897	2.907	2.878	2.881	4948952	14305839.00
2023/08/14	2.830	2.834	2.800	2.825	4710057	13242595.00
2023/08/15	2.825	2.869	2.807	2.847	5242475	14891622.00
2023/08/16	2.847	2.847	2.818	2.837	4842117	13723793.00
2023/08/17	2.834	2.844	2.818	2.822	3841643	10874516.00
2023/08/18	2.822	2.834	2.797	2.799	5031997	14184115.00
2023/08/21	2.799	2.800	2.742	2.793	8373180	23186208.00
2023/08/22	2.793	2.793	2.756	2.775	2531138	7008184.00
2023/08/23	2.775	2.790	2.758	2.783	3904614	10829210.00
2023/08/24	2.783	2.826	2.768	2.825	4174539	11672866.00
2023/08/25	2.818	2.839	2.805	2.810	4335218	12206819.00
2023/08/28	2.810	2.846	2.785	2.798	5364815	15068160.00
2023/08/29	2.794	2.797	2.779	2.790	4201135	11695466.00
2023/08/30	2.783	2.793	2.779	2.792	3710640	10347834.00
2023/08/31	2.794	2.807	2.771	2.781	3599840	10032297.00
2023/09/01	2.782	2.787	2.767	2.780	2519571	7003556.00
2023/09/04	2.780	2.790	2.760	2.771	5030668	13964885.00
2023/09/05	2.772	2.774	2.740	2.771	5915975	16302581.00
2023/09/06	2.769	2.775	2.744	2.763	5241736	14480613.00
2023/09/07	2.767	2.767	2.746	2.751	4072077	11217869.00
2023/09/08	2.751	2.755	2.741	2.750	3742638	10281816.00
2023/09/11	2.751	2.755	2.735	2.752	5417534	14878053.00
2023/09/12	2.752	2.765	2.745	2.755	5283720	14559050.00
2023/09/13	2.755	2.770	2.751	2.754	2180635	6012811.00
2023/09/14	2.754	2.759	2.752	2.755	2214311	6102656.00
2023/09/15	2.767	2.779	2.756	2.766	2972543	8220720.00
2023/09/18	2.765	2.768	2.751	2.756	3285235	9071652.00
2023/09/19	2.753	2.753	2.740	2.744	2310461	6338437.00
2023/09/20	2.744	2.761	2.741	2.747	4169763	11450782.00
2023/09/21	2.748	2.750	2.738	2.741	4604912	12631907.00
2023/09/22	2.741	2.747	2.735	2.741	1954386	5356745.00
2023/09/25	2.741	2.746	2.726	2.740	4641137	12711607.00
2023/09/26	2.745	2.745	2.729	2.734	3789390	10373371.00
2023/09/27	2.733	2.750	2.708	2.750	6064561	16495616.00
2023/09/28	2.739	2.760	2.739	2.745	5977577	16442360.00
2023/10/09	2.743	2.755	2.728	2.740	4324276	11856225.00
2023/10/10	2.741	2.746	2.705	2.740	7391742	20121268.00
2023/10/11	2.732	2.741	2.714	2.739	3854370	10499638.00
2023/10/12	2.731	2.743	2.726	2.738	2690115	7354167.00
2023/10/13	2.737	2.746	2.733	2.739	4250312	11642334.00
2023/10/16	2.739	2.740	2.724	2.733	2209778	6038058.00
2023/10/17	2.723	2.735	2.701	2.729	6585335	17864960.00
2023/10/18	2.716	2.722	2.705	2.710	2950959	8003009.00
2023/10/19	2.710	2.718	2.679	2.714	3524643	9509325.00
2023/10/20	2.701	2.710	2.688	2.704	2550932	6885010.00
2023/10/23	2.698	2.698	2.675	2.676	1240142	3323990.00
2023/10/24	2.675	2.710	2.651	2.710	2734040	7311053.00
2023/10/25	2.711	2.741	2.700	2.705	3544764	9648186.00
2023/10/26	2.705	2.717	2.653	2.704	4716020	12649177.00
2023/10/27	2.691	2.703	2.672	2.687	5321886	14311999.00
2023/10/30	2.685	2.685	2.657	2.665	4097955	10931913.00
2023/10/31	2.667	2.669	2.652	2.656	2686496	7150989.00
2023/11/01	2.660	2.663	2.640	2.643	3482426	9214747.00
2023/11/02	2.643	2.643	2.613	2.615	2937952	7723118.00
2023/11/03	2.611	2.611	2.583	2.605	5355155	13893570.00
2023/11/06	2.605	2.605	2.584	2.601	5498274	14260885.00
2023/11/07	2.591	2.600	2.587	2.590	1682920	4361210.00
2023/11/08	2.589	2.606	2.585	2.605	2880064	7489737.00
2023/11/09	2.600	2.654	2.600	2.648	7007741	18487444.00
2023/11/10	2.650	2.650	2.602	2.625	2764951	7246666.00
2023/11/13	2.613	2.624	2.604	2.609	1842725	4813238.00
2023/11/14	2.609	2.611	2.590	2.590	2415021	6285277.00
2023/11/15	2.592	2.597	2.583	2.588	2212285	5719949.00
2023/11/16	2.589	2.589	2.566	2.572	1757318	4520011.00
2023/11/17	2.570	2.570	2.553	2.554	1218881	3116247.00
2023/11/20	2.554	2.558	2.542	2.545	1728109	4400207.00
2023/11/21	2.544	2.544	2.525	2.528	3327637	8427977.00
2023/11/22	2.528	2.528	2.508	2.509	2965488	7458781.00
2023/11/23	2.509	2.509	2.477	2.479	5291605	13148240.00
2023/11/24	2.479	2.479	2.459	2.466	2152073	5299520.00
2023/11/27	2.466	2.466	2.401	2.406	2587223	6272832.00
2023/11/28	2.405	2.405	2.350	2.353	5853748	13860662.00
2023/11/29	2.352	2.352	2.282	2.283	4308627	9917519.00
2023/11/30	2.279	2.279	2.235	2.253	6681646	15038162.00
2023/12/01	2.246	2.246	2.211	2.222	5528118	12269488.00
2023/12/04	2.217	2.248	2.189	2.239	5543096	12267949.00
2023/12/05	2.240	2.243	2.198	2.235	6625637	14692594.00
2023/12/06	2.225	2.228	2.211	2.226	3906068	8670748.00
2023/12/07	2.235	2.235	2.203	2.206	3658295	8089058.00
2023/12/08	2.206	2.206	2.181	2.184	3790752	8301660.00
2023/12/11	2.183	2.183	2.120	2.128	5124237	10932725.00
2023/12/12	2.128	2.128	2.080	2.089	4195396	8767338.00
2023/12/13	2.087	2.088	2.034	2.086	6274690	12840652.00
2023/12/14	2.076	2.084	2.034	2.081	3631011	7444792.00
2023/12/15	2.071	2.101	2.050	2.101	3802131	7872833.00
2023/12/18	2.091	2.118	2.070	2.112	3969348	8283196.00
2023/12/19	2.102	2.135	2.088	2.126	3853510	8130022.00
2023/12/20	2.117	2.233	2.116	2.212	9576202	20867648.00
2023/12/21	2.202	2.327	2.176	2.301	7468702	17075962.00
2023/12/22	2.300	2.384	2.226	2.242	10007341	22990230.00
2023/12/25	2.232	2.232	2.159	2.181	9023690	19741524.00
2023/12/26	2.180	2.180	2.114	2.119	7043747	14987002.00
2023/12/27	2.112	2.112	2.057	2.087	8158348	16889304.00
2023/12/28	2.077	2.110	2.047	2.097	6173222	12817677.00
2023/12/29	2.087	2.115	2.074	2.113	5441551	11394146.00
2024/01/02	2.114	2.116	2.085	2.086	5307138	11103560.00
2024/01/03	2.080	2.086	2.043	2.049	6352558	13086947.00
2024/01/04	2.043	2.045	1.997	2.002	5869271	11801423.00
2024/01/05	1.993	2.010	1.985	2.005	5759473	11478476.00
2024/01/08	2.001	2.005	1.986	1.994	2437959	4852256.00
2024/01/09	1.992	2.002	1.960	1.960	7297715	14443618.00
2024/01/10	1.960	1.984	1.934	1.934	5468852	10617679.00
2024/01/11	1.921	1.945	1.920	1.933	5378032	10397036.00
2024/01/12	1.934	1.937	1.899	1.900	5384643	10297861.00
2024/01/15	1.901	1.907	1.886	1.890	5468161	10342887.00
2024/01/16	1.886	1.980	1.886	1.979	7131988	13667067.00
2024/01/17	1.981	2.061	1.981	1.991	8436184	17131168.00
2024/01/18	1.983	2.017	1.931	1.935	5036060	9826889.00
2024/01/19	1.936	1.969	1.930	1.952	3992723	7808831.00
2024/01/22	1.956	1.978	1.942	1.949	4422236	8653008.00
2024/01/23	1.947	1.947	1.903	1.904	2665989	5098960.00
2024/01/24	1.902	1.922	1.882	1.891	3541615	6722989.00
2024/01/25	1.891	1.952	1.890	1.949	4431520	8468361.00
2024/01/26	1.949	1.949	1.925	1.933	3206039	6197869.00
2024/01/29	1.930	1.999	1.914	1.950	6482584	12679007.00
2024/01/30	1.948	1.980	1.938	1.964	4179881	8231965.00
2024/01/31	1.963	1.988	1.930	1.943	4184061	8220580.00
2024/02/01	1.940	1.960	1.920	1.947	3281425	6368930.00
2024/02/02	1.946	1.969	1.946	1.959	2588897	5074120.00
2024/02/05	1.953	1.959	1.931	1.945	3371577	6557468.00
2024/02/06	1.944	2.006	1.927	1.991	4056756	8001359.00
2024/02/07	1.986	2.038	1.986	2.031	3390939	6844110.00
2024/02/08	2.031	2.109	2.028	2.104	4371070	9088992.00
2024/02/19	2.104	2.203	2.104	2.179	6196003	13402944.00
2024/02/20	2.183	2.227	2.139	2.156	6051983	13174852.00
2024/02/21	2.150	2.156	2.116	2.128	6965653	14894134.00
2024/02/22	2.129	2.129	2.084	2.097	7277041	15264832.00
2024/02/23	2.097	2.189	2.080	2.180	12745861	27179536.00
2024/02/26	2.180	2.282	2.170	2.244	17618383	39358320.00
2024/02/27	2.244	2.284	2.168	2.240	15204077	33820728.00
2024/02/28	2.222	2.236	2.190	2.197	8850166	19508876.00
2024/02/29	2.168	2.246	2.135	2.241	8125242	17957032.00
2024/03/01	2.234	2.306	2.234	2.298	11648832	26518682.00
2024/03/04	2.303	2.380	2.303	2.366	12851145	30253580.00
2024/03/05	2.367	2.430	2.361	2.377	11349845	27226096.00
2024/03/06	2.367	2.395	2.337	2.361	8504591	20070236.00
2024/03/07	2.360	2.390	2.339	2.344	6312534	14919111.00
2024/03/08	2.329	2.344	2.290	2.338	8128133	18853440.00
2024/03/11	2.335	2.363	2.332	2.358	6566732	15426718.00
2024/03/12	2.358	2.377	2.341	2.355	6016006	14158962.00
2024/03/13	2.357	2.358	2.320	2.330	5834578	13600536.00
2024/03/14	2.330	2.333	2.301	2.326	5927007	13689041.00
2024/03/15	2.321	2.334	2.301	2.325	6275953	14542827.00
2024/03/18	2.325	2.325	2.286	2.297	6891500	15876202.00
2024/03/19	2.293	2.294	2.253	2.277	5419170	12328785.00
2024/03/20	2.280	2.286	2.235	2.237	5479390	12361612.00
2024/03/21	2.237	2.237	2.150	2.166	8252897	18197984.00
2024/03/22	2.161	2.161	2.121	2.146	3599585	7678617.00
2024/03/25	2.137	2.180	2.136	2.176	4992310	10836119.00
2024/03/26	2.171	2.198	2.165	2.180	4853681	10581359.00
2024/03/27	2.198	2.320	2.197	2.309	12617237	28551752.00
2024/03/28	2.310	2.355	2.266	2.276	10269750	23566844.00
2024/03/29	2.266	2.276	2.243	2.259	7847323	17722112.00
2024/04/01	2.250	2.296	2.249	2.292	5933614	13498629.00
2024/04/02	2.289	2.316	2.269	2.289	4285638	9810274.00
2024/04/03	2.279	2.319	2.264	2.290	6315133	14492388.00
2024/04/08	2.290	2.312	2.289	2.301	4414420	10151200.00
2024/04/09	2.300	2.308	2.285	2.301	4841068	11118584.00
2024/04/10	2.301	2.301	2.272	2.287	4361065	9973227.00
2024/04/11	2.284	2.319	2.253	2.318	6738287	15403061.00
2024/04/12	2.314	2.336	2.299	2.319	7223853	16757032.00
2024/04/15	2.319	2.319	2.281	2.293	7095817	16286548.00
2024/04/16	2.282	2.291	2.241	2.279	8905091	20137124.00
2024/04/17	2.268	2.298	2.252	2.297	6187768	14171690.00
2024/04/18	2.298	2.320	2.298	2.312	3134177	7246000.00
2024/04/19	2.310	2.318	2.291	2.317	2443075	5635935.00
2024/04/22	2.315	2.389	2.311	2.366	6470424	15221265.00
2024/04/23	2.366	2.395	2.355	2.374	4834285	11495813.00
2024/04/24	2.372	2.393	2.357	2.392	5805694	13781879.00
2024/04/25	2.392	2.421	2.356	2.420	7384091	17723128.00
2024/04/26	2.418	2.475	2.400	2.434	8306420	20260394.00
2024/04/29	2.436	2.457	2.412	2.416	7271199	17657312.00
2024/04/30	2.416	2.431	2.392	2.417	4705422	11337823.00
2024/05/06	2.417	2.504	2.417	2.501	4456766	10976756.00
2024/05/07	2.497	2.564	2.490	2.558	5968055	15206163.00
2024/05/08	2.558	2.574	2.538	2.558	4974629	12731617.00
2024/05/09	2.558	2.586	2.531	2.586	4870084	12502473.00
2024/05/10	2.586	2.593	2.563	2.578	3210510	8272016.00
2024/05/13	2.542	2.542	2.503	2.519	3003088	7553217.00
2024/05/14	2.514	2.514	2.479	2.504	3581179	8934420.00
2024/05/15	2.500	2.504	2.461	2.478	3060887	7588679.00
2024/05/16	2.473	2.480	2.440	2.468	4587110	11292360.00
2024/05/17	2.467	2.483	2.451	2.470	2424352	5995788.00
2024/05/20	2.469	2.470	2.447	2.458	1679093	4122252.00
2024/05/21	2.458	2.458	2.441	2.445	2436188	5959279.00
2024/05/22	2.445	2.470	2.421	2.440	3497200	8553488.00
2024/05/23	2.433	2.460	2.427	2.444	3668482	8958700.00
2024/05/24	2.444	2.493	2.440	2.492	4666833	11588722.00
2024/05/27	2.492	2.525	2.492	2.511	3745063	9413772.00
2024/05/28	2.500	2.550	2.492	2.505	4750489	11948243.00
2024/05/29	2.504	2.523	2.488	2.502	6667148	16682205.00
2024/05/30	2.502	2.517	2.476	2.487	3478516	8661313.00
2024/05/31	2.487	2.500	2.462	2.485	4044416	10021716.00
2024/06/03	2.484	2.495	2.468	2.478	3880943	9625559.00
2024/06/04	2.468	2.481	2.440	2.461	4437516	10903318.00
2024/06/05	2.460	2.464	2.431	2.457	5308553	12986208.00
2024/06/06	2.457	2.463	2.431	2.433	2845569	6933939.00
2024/06/07	2.430	2.430	2.396	2.426	3121664	7511592.00
2024/06/11	2.425	2.428	2.365	2.389	2855186	6824443.00
2024/06/12	2.384	2.384	2.351	2.375	3840751	9084901.00
2024/06/13	2.370	2.390	2.360	2.388	3277700	7782038.00
2024/06/14	2.387	2.389	2.366	2.379	2604001	6189260.00
2024/06/17	2.379	2.409	2.365	2.401	2908388	6940485.00
2024/06/18	2.400	2.430	2.395	2.425	6376126	15423513.00
2024/06/19	2.425	2.440	2.420	2.430	3361611	8184476.00
2024/06/20	2.431	2.449	2.407	2.416	3489633	8465284.00
2024/06/21	2.410	2.421	2.395	2.417	3449901	8300502.00
2024/06/24	2.417	2.434	2.406	2.413	2746240	6641370.00
2024/06/25	2.413	2.430	2.393	2.397	3070931	7395683.00
2024/06/26	2.395	2.398	2.379	2.398	2970308	7095579.00
2024/06/27	2.397	2.403	2.390	2.401	3707717	8897687.00
2024/06/28	2.402	2.419	2.361	2.372	6728985	16028989.00
2024/07/01	2.369	2.369	2.327	2.358	3322912	7807634.00
2024/07/02	2.358	2.358	2.335	2.345	2019915	4737136.00
2024/07/03	2.341	2.359	2.332	2.342	1274604	2985568.00
2024/07/04	2.342	2.347	2.305	2.333	3487320	8121933.00
2024/07/05	2.332	2.332	2.300	2.316	3298153	7619739.00
2024/07/08	2.311	2.311	2.291	2.303	1822509	4192972.00
2024/07/09	2.302	2.302	2.282	2.293	1710335	3912372.00
2024/07/10	2.290	2.297	2.280	2.290	1710275	3917842.00
2024/07/11	2.288	2.291	2.282	2.290	1110620	2541466.00
2024/07/12	2.290	2.339	2.290	2.331	5480115	12707478.00
2024/07/15	2.329	2.330	2.306	2.318	2758572	6382865.00
2024/07/16	2.309	2.318	2.275	2.285	3319347	7616704.00
2024/07/17	2.285	2.295	2.275	2.282	3497948	7975830.00
2024/07/18	2.280	2.287	2.263	2.285	2251041	5111861.00
2024/07/19	2.286	2.290	2.279	2.284	1537997	3514633.00
2024/07/22	2.283	2.284	2.267	2.279	1377308	3135244.00
2024/07/23	2.279	2.299	2.265	2.278	1700854	3871833.00
2024/07/24	2.280	2.280	2.256	2.274	3342605	7583255.00
2024/07/25	2.274	2.287	2.259	2.279	1554150	3522923.00
2024/07/26	2.275	2.286	2.263	2.286	3113131	7081048.00
2024/07/29	2.281	2.288	2.260	2.287	2317112	5275582.00
2024/07/30	2.270	2.289	2.261	2.285	3233055	7367291.00
2024/07/31	2.285	2.293	2.283	2.291	2549123	5831824.00
2024/08/01	2.290	2.311	2.283	2.311	3720164	8542595.00
2024/08/02	2.306	2.320	2.290	2.312	3256381	7518342.00
2024/08/05	2.310	2.368	2.300	2.358	3599325	8423914.00
2024/08/06	2.357	2.398	2.341	2.391	5421522	12875997.00
2024/08/07	2.394	2.432	2.379	2.425	3956042	9554160.00
2024/08/08	2.423	2.436	2.393	2.398	4155937	10025293.00
2024/08/09	2.398	2.405	2.350	2.398	4170752	9869158.00
2024/08/12	2.380	2.407	2.380	2.395	2308582	5532463.00
2024/08/13	2.393	2.403	2.382	2.395	1641769	3932711.00
2024/08/14	2.395	2.399	2.381	2.384	1799060	4299775.00
2024/08/15	2.381	2.392	2.357	2.364	3193980	7582132.00
2024/08/16	2.360	2.376	2.331	2.339	4153269	9772984.00
2024/08/19	2.340	2.349	2.325	2.331	1222976	2851495.00
2024/08/20	2.326	2.336	2.307	2.321	881734	2045604.00
2024/08/21	2.320	2.320	2.282	2.283	5676731	13046639.00
2024/08/22	2.283	2.285	2.256	2.270	3996195	9057384.00
2024/08/23	2.270	2.270	2.255	2.264	1816424	4106117.00
2024/08/26	2.264	2.268	2.231	2.247	3806826	8534510.00
2024/08/27	2.247	2.254	2.218	2.249	2708459	6061436.00
2024/08/28	2.249	2.291	2.235	2.285	4239861	9592211.00
2024/08/29	2.286	2.318	2.266	2.268	3258284	7454175.00
2024/08/30	2.265	2.291	2.251	2.281	1895941	4299754.00
2024/09/02	2.280	2.296	2.270	2.277	1662651	3799970.00
2024/09/03	2.275	2.275	2.254	2.266	1301671	2942504.00
2024/09/04	2.265	2.265	2.241	2.254	3651885	8230471.00
2024/09/05	2.244	2.260	2.232	2.256	2197795	4944187.00
2024/09/06	2.255	2.270	2.243	2.246	1780303	4019715.00
2024/09/09	2.246	2.246	2.208	2.219	2630457	5841816.00
2024/09/10	2.218	2.222	2.194	2.202	2212701	4877730.00
2024/09/11	2.200	2.205	2.183	2.202	1787951	3923904.00
2024/09/12	2.214	2.214	2.185	2.201	1209892	2660033.00
2024/09/13	2.188	2.207	2.188	2.201	1791816	3940828.00
2024/09/18	2.201	2.206	2.184	2.195	939453	2062048.00
2024/09/19	2.195	2.195	2.164	2.179	2019035	4389481.00
2024/09/20	2.176	2.179	2.141	2.173	2247459	4862621.00
2024/09/23	2.173	2.173	2.141	2.153	1750544	3766053.00
2024/09/24	2.147	2.187	2.147	2.178	2072633	4497770.00
2024/09/25	2.180	2.217	2.171	2.178	2537782	5561225.00
2024/09/26	2.177	2.195	2.160	2.173	4668852	10142762.00
2024/09/27	2.172	2.185	2.170	2.181	1527197	3321450.00
2024/09/30	2.181	2.247	2.181	2.245	6237804	13843144.00
2024/10/08	2.248	2.360	2.248	2.321	6884536	15908914.00
2024/10/09	2.318	2.318	2.230	2.262	5302674	11949372.00
2024/10/10	2.241	2.241	2.202	2.213	3685324	8164330.00
2024/10/11	2.213	2.232	2.201	2.215	3538754	7856174.00
2024/10/14	2.214	2.234	2.187	2.232	6942221	15322917.00
2024/10/15	2.231	2.239	2.212	2.232	4685812	10442833.00
2024/10/16	2.232	2.232	2.202	2.215	2593287	5741590.00
2024/10/17	2.214	2.223	2.204	2.209	3064845	6776738.00
2024/10/18	2.205	2.205	2.179	2.205	2559605	5610283.00
2024/10/21	2.199	2.205	2.186	2.203	2471251	5431917.00
2024/10/22	2.191	2.205	2.190	2.197	1751883	3849675.00
2024/10/23	2.197	2.200	2.182	2.190	1690717	3705251.00
2024/10/24	2.185	2.197	2.179	2.180	1233339	2695320.00
2024/10/25	2.185	2.190	2.168	2.189	1437933	3131548.00
2024/10/28	2.183	2.190	2.172	2.187	1624981	3543875.00
2024/10/29	2.186	2.198	2.172	2.179	1656706	3608626.00
2024/10/30	2.179	2.201	2.173	2.197	2601222	5702209.00
2024/10/31	2.197	2.225	2.195	2.213	1669352	3694958.00
2024/11/01	2.214	2.217	2.195	2.210	1240588	2736849.00
2024/11/04	2.209	2.210	2.183	2.202	1943897	4265145.00
2024/11/05	2.200	2.202	2.187	2.195	2224350	4872295.00
2024/11/06	2.195	2.195	2.184	2.193	2136323	4675053.00
2024/11/07	2.194	2.194	2.179	2.190	1759298	3841123.00
2024/11/08	2.190	2.193	2.177	2.185	2522934	5503763.00
2024/11/11	2.186	2.186	2.174	2.181	1966805	4281275.00
2024/11/12	2.175	2.192	2.172	2.181	3961724	8642073.00
2024/11/13	2.179	2.196	2.175	2.194	2699514	5900436.00
2024/11/14	2.195	2.197	2.168	2.178	5238398	11458987.00
2024/11/15	2.176	2.177	2.120	2.124	7055950	15115432.00
2024/11/18	2.125	2.134	2.107	2.116	29887239	63262192.00
2024/11/19	2.116	2.142	2.111	2.141	2371436	5033102.00
2024/11/20	2.137	2.137	2.121	2.125	2764478	5875435.00
2024/11/21	2.125	2.125	2.109	2.112	1370813	2897370.00
2024/11/22	2.120	2.120	2.089	2.100	1842233	3864832.00
2024/11/25	2.096	2.096	2.066	2.075	1893773	3934733.00
2024/11/26	2.068	2.079	2.044	2.049	3414244	7023418.00
2024/11/27	2.049	2.049	2.015	2.021	4716147	9544023.00
2024/11/28	2.020	2.033	1.998	2.018	6976917	14058239.00
2024/11/29	2.022	2.047	2.001	2.044	4634299	9341903.00
2024/12/02	2.043	2.086	2.033	2.073	2671375	5528643.00
2024/12/03	2.073	2.073	2.047	2.060	1921878	3951064.00
2024/12/04	2.060	2.060	2.031	2.048	4189268	8545073.00
2024/12/05	2.045	2.066	2.032	2.059	2623189	5382940.00
2024/12/06	2.060	2.065	2.030	2.043	3862189	7899854.00
2024/12/09	2.043	2.053	2.012	2.043	6285317	12768159.00
2024/12/10	2.044	2.051	2.034	2.046	2635631	5389719.00
2024/12/11	2.045	2.066	2.036	2.064	2960092	6046748.00
2024/12/12	2.064	2.094	2.060	2.085	4022444	8360544.00
2024/12/13	2.083	2.098	2.069	2.090	3907546	8135696.00
2024/12/16	2.090	2.090	2.070	2.084	2340399	4876948.00
2024/12/17	2.087	2.087	2.060	2.078	5675726	11781306.00
2024/12/18	2.075	2.075	2.053	2.055	981079	2018899.00
2024/12/19	2.059	2.059	2.020	2.045	11378824	23186140.00
2024/12/20	2.043	2.054	2.030	2.045	1383892	2825617.00
2024/12/23	2.042	2.047	2.031	2.047	584911	1191513.00
2024/12/24	2.038	2.072	2.038	2.070	1330866	2740135.00
2024/12/25	2.072	2.095	2.060	2.087	3943129	8202641.00
2024/12/26	2.087	2.091	2.075	2.089	1340941	2796541.00
2024/12/27	2.089	2.098	2.075	2.096	4423699	9233361.00
2024/12/30	2.095	2.123	2.092	2.105	3154217	6652458.00
2024/12/31	2.101	2.126	2.101	2.111	6420002	13569245.00
2025/01/02	2.106	2.125	2.074	2.118	5743219	12086243.00
2025/01/03	2.116	2.167	2.097	2.162	9817146	21151804.00
2025/01/06	2.163	2.176	2.140	2.144	5623044	12127914.00
2025/01/07	2.145	2.152	2.075	2.091	4726548	9896428.00
2025/01/08	2.087	2.132	2.072	2.128	6531853	13790977.00
2025/01/09	2.129	2.167	2.107	2.147	7553685	16193847.00
2025/01/10	2.139	2.163	2.128	2.160	3993936	8576160.00
2025/01/13	2.160	2.166	2.138	2.149	3501257	7535725.00
2025/01/14	2.149	2.158	2.115	2.128	3411925	7288744.00
2025/01/15	2.127	2.152	2.109	2.150	3895441	8319872.00
2025/01/16	2.151	2.176	2.139	2.167	3894349	8417561.00
2025/01/17	2.163	2.175	2.141	2.156	6334335	13688494.00
2025/01/20	2.157	2.157	2.126	2.148	6706626	14375798.00
2025/01/21	2.141	2.157	2.129	2.149	6570099	14057282.00
2025/01/22	2.146	2.152	2.122	2.149	9395959	20063024.00
2025/01/23	2.140	2.160	2.134	2.150	6390215	13713208.00
2025/01/24	2.150	2.165	2.141	2.162	2392752	5146300.00
2025/01/27	2.162	2.182	2.153	2.177	2976194	6474016.00
2025/02/05	2.175	2.189	2.161	2.176	5520997	12006081.00
2025/02/06	2.176	2.185	2.150	2.170	4649777	10056007.00
2025/02/07	2.169	2.193	2.155	2.187	5451548	11883345.00
2025/02/10	2.188	2.205	2.188	2.203	5710831	12558138.00
2025/02/11	2.203	2.229	2.186	2.201	18425633	40669188.00
2025/02/12	2.201	2.226	2.166	2.179	9862975	21625184.00
2025/02/13	2.177	2.186	2.160	2.185	8012211	17428024.00
2025/02/14	2.185	2.248	2.175	2.239	8585160	18964128.00
2025/02/17	2.249	2.298	2.226	2.296	9149219	20836654.00
2025/02/18	2.296	2.300	2.272	2.283	4328352	9894105.00
2025/02/19	2.277	2.288	2.260	2.269	2829288	6420961.00
2025/02/20	2.268	2.280	2.259	2.275	4198394	9542820.00
2025/02/21	2.275	2.285	2.265	2.276	5426371	12327856.00
2025/02/24	2.263	2.279	2.223	2.230	5929852	13303836.00
2025/02/25	2.222	2.233	2.214	2.228	3955072	8787950.00
2025/02/26	2.228	2.248	2.216	2.230	2488558	5567297.00
2025/02/27	2.229	2.229	2.195	2.199	4048789	8936219.00
2025/02/28	2.188	2.188	2.157	2.182	4705635	10200506.00
2025/03/03	2.174	2.209	2.170	2.209	2857351	6270518.00
2025/03/04	2.207	2.222	2.200	2.218	2085569	4618111.00
2025/03/05	2.219	2.220	2.197	2.210	1803774	3980479.00
2025/03/06	2.210	2.210	2.192	2.199	2593551	5700901.00
2025/03/07	2.199	2.201	2.192	2.198	2651151	5824006.00
2025/03/10	2.198	2.209	2.188	2.200	2142162	4716241.00
2025/03/11	2.198	2.199	2.193	2.199	1519535	3336431.00
2025/03/12	2.199	2.205	2.190	2.198	1560901	3423210.00
2025/03/13	2.195	2.199	2.187	2.198	1114223	2441696.00
2025/03/14	2.198	2.198	2.186	2.190	1956068	4280690.00
2025/03/17	2.188	2.191	2.180	2.188	1366843	2989369.00
2025/03/18	2.187	2.198	2.181	2.194	740026	1619644.00
2025/03/19	2.196	2.201	2.185	2.200	1916830	4212614.00
2025/03/20	2.198	2.216	2.197	2.211	2662615	5874379.00
2025/03/21	2.211	2.217	2.198	2.209	2149519	4741995.00
2025/03/24	2.208	2.214	2.193	2.212	1100609	2429706.00
2025/03/25	2.212	2.218	2.203	2.217	1344321	2977567.00
2025/03/26	2.216	2.225	2.204	2.223	1103985	2445122.00
2025/03/27	2.221	2.240	2.215	2.238	2414019	5390329.00
2025/03/28	2.239	2.243	2.224	2.238	2135792	4777977.00
2025/03/31	2.238	2.242	2.218	2.222	3097592	6918439.00
2025/04/01	2.222	2.225	2.208	2.218	4036420	8955655.00
2025/04/02	2.211	2.222	2.201	2.208	4715687	10442270.00
2025/04/03	2.194	2.194	2.158	2.173	6661631	14428803.00
2025/04/07	2.156	2.173	2.101	2.107	4548769	9665380.00
2025/04/08	2.104	2.104	2.058	2.089	3367829	7008297.00
2025/04/09	2.100	2.100	2.056	2.087	3075377	6390908.00
2025/04/10	2.088	2.135	2.074	2.133	4998532	10529436.00
2025/04/11	2.130	2.136	2.120	2.126	2173452	4620926.00
2025/04/14	2.114	2.133	2.113	2.124	1021079	2167287.00
2025/04/15	2.124	2.128	2.110	2.123	638545	1354586.00
2025/04/16	2.123	2.147	2.115	2.146	1502061	3208386.00
2025/04/17	2.142	2.156	2.131	2.149	1984525	4263895.00
2025/04/18	2.156	2.156	2.140	2.143	696515	1493017.00
2025/04/21	2.144	2.150	2.140	2.145	991041	2123968.00
2025/04/22	2.136	2.144	2.126	2.137	1972537	4206338.00
2025/04/23	2.140	2.140	2.127	2.132	1067234	2273178.00
2025/04/24	2.125	2.132	2.113	2.119	1730818	3661460.00
2025/04/25	2.125	2.125	2.110	2.114	1337052	2827925.00
2025/04/28	2.115	2.119	2.063	2.072	7883479	16388444.00
2025/04/29	2.071	2.086	2.067	2.069	1544026	3198490.00
2025/04/30	2.069	2.075	2.064	2.065	1430881	2958222.00
2025/05/06	2.065	2.075	2.064	2.065	1846914	3820303.00
2025/05/07	2.065	2.070	2.056	2.058	2656054	5471061.00
2025/05/08	2.064	2.065	2.058	2.063	2333475	4809026.00
2025/05/09	2.063	2.064	2.056	2.059	2687564	5535879.00
2025/05/12	2.059	2.070	2.058	2.069	2931350	6048813.00
2025/05/13	2.077	2.106	2.070	2.091	5030597	10539218.00
2025/05/14	2.090	2.120	2.090	2.110	1782857	3762660.00
2025/05/15	2.109	2.109	2.085	2.097	2139131	4475971.00
2025/05/16	2.097	2.116	2.090	2.093	1561753	3282284.00
2025/05/19	2.093	2.120	2.091	2.109	1343764	2833970.00
2025/05/20	2.108	2.110	2.097	2.103	1798943	3785179.00
2025/05/21	2.109	2.116	2.100	2.114	1515792	3193735.00
2025/05/22	2.114	2.115	2.104	2.113	1863843	3936209.00
2025/05/23	2.113	2.115	2.105	2.114	1560191	3292263.00
2025/05/26	2.114	2.118	2.108	2.117	1736676	3667796.00
2025/05/27	2.114	2.126	2.113	2.125	882823	1870967.00
2025/05/28	2.124	2.131	2.102	2.112	3745735	7910994.00
2025/05/29	2.111	2.116	2.105	2.112	2600834	5490987.00
2025/05/30	2.112	2.120	2.105	2.115	3966856	8384503.00
2025/06/03	2.112	2.114	2.100	2.101	4787958	10073765.00
2025/06/04	2.101	2.107	2.096	2.103	4406523	9262975.00
2025/06/05	2.103	2.135	2.096	2.133	4201959	8895712.00
2025/06/06	2.132	2.133	2.122	2.122	2267062	4818599.00
2025/06/09	2.120	2.125	2.110	2.114	2399755	5074000.00
2025/06/10	2.115	2.130	2.112	2.128	3571897	7591365.00
2025/06/11	2.130	2.160	2.124	2.150	5412374	11624299.00
2025/06/12	2.150	2.180	2.141	2.174	3117706	6728643.00
2025/06/13	2.172	2.185	2.140	2.167	5140788	11116725.00
2025/06/16	2.158	2.166	2.150	2.162	1025450	2213325.00
2025/06/17	2.158	2.166	2.156	2.156	756854	1634935.00
2025/06/18	2.156	2.161	2.148	2.157	835545	1799838.00
2025/06/19	2.157	2.173	2.141	2.162	3251125	7014611.00
2025/06/20	2.162	2.187	2.151	2.185	1943545	4221113.00
2025/06/23	2.186	2.195	2.152	2.171	2395000	5187084.00
2025/06/24	2.166	2.173	2.140	2.158	4223314	9116647.00
2025/06/25	2.152	2.175	2.146	2.171	1684714	3643675.00
2025/06/26	2.171	2.175	2.163	2.169	3071434	6664722.00
2025/06/27	2.169	2.175	2.158	2.172	1560405	3381653.00
2025/06/30	2.174	2.179	2.160	2.173	2271237	4922817.00
2025/07/01	2.168	2.175	2.165	2.175	1921865	4173718.00
2025/07/02	2.170	2.187	2.169	2.182	3197726	6969746.00
2025/07/03	2.173	2.179	2.163	2.170	2874176	6244333.00
2025/07/04	2.170	2.179	2.160	2.163	5564631	12044872.00
2025/07/07	2.163	2.167	2.154	2.160	1259427	2718931.00
2025/07/08	2.164	2.183	2.137	2.142	5817424	12514951.00
2025/07/09	2.140	2.151	2.135	2.137	3084486	6603563.00
2025/07/10	2.144	2.144	2.131	2.136	1777194	3794514.00
2025/07/11	2.135	2.145	2.129	2.142	1277080	2732990.00
2025/07/14	2.143	2.150	2.133	2.141	2853357	6105622.00
2025/07/15	2.141	2.145	2.137	2.144	1453468	3112265.00
2025/07/16	2.150	2.160	2.137	2.159	6154419	13268706.00
2025/07/17	2.157	2.165	2.150	2.161	2768469	5972675.00
2025/07/18	2.161	2.162	2.154	2.162	2407353	5198911.00
2025/07/21	2.161	2.161	2.122	2.141	6221191	13306293.00
2025/07/22	2.138	2.138	2.130	2.134	1966337	4192112.00
2025/07/23	2.134	2.134	2.102	2.109	4020172	8505265.00
2025/07/24	2.112	2.122	2.101	2.122	2697909	5710335.00
2025/07/25	2.122	2.122	2.117	2.122	848920	1799766.00
2025/07/28	2.122	2.127	2.112	2.124	4363287	9250143.00
2025/07/29	2.125	2.133	2.121	2.131	2099910	4471004.00
2025/07/30	2.131	2.140	2.125	2.139	3844886	8207587.00
2025/07/31	2.131	2.144	2.131	2.143	1630545	3486384.00
2025/08/01	2.143	2.143	2.132	2.134	3001393	6405773.00
2025/08/04	2.138	2.138	2.125	2.130	1715018	3651260.00
2025/08/05	2.131	2.131	2.123	2.127	1248611	2655324.00
2025/08/06	2.127	2.130	2.120	2.130	1721782	3663414.00
2025/08/07	2.126	2.143	2.126	2.140	5311100	11359502.00
2025/08/08	2.140	2.144	2.132	2.139	1611715	3445117.00
2025/08/11	2.129	2.157	2.129	2.154	2969880	6374129.00
2025/08/12	2.155	2.155	2.144	2.145	1899152	4079452.00
2025/08/13	2.143	2.170	2.140	2.153	4672897	10055992.00
2025/08/14	2.151	2.160	2.140	2.146	5913520	12697792.00
2025/08/15	2.146	2.149	2.126	2.131	1452648	3098190.00
2025/08/18	2.129	2.130	2.104	2.108	3397509	7176564.00
2025/08/19	2.108	2.112	2.077	2.087	7256328	15136607.00
2025/08/20	2.086	2.105	2.078	2.104	2315851	4855866.00
2025/08/21	2.100	2.124	2.094	2.118	2131745	4488938.00
2025/08/22	2.118	2.136	2.104	2.109	2503148	5281480.00
2025/08/25	2.101	2.133	2.100	2.129	2575754	5461717.00
2025/08/26	2.125	2.137	2.121	2.136	2032606	4330224.00
2025/08/27	2.136	2.136	2.126	2.133	1478966	3151217.00
2025/08/28	2.134	2.134	2.114	2.121	1215062	2577449.00
2025/08/29	2.126	2.126	2.113	2.120	726106	1538104.00
2025/09/01	2.119	2.122	2.106	2.121	734905	1555612.00
2025/09/02	2.120	2.124	2.106	2.121	1540984	3265696.00
2025/09/03	2.121	2.131	2.112	2.125	1308108	2781650.00
2025/09/04	2.107	2.118	2.096	2.117	1756348	3687472.00
2025/09/05	2.118	2.118	2.101	2.111	1823724	3842240.00
2025/09/08	2.114	2.114	2.096	2.100	1879170	3949851.00
2025/09/09	2.101	2.110	2.095	2.100	817657	1714848.00
2025/09/10	2.107	2.108	2.094	2.099	1004573	2109610.00
2025/09/11	2.101	2.104	2.092	2.103	4342879	9111786.00
2025/09/12	2.096	2.104	2.091	2.104	2957404	6203224.00
2025/09/15	2.103	2.122	2.093	2.121	3138807	6635968.00
2025/09/16	2.120	2.126	2.104	2.116	2688355	5683845.00
2025/09/17	2.113	2.113	2.101	2.109	1101048	2319164.00
2025/09/18	2.109	2.109	2.101	2.106	1405973	2958032.00
2025/09/19	2.105	2.114	2.104	2.109	2104068	4437347.00
2025/09/22	2.109	2.111	2.099	2.108	1401949	2954037.00
2025/09/23	2.108	2.108	2.092	2.101	2099819	4399333.00
2025/09/24	2.094	2.103	2.088	2.097	1323078	2768527.00
2025/09/25	2.100	2.107	2.090	2.100	2601489	5462819.00
2025/09/26	2.100	2.107	2.094	2.102	2476425	5206305.00
2025/09/29	2.102	2.102	2.095	2.099	1811335	3797878.00
2025/09/30	2.097	2.100	2.091	2.095	722972	1514671.00
2025/10/09	2.091	2.095	2.072	2.092	4114776	8555802.00
2025/10/10	2.082	2.090	2.070	2.078	2160630	4495460.00
2025/10/13	2.071	2.079	2.071	2.075	1080693	2243404.00
2025/10/14	2.072	2.077	2.062	2.068	5831272	12073482.00
2025/10/15	2.068	2.071	2.060	2.069	1724182	3560771.00
2025/10/16	2.069	2.073	2.063	2.070	4538350	9388603.00
2025/10/17	2.066	2.078	2.058	2.068	6552476	13542919.00
2025/10/20	2.068	2.070	2.039	2.049	6562192	13437824.00
2025/10/21	2.048	2.050	2.033	2.039	4688801	9563700.00
2025/10/22	2.040	2.042	2.013	2.017	3294630	6662772.00
2025/10/23	2.017	2.025	2.011	2.015	5900561	11890128.00
2025/10/24	2.015	2.033	2.006	2.018	3396108	6862130.00
2025/10/27	2.018	2.026	2.012	2.021	7828974	15822907.00
2025/10/28	2.021	2.070	2.020	2.063	4001594	8145849.00
2025/10/29	2.053	2.085	2.045	2.080	4993479	10330362.00
2025/10/30	2.080	2.083	2.062	2.079	3785609	7864628.00
2025/10/31	2.079	2.081	2.062	2.065	4804739	9939270.00
2025/11/03	2.067	2.073	2.045	2.045	4392259	9027472.00
2025/11/04	2.045	2.048	2.040	2.040	1288632	2630570.00
2025/11/05	2.040	2.052	2.033	2.050	1974196	4042205.00
2025/11/06	2.051	2.058	2.036	2.040	2203064	4501580.00
2025/11/07	2.040	2.047	2.035	2.043	354918	723001.00
2025/11/10	2.043	2.043	2.033	2.038	1149970	2342839.00
2025/11/11	2.038	2.042	2.036	2.038	602568	1227899.00
2025/11/12	2.037	2.045	2.034	2.042	2516720	5130007.00
2025/11/13	2.036	2.049	2.031	2.036	3243758	6602431.00
2025/11/14	2.037	2.041	2.034	2.039	2824953	5756987.00
2025/11/17	2.033	2.038	2.030	2.033	1181199	2402259.00
2025/11/18	2.030	2.036	2.025	2.031	1384061	2811162.00
2025/11/19	2.031	2.033	2.025	2.029	1014519	2055532.00
2025/11/20	2.030	2.030	2.020	2.022	942313	1906300.00
2025/11/21	2.022	2.022	2.011	2.021	2335672	4713296.00
2025/11/24	2.020	2.021	2.007	2.009	3362015	6758701.00
2025/11/25	2.009	2.013	2.006	2.007	1670349	3357586.00
2025/11/26	2.007	2.023	2.007	2.022	1187741	2392297.00
2025/11/27	2.022	2.022	2.014	2.017	244756	493581.00
2025/11/28	2.020	2.021	2.008	2.015	2237728	4503034.00
2025/12/01	2.016	2.017	2.008	2.009	357194	718263.00
2025/12/02	2.009	2.015	2.006	2.007	1468008	2947746.00
2025/12/03	2.007	2.010	2.002	2.010	324312	651415.00
2025/12/04	2.010	2.013	1.984	1.988	3035057	6054667.00
2025/12/05	1.988	1.989	1.960	1.966	5633525	11084281.00
2025/12/08	1.966	1.982	1.961	1.980	1831525	3608082.00
2025/12/09	1.980	1.991	1.970	1.990	1134316	2252256.00
2025/12/10	1.990	1.995	1.972	1.987	2187392	4326881.00
2025/12/11	1.986	1.986	1.972	1.974	2027971	4005419.00
2025/12/12	1.974	1.977	1.963	1.974	1033526	2038499.00
2025/12/15	1.974	1.983	1.962	1.963	1221083	2402454.00
2025/12/16	1.963	1.971	1.961	1.962	319232	626332.00
2025/12/17	1.962	1.973	1.950	1.958	538774	1054385.00
2025/12/18	1.958	1.961	1.950	1.951	403560	787971.00
2025/12/19	1.951	1.958	1.951	1.955	366337	716191.00
2025/12/22	1.954	1.969	1.953	1.955	1057042	2067423.00
2025/12/23	1.954	1.956	1.946	1.952	1367210	2664134.00
2025/12/24	1.952	1.968	1.947	1.968	649089	1272467.00
2025/12/25	1.967	2.004	1.958	2.000	2759684	5495886.00
2025/12/26	1.999	2.000	1.992	1.993	510712	1017757.00
2025/12/29	1.992	1.995	1.986	1.987	193452	384780.00
2025/12/30	1.987	1.989	1.970	1.976	315708	624940.00
2025/12/31	1.971	1.979	1.962	1.965	269615	530229.00
2026/01/05	1.965	1.994	1.961	1.982	5314799	10551404.00
2026/01/06	1.980	2.000	1.978	1.996	7176036	14268228.00
2026/01/07	1.995	2.001	1.986	2.000	5547604	11073497.00
2026/01/08	2.000	2.003	1.991	2.000	8781245	17557096.00
2026/01/09	2.000	2.003	1.992	2.000	4656162	9311290.00
2026/01/12	2.000	2.002	1.991	2.001	1390475	2777288.00
2026/01/13	2.000	2.000	1.988	1.990	1693857	3373932.00
2026/01/14	1.989	1.989	1.973	1.984	1257163	2491961.00
2026/01/15	1.984	1.989	1.978	1.982	457177	905680.00
2026/01/16	1.976	1.986	1.976	1.983	396748	786335.00
2026/01/19	1.982	1.983	1.970	1.973	850095	1678080.00
2026/01/20	1.973	1.980	1.972	1.977	744316	1471796.00
2026/01/21	1.976	1.981	1.973	1.981	1378591	2725504.00
2026/01/22	1.978	1.986	1.974	1.984	591242	1172306.00
2026/01/23	1.984	2.012	1.984	2.010	3874849	7761818.00
2026/01/26	2.011	2.012	1.994	1.997	895922	1790295.00
2026/01/27	1.996	2.010	1.990	2.000	1846166	3690585.00
2026/01/28	2.002	2.007	1.992	1.999	830939	1658453.00
2026/01/29	1.993	2.004	1.993	2.003	984331	1968443.00
2026/01/30	2.001	2.003	1.991	1.995	969823	1934278.00
2026/02/02	1.990	1.995	1.987	1.992	1794878	3571591.00
2026/02/03	1.991	2.002	1.990	2.000	2555657	5111268.00
2026/02/04	1.996	2.000	1.995	2.000	529755	1058565.00
2026/02/05	2.000	2.002	1.995	2.000	1375319	2748942.00
2026/02/06	2.000	2.004	1.993	2.003	1534138	3068652.00
2026/02/09	2.003	2.009	1.997	2.004	1420868	2846965.00
2026/02/10	2.013	2.013	2.002	2.002	528435	1059942.00
2026/02/11	1.997	2.010	1.997	2.002	528642	1058000.00
2026/02/12	1.999	2.004	1.999	2.000	2225593	4452001.00
2026/02/13	2.000	2.005	1.992	1.993	1262736	2524695.00
2026/02/24	1.997	1.997	1.990	1.994	1371761	2735359.00
2026/02/25	1.994	2.004	1.993	1.996	8238651	16463450.00
2026/02/26	1.996	2.002	1.982	1.996	6308205	12582059.00
2026/02/27	1.995	1.999	1.987	1.989	872343	1735702.00
2026/03/02	1.987	2.002	1.980	2.000	2533260	5038805.00
2026/03/03	2.000	2.000	1.991	1.999	877102	1750363.00
2026/03/04	1.999	1.999	1.991	1.992	595338	1186622.00
2026/03/05	1.992	1.999	1.980	1.984	1637003	3249645.00
2026/03/06	1.989	1.989	1.958	1.965	1712146	3374824.00
2026/03/09	1.961	1.975	1.960	1.970	6063920	11920329.00
2026/03/10	1.970	1.980	1.966	1.979	2055959	4056816.00
2026/03/11	1.977	1.982	1.970	1.975	618890	1221510.00
2026/03/12	1.974	1.974	1.966	1.970	308061	606855.00
2026/03/13	1.968	1.970	1.965	1.970	1499253	2951324.00
2026/03/16	1.970	1.970	1.958	1.960	1604890	3149064.00
2026/03/17	1.960	1.966	1.960	1.964	286557	562466.00
2026/03/18	1.961	1.969	1.960	1.968	453291	891199.00
2026/03/19	1.968	1.972	1.956	1.963	935923	1839709.00
2026/03/20	1.960	1.964	1.955	1.962	1329036	2607400.00
2026/03/23	1.964	1.965	1.935	1.941	2691749	5240434.00
2026/03/24	1.941	1.945	1.931	1.939	780988	1511004.00
2026/04/03	1.937	1.943	1.933	1.935	688830	1334241.00
#鑒앴윱都:繫댐斤
