508058 櫓쏜衢쳔갛앙REIT 휑窟 꼇릿홈
      휑퍅	    역턍	    離멕	    離됴	    澗턍	    냥슥좆	    냥슥띨
2022/08/31	3.380	3.380	3.304	3.380	33592635	113169712.00
2022/09/01	3.381	3.690	3.380	3.457	29425704	102164232.00
2022/09/02	3.466	3.483	3.407	3.420	7269431	24898220.00
2022/09/05	3.420	3.430	3.391	3.400	2213642	7531431.00
2022/09/06	3.401	3.405	3.380	3.388	3477468	11789012.00
2022/09/07	3.389	3.400	3.366	3.394	1831152	6212445.00
2022/09/08	3.370	3.400	3.370	3.390	3404798	11547386.00
2022/09/09	3.391	3.438	3.380	3.429	4182231	14235004.00
2022/09/13	3.439	3.459	3.403	3.447	3443543	11863296.00
2022/09/14	3.447	3.470	3.420	3.454	4295074	14821948.00
2022/09/15	3.455	3.480	3.436	3.454	2537046	8749355.00
2022/09/16	3.450	3.470	3.443	3.448	1956555	6748870.00
2022/09/19	3.450	3.469	3.443	3.445	1910797	6595266.00
2022/09/20	3.444	3.455	3.425	3.440	906809	3124893.00
2022/09/21	3.440	3.450	3.424	3.428	1837660	6307806.00
2022/09/22	3.429	3.444	3.420	3.443	1961824	6742378.00
2022/09/23	3.444	3.459	3.440	3.455	4165111	14378283.00
2022/09/26	3.457	3.463	3.455	3.461	3501562	12116989.00
2022/09/27	3.462	3.467	3.435	3.453	4542641	15677120.00
2022/09/28	3.450	3.468	3.418	3.460	2062339	7123515.00
2022/09/29	3.459	3.460	3.448	3.453	1053028	3635690.00
2022/09/30	3.447	3.461	3.435	3.446	1891674	6522957.00
2022/10/10	3.445	3.445	3.390	3.403	2741495	9355478.00
2022/10/11	3.414	3.414	3.330	3.349	4260459	14298026.00
2022/10/12	3.335	3.360	3.331	3.344	1519444	5076373.00
2022/10/13	3.344	3.355	3.338	3.346	1926359	6444354.00
2022/10/14	3.346	3.366	3.339	3.351	1307256	4378581.00
2022/10/17	3.351	3.355	3.334	3.337	2268862	7586761.00
2022/10/18	3.337	3.355	3.336	3.338	1955886	6540693.00
2022/10/19	3.337	3.343	3.317	3.317	1569645	5228653.00
2022/10/20	3.314	3.329	3.281	3.291	1828245	6034393.00
2022/10/21	3.290	3.299	3.251	3.261	2054081	6705852.00
2022/10/24	3.256	3.280	3.206	3.227	1722365	5589188.00
2022/10/25	3.217	3.217	3.160	3.189	3005978	9549680.00
2022/10/26	3.184	3.194	3.175	3.177	927421	2952389.00
2022/10/27	3.177	3.192	3.172	3.184	1272520	4051130.00
2022/10/28	3.181	3.239	3.173	3.237	3477226	11071961.00
2022/10/31	3.235	3.236	3.178	3.183	3834861	12227639.00
2022/11/01	3.180	3.216	3.161	3.192	2640584	8428698.00
2022/11/02	3.181	3.238	3.181	3.216	2067597	6649468.00
2022/11/03	3.216	3.270	3.216	3.261	5350389	17402672.00
2022/11/04	3.261	3.321	3.261	3.304	2200689	7262351.00
2022/11/07	3.304	3.309	3.282	3.298	3886842	12820966.00
2022/11/08	3.299	3.307	3.208	3.276	1970924	6471353.00
2022/11/09	3.276	3.286	3.224	3.260	2865091	9331476.00
2022/11/10	3.245	3.271	3.234	3.263	1720290	5614432.00
2022/11/11	3.263	3.284	3.245	3.277	1623860	5313341.00
2022/11/14	3.279	3.290	3.255	3.278	2339840	7668785.00
2022/11/15	3.276	3.279	3.256	3.267	1221789	3991133.00
2022/11/16	3.260	3.278	3.190	3.205	2250686	7294283.00
2022/11/17	3.205	3.229	3.150	3.176	3823431	12146307.00
2022/11/18	3.176	3.192	3.133	3.157	3992582	12554590.00
2022/11/21	3.155	3.186	3.130	3.156	5499396	17386012.00
2022/11/22	3.156	3.165	3.135	3.139	2608105	8212416.00
2022/11/23	3.140	3.165	3.130	3.139	1729992	5428863.00
2022/11/24	3.136	3.167	3.123	3.135	2609429	8187654.00
2022/11/25	3.125	3.157	3.125	3.137	2395143	7519679.00
2022/11/28	3.136	3.142	3.124	3.136	2266252	7103176.00
2022/11/29	3.135	3.153	3.130	3.147	2046635	6434067.00
2022/11/30	3.147	3.162	3.144	3.150	1980892	6237306.00
2022/12/01	3.145	3.174	3.145	3.166	3501836	11060605.00
2022/12/02	3.166	3.190	3.122	3.183	2395173	7613362.00
2022/12/05	3.183	3.213	3.163	3.200	4198507	13419757.00
2022/12/06	3.201	3.209	3.180	3.197	2095877	6701314.00
2022/12/07	3.197	3.197	3.167	3.173	1746093	5545257.00
2022/12/08	3.173	3.181	3.169	3.170	961588	3051761.00
2022/12/09	3.170	3.175	3.151	3.157	1617107	5115887.00
2022/12/12	3.156	3.157	3.136	3.137	1623836	5106161.00
2022/12/13	3.130	3.136	3.120	3.124	2116427	6613373.00
2022/12/14	3.124	3.135	3.106	3.118	2088308	6511026.00
2022/12/15	3.115	3.122	3.086	3.112	1392933	4333630.00
2022/12/16	3.112	3.120	3.096	3.104	1433936	4450667.00
2022/12/19	3.104	3.111	3.101	3.107	2832515	8796824.00
2022/12/20	3.107	3.124	3.010	3.050	5067010	15522637.00
2022/12/21	3.067	3.067	2.952	2.991	3667402	11013469.00
2022/12/22	2.992	2.993	2.962	2.990	3642599	10841038.00
2022/12/23	3.044	3.044	2.781	3.005	3038296	9122136.00
2022/12/26	3.020	3.020	2.996	3.000	1778142	5338445.00
2022/12/27	3.024	3.024	2.701	2.976	1911265	5693708.00
2022/12/28	2.974	2.974	2.886	2.910	2936247	8567553.00
2022/12/29	2.935	2.935	2.860	2.890	3644582	10548752.00
2022/12/30	2.880	2.905	2.874	2.901	2143995	6190250.00
2023/01/03	2.904	2.904	2.859	2.880	1832542	5263189.00
2023/01/04	2.876	2.900	2.850	2.870	1580616	4538983.00
2023/01/05	2.870	2.890	2.801	2.853	2123970	6042230.00
2023/01/06	2.853	2.924	2.821	2.918	2872564	8238730.00
2023/01/09	2.918	2.918	2.892	2.912	1219360	3535784.00
2023/01/10	2.925	2.925	2.880	2.885	3620310	10481081.00
2023/01/11	2.885	2.900	2.830	2.831	4264084	12208279.00
2023/01/12	2.830	2.852	2.821	2.845	2199849	6244911.00
2023/01/13	2.846	2.860	2.817	2.832	2832570	8046894.00
2023/01/16	2.832	2.848	2.824	2.832	2596643	7351873.00
2023/01/17	2.834	2.834	2.809	2.817	1937799	5463827.00
2023/01/18	2.818	2.853	2.807	2.853	2793598	7905089.00
2023/01/19	2.857	2.858	2.822	2.849	3909872	11110379.00
2023/01/20	2.858	2.878	2.833	2.872	2411213	6888231.00
2023/01/30	2.867	2.908	2.867	2.894	3428069	9919274.00
2023/01/31	2.897	2.944	2.897	2.928	4394653	12850506.00
2023/02/01	2.928	2.973	2.928	2.964	5284616	15592430.00
2023/02/02	2.968	2.980	2.937	2.958	2110480	6239260.00
2023/02/03	2.958	2.971	2.950	2.968	3998212	11847677.00
2023/02/06	2.969	2.992	2.943	2.964	3620323	10770844.00
2023/02/07	2.964	2.972	2.946	2.959	3382851	10005921.00
2023/02/08	2.950	2.977	2.950	2.963	2195210	6509054.00
2023/02/09	2.963	2.972	2.950	2.966	2013689	5967346.00
2023/02/10	2.966	2.986	2.961	2.973	3016232	8973414.00
2023/02/13	2.973	2.988	2.973	2.983	1568486	4679577.00
2023/02/14	2.983	3.035	2.982	3.013	2545002	7649998.00
2023/02/15	3.014	3.044	3.000	3.010	3148682	9522778.00
2023/02/16	3.011	3.014	2.996	3.009	2063260	6200171.00
2023/02/17	3.009	3.032	2.986	3.020	3766196	11376450.00
2023/02/20	2.999	3.022	2.999	3.017	2628381	7931336.00
2023/02/21	3.018	3.039	3.017	3.017	3394301	10268639.00
2023/02/22	3.017	3.032	2.999	3.009	1690445	5092078.00
2023/02/23	3.023	3.023	2.982	2.999	1808859	5422937.00
2023/02/24	3.000	3.015	2.971	2.994	2182627	6521243.00
2023/02/27	2.987	2.995	2.970	2.982	1927742	5755127.00
2023/02/28	2.982	2.990	2.977	2.984	1846103	5504381.00
2023/03/01	2.984	2.999	2.900	2.971	2025302	6012257.00
2023/03/02	2.971	2.979	2.961	2.970	1073652	3189246.00
2023/03/03	2.970	2.974	2.960	2.964	1405113	4167151.00
2023/03/06	2.948	2.960	2.924	2.938	2905887	8552134.00
2023/03/07	2.934	2.944	2.916	2.922	2253011	6609740.00
2023/03/08	2.921	2.929	2.900	2.902	2070204	6024247.00
2023/03/09	2.900	2.915	2.887	2.905	2850442	8262267.00
2023/03/10	2.910	2.910	2.894	2.899	1653087	4799144.00
2023/03/13	2.898	2.916	2.870	2.902	3187934	9252934.00
2023/03/14	2.888	2.909	2.888	2.900	1093362	3170763.00
2023/03/15	2.903	2.909	2.899	2.905	3463915	10050049.00
2023/03/16	2.905	2.909	2.889	2.902	2709729	7864856.00
2023/03/17	2.902	2.911	2.897	2.898	1280774	3716705.00
2023/03/20	2.898	2.907	2.876	2.891	4235952	12251450.00
2023/03/21	2.891	2.891	2.877	2.885	1693806	4885387.00
2023/03/22	2.884	2.892	2.874	2.876	2231440	6428494.00
2023/03/23	2.870	2.878	2.866	2.874	1543654	4438905.00
2023/03/24	2.873	2.881	2.859	2.866	1884056	5406323.00
2023/03/27	2.864	2.897	2.864	2.872	2320195	6677290.00
2023/03/28	2.872	2.886	2.869	2.870	1614658	4645358.00
2023/03/29	2.870	2.956	2.856	2.856	1829305	5245743.00
2023/03/30	2.856	2.881	2.852	2.865	2882423	8250403.00
2023/03/31	2.867	2.908	2.857	2.886	2425199	6985385.00
2023/04/03	2.885	2.913	2.872	2.909	1608712	4670977.00
2023/04/04	2.909	2.935	2.908	2.915	1272944	3715054.00
2023/04/06	2.896	2.896	2.820	2.860	401057	1148335.00
2023/04/07	2.860	2.873	2.848	2.867	2466971	7060114.00
2023/04/10	2.867	2.930	2.853	2.857	688875	1971115.00
2023/04/11	2.858	2.858	2.834	2.843	1434335	4074404.00
2023/04/12	2.832	2.842	2.814	2.820	1234125	3485925.00
2023/04/13	2.805	2.849	2.791	2.822	1743922	4903750.00
2023/04/14	2.806	2.838	2.806	2.818	2367948	6680488.00
2023/04/17	2.819	2.843	2.810	2.839	1759201	4970078.00
2023/04/18	2.839	2.862	2.823	2.853	3515485	10025614.00
2023/04/19	2.853	2.866	2.828	2.842	1997710	5694017.00
2023/04/20	2.842	2.843	2.825	2.839	1382609	3916920.00
2023/04/21	2.838	2.863	2.811	2.828	2375348	6717085.00
2023/04/24	2.828	2.828	2.803	2.819	1243552	3499199.00
2023/04/25	2.802	2.819	2.802	2.819	773462	2178101.00
2023/04/26	2.818	2.818	2.804	2.808	306131	859909.00
2023/04/27	2.808	2.840	2.733	2.774	1299118	3634644.00
2023/04/28	2.762	2.776	2.702	2.766	1170888	3227252.00
2023/05/04	2.774	2.783	2.758	2.765	1370096	3793078.00
2023/05/05	2.775	2.781	2.744	2.763	1784708	4924669.00
2023/05/08	2.763	2.763	2.711	2.724	626525	1710288.00
2023/05/09	2.724	2.779	2.724	2.759	1714027	4721260.00
2023/05/10	2.761	2.810	2.759	2.799	1957524	5478216.00
2023/05/11	2.787	2.800	2.786	2.790	1405292	3927573.00
2023/05/12	2.786	2.806	2.753	2.798	1537021	4273511.00
2023/05/15	2.805	2.805	2.770	2.786	2138036	5966785.00
2023/05/16	2.774	2.806	2.764	2.784	1505362	4196700.00
2023/05/17	2.777	2.787	2.767	2.783	1394186	3874927.00
2023/05/18	2.767	2.779	2.741	2.777	2638188	7288567.00
2023/05/19	2.777	2.787	2.750	2.764	2444605	6756569.00
2023/05/22	2.756	2.764	2.738	2.756	3463561	9528737.00
2023/05/23	2.756	2.772	2.735	2.744	1510394	4151266.00
2023/05/24	2.732	2.740	2.703	2.723	2362770	6431448.00
2023/05/25	2.711	2.721	2.705	2.714	674341	1828693.00
2023/05/26	2.719	2.719	2.667	2.697	1947461	5231049.00
2023/05/29	2.697	2.707	2.685	2.705	372074	1003473.00
2023/05/30	2.702	2.702	2.674	2.692	640025	1717393.00
2023/05/31	2.685	2.697	2.667	2.673	407347	1089214.00
2023/06/01	2.673	2.681	2.600	2.648	2104114	5576329.00
2023/06/02	2.640	2.641	2.618	2.631	1784591	4689728.00
2023/06/05	2.630	2.630	2.555	2.561	2358952	6103416.00
2023/06/06	2.573	2.584	2.485	2.561	1215123	3052849.00
2023/06/07	2.561	2.584	2.446	2.580	5596398	14220303.00
2023/06/08	2.580	2.626	2.551	2.614	2823480	7330923.00
2023/06/09	2.613	2.613	2.590	2.600	2211539	5748917.00
2023/06/12	2.600	2.600	2.559	2.588	2208815	5677909.00
2023/06/13	2.584	2.584	2.552	2.558	1905157	4891150.00
2023/06/14	2.558	2.558	2.531	2.546	3079075	7833042.00
2023/06/15	2.546	2.562	2.533	2.562	2656584	6758921.00
2023/06/16	2.555	2.579	2.554	2.577	1735111	4438952.00
2023/06/19	2.578	2.587	2.567	2.570	1495971	3853758.00
2023/06/20	2.571	2.580	2.568	2.572	1295603	3331952.00
2023/06/21	2.572	2.588	2.568	2.586	731428	1884239.00
2023/06/26	2.556	2.570	2.551	2.565	461744	1184554.00
2023/06/27	2.565	2.575	2.554	2.558	1748650	4478884.00
2023/06/28	2.558	2.600	2.536	2.550	4286394	10944593.00
2023/06/29	2.559	2.561	2.510	2.546	3011557	7643961.00
2023/06/30	2.538	2.559	2.507	2.538	5045786	12747504.00
2023/07/03	2.540	2.567	2.514	2.527	4895753	12427081.00
2023/07/04	2.514	2.554	2.502	2.507	2557567	6434152.00
2023/07/05	2.503	2.534	2.486	2.498	2250497	5621777.00
2023/07/06	2.497	2.514	2.496	2.512	8473700	21210268.00
2023/07/07	2.512	2.581	2.502	2.566	9149372	23244324.00
2023/07/10	2.567	2.577	2.555	2.570	4130488	10603389.00
2023/07/11	2.570	2.573	2.558	2.572	1293220	3321846.00
2023/07/12	2.568	2.576	2.559	2.569	1366468	3505866.00
2023/07/13	2.569	2.598	2.567	2.597	3026071	7803005.00
2023/07/14	2.597	2.673	2.583	2.633	4974153	13090388.00
2023/07/17	2.633	2.686	2.627	2.662	7945546	21134932.00
2023/07/18	2.657	2.722	2.657	2.717	6037622	16258612.00
2023/07/19	2.718	2.718	2.650	2.669	6522564	17504696.00
2023/07/20	2.655	2.655	2.611	2.637	3049872	8007925.00
2023/07/21	2.634	2.694	2.622	2.657	4076876	10846372.00
2023/07/24	2.657	2.678	2.637	2.673	7505285	20005328.00
2023/07/25	2.673	2.735	2.673	2.730	7658701	20771418.00
2023/07/26	2.716	2.763	2.716	2.734	6700496	18328224.00
2023/07/27	2.734	2.749	2.708	2.716	4720656	12893673.00
2023/07/28	2.709	2.750	2.708	2.742	5642620	15398389.00
2023/07/31	2.742	2.794	2.742	2.782	4883077	13509604.00
2023/08/01	2.786	2.807	2.730	2.749	8759252	24238916.00
2023/08/02	2.749	2.774	2.728	2.747	6369514	17524956.00
2023/08/03	2.740	2.767	2.717	2.727	4793979	13136586.00
2023/08/04	2.725	2.745	2.720	2.743	2675920	7314671.00
2023/08/07	2.742	2.767	2.730	2.750	4142351	11394993.00
2023/08/08	2.736	2.777	2.736	2.758	15406665	42470608.00
2023/08/09	2.769	2.794	2.758	2.783	5424718	15064482.00
2023/08/10	2.772	2.835	2.772	2.808	7323041	20572980.00
2023/08/11	2.817	2.822	2.791	2.800	9164621	25707552.00
2023/08/14	2.797	2.797	2.762	2.797	4565564	12654726.00
2023/08/15	2.776	2.826	2.776	2.825	9479567	26690744.00
2023/08/16	2.825	2.830	2.807	2.816	2390348	6721109.00
2023/08/17	2.800	2.819	2.790	2.804	7251668	20302844.00
2023/08/18	2.809	2.826	2.784	2.811	8033678	22496968.00
2023/08/21	2.820	2.820	2.783	2.808	4035840	11295964.00
2023/08/22	2.801	2.813	2.774	2.787	2477014	6920884.00
2023/08/23	2.787	2.788	2.769	2.771	5344080	14842070.00
2023/08/24	2.769	2.778	2.726	2.769	5241524	14464268.00
2023/08/25	2.759	2.789	2.736	2.787	6635775	18310348.00
2023/08/28	2.788	2.824	2.776	2.798	4329160	12110412.00
2023/08/29	2.804	2.804	2.761	2.789	4167620	11571635.00
2023/08/30	2.779	2.794	2.746	2.774	6847129	18962744.00
2023/08/31	2.763	2.784	2.755	2.771	7899674	21894976.00
2023/09/01	2.779	2.779	2.761	2.765	5145630	14248618.00
2023/09/04	2.771	2.771	2.750	2.768	4673049	12914312.00
2023/09/05	2.725	2.725	2.695	2.715	3825304	10349891.00
2023/09/06	2.704	2.714	2.704	2.708	3730688	10110931.00
2023/09/07	2.708	2.713	2.688	2.710	2736964	7414556.00
2023/09/08	2.709	2.724	2.702	2.717	7431599	20168544.00
2023/09/11	2.717	2.727	2.717	2.722	6085331	16565150.00
2023/09/12	2.726	2.729	2.707	2.714	5388965	14653051.00
2023/09/13	2.716	2.718	2.706	2.715	3228071	8759026.00
2023/09/14	2.714	2.723	2.707	2.715	3058860	8309371.00
2023/09/15	2.714	2.715	2.702	2.705	4822399	13059907.00
2023/09/18	2.701	2.707	2.688	2.695	7277441	19633200.00
2023/09/19	2.687	2.699	2.683	2.689	3426680	9215194.00
2023/09/20	2.682	2.692	2.680	2.687	3186059	8559619.00
2023/09/21	2.678	2.694	2.678	2.689	1984862	5325876.00
2023/09/22	2.677	2.696	2.668	2.681	3572798	9561112.00
2023/09/25	2.675	2.687	2.666	2.681	2912701	7802681.00
2023/09/26	2.675	2.689	2.671	2.680	2313438	6195400.00
2023/09/27	2.679	2.698	2.666	2.691	1712139	4595060.00
2023/09/28	2.690	2.720	2.687	2.716	3078981	8356120.00
2023/10/09	2.710	2.726	2.697	2.715	2198003	5967027.00
2023/10/10	2.714	2.718	2.705	2.715	1394067	3783739.00
2023/10/11	2.715	2.715	2.700	2.709	1603473	4340999.00
2023/10/12	2.705	2.716	2.691	2.714	2667907	7215387.00
2023/10/13	2.704	2.712	2.684	2.697	2048941	5531036.00
2023/10/16	2.686	2.698	2.663	2.685	2562690	6875958.00
2023/10/17	2.684	2.687	2.606	2.681	4495257	11875871.00
2023/10/18	2.678	2.678	2.607	2.658	4106586	10848435.00
2023/10/19	2.662	2.662	2.600	2.642	3381882	8862677.00
2023/10/20	2.630	2.640	2.565	2.590	2165594	5613137.00
2023/10/23	2.578	2.585	2.520	2.539	2396597	6090202.00
2023/10/24	2.538	2.592	2.522	2.591	2904434	7460335.00
2023/10/25	2.592	2.644	2.591	2.609	3361438	8812476.00
2023/10/26	2.610	2.646	2.583	2.611	3152204	8199810.00
2023/10/27	2.597	2.622	2.597	2.610	1852688	4833923.00
2023/10/30	2.610	2.626	2.591	2.598	3135742	8182663.00
2023/10/31	2.603	2.603	2.578	2.593	1596355	4134234.00
2023/11/01	2.593	2.604	2.571	2.582	2002096	5162877.00
2023/11/02	2.582	2.582	2.546	2.572	2834686	7261696.00
2023/11/03	2.572	2.598	2.551	2.554	3528877	9044953.00
2023/11/06	2.551	2.579	2.531	2.576	3491025	8915309.00
2023/11/07	2.566	2.609	2.535	2.574	3494186	8933252.00
2023/11/08	2.578	2.629	2.562	2.628	4584872	11853603.00
2023/11/09	2.625	2.669	2.601	2.661	4482070	11862032.00
2023/11/10	2.656	2.669	2.629	2.642	2674448	7089896.00
2023/11/13	2.639	2.652	2.619	2.640	2200110	5791419.00
2023/11/14	2.638	2.670	2.623	2.660	3034469	8067954.00
2023/11/15	2.667	2.669	2.637	2.660	2141988	5685696.00
2023/11/16	2.659	2.663	2.627	2.652	1321792	3499983.00
2023/11/17	2.651	2.660	2.628	2.657	2505402	6643203.00
2023/11/20	2.660	2.664	2.627	2.661	3254219	8639263.00
2023/11/21	2.659	2.671	2.631	2.662	3893972	10359594.00
2023/11/22	2.659	2.663	2.634	2.656	2929141	7757560.00
2023/11/23	2.644	2.654	2.626	2.652	3595224	9485259.00
2023/11/24	2.649	2.663	2.578	2.651	4004957	10458053.00
2023/11/27	2.639	2.639	2.557	2.593	3306562	8554597.00
2023/11/28	2.581	2.640	2.558	2.602	4033554	10417003.00
2023/11/29	2.602	2.655	2.552	2.594	3614920	9362576.00
2023/11/30	2.595	2.639	2.584	2.598	6499482	16928400.00
2023/12/01	2.600	2.639	2.566	2.592	2730083	7066778.00
2023/12/04	2.596	2.598	2.570	2.598	6946481	17975834.00
2023/12/05	2.598	2.630	2.560	2.597	4150295	10743293.00
2023/12/06	2.596	2.622	2.572	2.590	3840298	9955704.00
2023/12/07	2.597	2.597	2.551	2.551	3381584	8691529.00
2023/12/08	2.551	2.570	2.493	2.503	4033741	10153443.00
2023/12/11	2.502	2.506	2.474	2.504	5073343	12654421.00
2023/12/12	2.504	2.540	2.487	2.522	3148377	7909062.00
2023/12/13	2.511	2.590	2.511	2.530	3043348	7678297.00
2023/12/14	2.530	2.541	2.491	2.527	3402384	8571605.00
2023/12/15	2.515	2.533	2.479	2.510	4801662	12051677.00
2023/12/18	2.500	2.520	2.492	2.511	3512506	8816855.00
2023/12/19	2.509	2.539	2.462	2.506	3029928	7523206.00
2023/12/20	2.485	2.522	2.476	2.512	2046462	5096034.00
2023/12/21	2.516	2.578	2.495	2.558	6398543	16363153.00
2023/12/22	2.558	2.616	2.553	2.579	8782450	22793084.00
2023/12/25	2.578	2.610	2.549	2.592	2456460	6332188.00
2023/12/26	2.590	2.616	2.562	2.589	7743375	20120308.00
2023/12/27	2.585	2.623	2.560	2.580	3789203	9769375.00
2023/12/28	2.578	2.607	2.501	2.600	2418977	6244385.00
2023/12/29	2.602	2.660	2.582	2.625	2030502	5296413.00
2024/01/02	2.622	2.660	2.588	2.589	2978381	7811435.00
2024/01/03	2.582	2.626	2.535	2.586	4091805	10659114.00
2024/01/04	2.577	2.621	2.534	2.553	1806865	4632135.00
2024/01/05	2.562	2.577	2.521	2.562	5457717	13884581.00
2024/01/08	2.558	2.582	2.529	2.562	3386244	8648748.00
2024/01/09	2.567	2.600	2.462	2.499	3900366	9896178.00
2024/01/10	2.499	2.540	2.400	2.460	6595446	16107659.00
2024/01/11	2.443	2.475	2.443	2.447	5511216	13533634.00
2024/01/12	2.443	2.476	2.388	2.417	3983923	9603991.00
2024/01/15	2.412	2.434	2.400	2.430	4811818	11577728.00
2024/01/16	2.423	2.469	2.420	2.460	5562344	13615455.00
2024/01/17	2.460	2.508	2.427	2.495	7309610	18188972.00
2024/01/18	2.497	2.505	2.456	2.479	4051278	10032693.00
2024/01/19	2.479	2.519	2.441	2.499	6377074	15853987.00
2024/01/22	2.504	2.504	2.443	2.493	5316940	13200182.00
2024/01/23	2.492	2.514	2.456	2.493	5283414	13174649.00
2024/01/24	2.493	2.514	2.468	2.498	5666980	14136242.00
2024/01/25	2.498	2.525	2.482	2.521	7623350	19098848.00
2024/01/26	2.516	2.529	2.500	2.516	4622254	11619105.00
2024/01/29	2.509	2.518	2.498	2.517	4368960	10958065.00
2024/01/30	2.516	2.523	2.481	2.507	3843523	9642115.00
2024/01/31	2.514	2.514	2.487	2.496	4502966	11254963.00
2024/02/01	2.487	2.512	2.452	2.501	3834406	9513499.00
2024/02/02	2.501	2.519	2.460	2.516	6533773	16282279.00
2024/02/05	2.511	2.577	2.486	2.505	5710173	14300914.00
2024/02/06	2.504	2.516	2.451	2.516	3658998	9091055.00
2024/02/07	2.508	2.539	2.476	2.517	5569208	14044358.00
2024/02/08	2.509	2.578	2.491	2.573	10634349	26992828.00
2024/02/19	2.568	2.655	2.541	2.640	10228073	26828346.00
2024/02/20	2.625	2.687	2.602	2.662	5158854	13673839.00
2024/02/21	2.659	2.659	2.617	2.656	6503545	17205106.00
2024/02/22	2.640	2.684	2.636	2.680	5621759	14884009.00
2024/02/23	2.675	2.722	2.641	2.695	11454773	30868924.00
2024/02/26	2.694	2.729	2.680	2.704	13624186	36835924.00
2024/02/27	2.701	2.719	2.660	2.702	8856727	23862678.00
2024/02/28	2.697	2.704	2.640	2.700	4012516	10810645.00
2024/02/29	2.686	2.722	2.653	2.713	5784300	15668795.00
2024/03/01	2.713	2.747	2.677	2.741	10461164	28562940.00
2024/03/04	2.736	2.824	2.704	2.810	11191784	31261930.00
2024/03/05	2.803	2.849	2.778	2.790	9226650	25903252.00
2024/03/06	2.790	2.804	2.758	2.776	5879810	16304660.00
2024/03/07	2.766	2.800	2.758	2.769	6052339	16764306.00
2024/03/08	2.756	2.798	2.751	2.767	7852635	21668284.00
2024/03/11	2.756	2.830	2.727	2.772	3637320	10078847.00
2024/03/12	2.772	2.784	2.758	2.768	3586767	9921275.00
2024/03/13	2.757	2.773	2.750	2.754	3352737	9251315.00
2024/03/14	2.750	2.785	2.715	2.747	2151498	5925839.00
2024/03/15	2.747	2.768	2.713	2.750	3547652	9729618.00
2024/03/18	2.745	2.753	2.728	2.751	3088474	8479743.00
2024/03/19	2.744	2.759	2.720	2.724	3572761	9755839.00
2024/03/20	2.724	2.729	2.677	2.699	4293580	11632869.00
2024/03/21	2.699	2.734	2.639	2.680	5401711	14541349.00
2024/03/22	2.679	2.696	2.625	2.637	5703182	15071992.00
2024/03/25	2.637	2.664	2.612	2.634	4556376	11976305.00
2024/03/26	2.626	2.667	2.601	2.662	4227392	11205650.00
2024/03/27	2.662	2.708	2.648	2.697	4958844	13345727.00
2024/03/28	2.697	2.750	2.680	2.699	3661545	9898203.00
2024/03/29	2.699	2.720	2.676	2.682	1897372	5114856.00
2024/04/01	2.690	2.690	2.670	2.684	792751	2124003.00
2024/04/02	2.684	2.716	2.624	2.690	9398392	25181328.00
2024/04/03	2.637	2.665	2.624	2.646	8190757	21708564.00
2024/04/08	2.646	2.656	2.620	2.656	3184406	8410196.00
2024/04/09	2.660	2.695	2.656	2.676	3298921	8794354.00
2024/04/10	2.676	2.700	2.644	2.700	5841985	15653238.00
2024/04/11	2.698	2.725	2.670	2.708	3141663	8492867.00
2024/04/12	2.696	2.718	2.677	2.708	4954693	13380781.00
2024/04/15	2.708	2.722	2.678	2.696	3633791	9804170.00
2024/04/16	2.692	2.696	2.676	2.691	2708465	7287917.00
2024/04/17	2.690	2.714	2.649	2.709	5958892	16064507.00
2024/04/18	2.715	2.724	2.683	2.708	2823280	7640216.00
2024/04/19	2.706	2.721	2.673	2.721	3014561	8159772.00
2024/04/22	2.716	2.774	2.700	2.769	4412564	12146279.00
2024/04/23	2.769	2.798	2.737	2.795	7502573	20822484.00
2024/04/24	2.790	2.820	2.776	2.809	9716820	27285656.00
2024/04/25	2.812	2.853	2.780	2.850	7337784	20728132.00
2024/04/26	2.850	2.888	2.832	2.878	5271566	15124117.00
2024/04/29	2.883	2.883	2.823	2.823	14529881	41294232.00
2024/04/30	2.803	2.822	2.781	2.793	5717067	16026978.00
2024/05/06	2.793	2.810	2.759	2.798	3867001	10780591.00
2024/05/07	2.798	2.843	2.770	2.830	7589296	21472080.00
2024/05/08	2.826	2.859	2.826	2.847	4975823	14149413.00
2024/05/09	2.836	2.879	2.834	2.859	2748922	7846462.00
2024/05/10	2.859	2.878	2.831	2.858	3053217	8727972.00
2024/05/13	2.856	2.873	2.830	2.859	3066317	8752411.00
2024/05/14	2.859	2.886	2.834	2.842	5388024	15344339.00
2024/05/15	2.841	2.861	2.804	2.847	3776957	10741295.00
2024/05/16	2.840	2.854	2.825	2.848	2556871	7262905.00
2024/05/17	2.848	2.850	2.814	2.848	2243159	6375480.00
2024/05/20	2.848	2.858	2.811	2.833	5320784	15051401.00
2024/05/21	2.817	2.883	2.812	2.832	5063894	14348628.00
2024/05/22	2.830	2.855	2.802	2.834	5958769	16854042.00
2024/05/23	2.836	2.850	2.805	2.836	4525206	12778663.00
2024/05/24	2.821	2.880	2.804	2.836	4550678	12958157.00
2024/05/27	2.836	2.847	2.811	2.824	3822338	10816507.00
2024/05/28	2.821	2.831	2.794	2.821	4722165	13306794.00
2024/05/29	2.821	2.847	2.797	2.819	7092336	19917154.00
2024/05/30	2.811	2.827	2.780	2.804	8653413	24202946.00
2024/05/31	2.804	2.815	2.788	2.810	3136677	8795263.00
2024/06/03	2.801	2.836	2.796	2.828	2876444	8124127.00
2024/06/04	2.826	2.828	2.799	2.820	5297699	14898559.00
2024/06/05	2.820	2.865	2.803	2.856	3129204	8836492.00
2024/06/06	2.850	2.900	2.820	2.890	3834008	11031632.00
2024/06/07	2.856	2.920	2.856	2.909	3307196	9609389.00
2024/06/11	2.901	2.919	2.856	2.909	4114835	11922145.00
2024/06/12	2.891	2.914	2.891	2.904	2820826	8194861.00
2024/06/13	2.904	2.950	2.866	2.920	4140807	12030942.00
2024/06/14	2.893	2.977	2.882	2.963	4407756	12940833.00
2024/06/17	2.938	2.985	2.931	2.961	2756564	8162976.00
2024/06/18	2.946	2.975	2.933	2.955	2485723	7346814.00
2024/06/19	2.950	2.970	2.937	2.951	3984829	11733806.00
2024/06/20	2.956	2.956	2.930	2.953	3346667	9863925.00
2024/06/21	2.951	2.983	2.946	2.980	1384704	4105362.00
2024/06/24	2.966	3.002	2.952	2.980	2486958	7412813.00
2024/06/25	2.980	2.990	2.954	2.989	3068318	9128253.00
2024/06/26	2.986	2.999	2.966	2.990	3011737	8994894.00
2024/06/27	2.990	3.084	2.990	3.051	4612297	14065099.00
2024/06/28	3.051	3.086	3.021	3.029	6739572	20435964.00
2024/07/01	3.016	3.052	3.014	3.028	1316136	3989005.00
2024/07/02	3.027	3.094	3.006	3.075	3637508	11143529.00
2024/07/03	3.079	3.133	3.066	3.100	2208403	6833042.00
2024/07/04	3.100	3.100	3.057	3.093	2989191	9235022.00
2024/07/05	3.077	3.134	3.056	3.092	3268784	10132360.00
2024/07/08	3.086	3.101	3.041	3.057	2529571	7764638.00
2024/07/09	3.046	3.064	3.003	3.014	7304212	22056044.00
2024/07/10	3.002	3.047	3.002	3.041	7589961	22972300.00
2024/07/11	3.056	3.058	3.025	3.034	2010548	6100640.00
2024/07/12	3.034	3.066	3.019	3.049	4024204	12229875.00
2024/07/15	3.056	3.144	3.033	3.125	5616913	17310262.00
2024/07/16	3.121	3.169	3.096	3.147	8057174	25291136.00
2024/07/17	3.135	3.165	3.116	3.140	5081525	15945114.00
2024/07/18	3.124	3.190	3.118	3.184	3754274	11828507.00
2024/07/19	3.184	3.208	3.170	3.191	3066450	9777746.00
2024/07/22	3.184	3.201	3.146	3.176	4270843	13566781.00
2024/07/23	3.157	3.215	3.153	3.180	7365213	23404720.00
2024/07/24	3.180	3.210	3.160	3.197	2799930	8919273.00
2024/07/25	3.197	3.240	3.166	3.240	2521856	8099173.00
2024/07/26	3.240	3.355	3.210	3.295	6722561	22158264.00
2024/07/29	3.260	3.303	3.244	3.284	4719171	15443197.00
2024/07/30	3.259	3.370	3.259	3.347	7089992	23558142.00
2024/07/31	3.350	3.380	3.310	3.347	5512361	18391350.00
2024/08/01	3.331	3.377	3.319	3.346	2762437	9225724.00
2024/08/02	3.353	3.359	3.317	3.352	2922433	9764151.00
2024/08/05	3.356	3.420	3.340	3.393	4443989	14970747.00
2024/08/06	3.400	3.400	3.350	3.372	3013816	10180862.00
2024/08/07	3.366	3.400	3.342	3.395	3942402	13332064.00
2024/08/08	3.374	3.426	3.365	3.388	3066754	10372895.00
2024/08/09	3.371	3.378	3.327	3.361	4378839	14674243.00
2024/08/12	3.361	3.361	3.302	3.350	4529468	15134132.00
2024/08/13	3.346	3.368	3.316	3.347	2557239	8549973.00
2024/08/14	3.347	3.420	3.339	3.386	3335537	11286454.00
2024/08/15	3.392	3.392	3.332	3.367	3023614	10184556.00
2024/08/16	3.356	3.382	3.336	3.357	2188507	7357118.00
2024/08/19	3.346	3.367	3.311	3.348	3336894	11122829.00
2024/08/20	3.326	3.360	3.302	3.322	3560644	11847193.00
2024/08/21	3.296	3.346	3.258	3.277	3402659	11189321.00
2024/08/22	3.266	3.334	3.251	3.315	4108300	13514439.00
2024/08/23	3.315	3.336	3.304	3.323	2627955	8728579.00
2024/08/26	3.316	3.366	3.288	3.302	2760607	9131439.00
2024/08/27	3.302	3.346	3.260	3.327	5004700	16461767.00
2024/08/28	3.327	3.362	3.303	3.333	7449320	24843062.00
2024/08/29	3.333	3.353	3.281	3.320	11316789	37496996.00
2024/08/30	3.297	3.337	3.284	3.314	6089237	20111712.00
2024/09/02	3.313	3.384	3.298	3.370	4530363	15188846.00
2024/09/03	3.356	3.390	3.320	3.364	3050311	10224652.00
2024/09/04	3.322	3.322	3.218	3.267	7575635	24704394.00
2024/09/05	3.250	3.310	3.226	3.299	3161240	10355973.00
2024/09/06	3.295	3.318	3.266	3.303	2714869	8955085.00
2024/09/09	3.296	3.326	3.274	3.302	2709654	8922561.00
2024/09/10	3.302	3.315	3.261	3.290	1828688	6018967.00
2024/09/11	3.276	3.300	3.261	3.289	2050626	6732607.00
2024/09/12	3.276	3.293	3.251	3.280	2118080	6930202.00
2024/09/13	3.280	3.302	3.260	3.277	2435709	8006047.00
2024/09/18	3.266	3.291	3.231	3.268	2470050	8056225.00
2024/09/19	3.265	3.269	3.203	3.244	2848810	9237667.00
2024/09/20	3.244	3.252	3.209	3.237	3037508	9800166.00
2024/09/23	3.236	3.246	3.203	3.226	2339607	7539279.00
2024/09/24	3.232	3.290	3.195	3.251	1963055	6377855.00
2024/09/25	3.240	3.349	3.221	3.275	1943651	6322766.00
2024/09/26	3.275	3.319	3.267	3.313	2660595	8784151.00
2024/09/27	3.313	3.367	3.266	3.271	1867547	6203848.00
2024/09/30	3.265	3.265	3.136	3.221	5830914	18618036.00
2024/10/08	3.190	3.240	3.160	3.183	3570740	11370627.00
2024/10/09	3.176	3.247	3.123	3.125	3111149	9818907.00
2024/10/10	3.120	3.140	3.061	3.105	3685766	11423993.00
2024/10/11	3.096	3.188	3.086	3.185	2919571	9154662.00
2024/10/14	3.185	3.246	3.153	3.183	2943692	9388201.00
2024/10/15	3.180	3.195	3.130	3.142	4049096	12760246.00
2024/10/16	3.140	3.144	3.112	3.121	2794672	8725835.00
2024/10/17	3.107	3.137	3.097	3.132	4054973	12670393.00
2024/10/18	3.116	3.168	3.116	3.147	2992448	9399586.00
2024/10/21	3.146	3.150	3.121	3.140	1758111	5505295.00
2024/10/22	3.140	3.140	3.115	3.133	3151245	9852177.00
2024/10/23	3.130	3.149	3.102	3.144	3209576	10056346.00
2024/10/24	3.153	3.153	3.122	3.140	2708601	8494338.00
2024/10/25	3.129	3.146	3.115	3.133	1108643	3467263.00
2024/10/28	3.133	3.145	3.111	3.136	1040886	3256516.00
2024/10/29	3.136	3.158	3.108	3.118	1814643	5678044.00
2024/10/30	3.118	3.124	3.069	3.118	1684221	5226352.00
2024/10/31	3.106	3.124	3.077	3.094	1601018	4958329.00
2024/11/01	3.095	3.129	3.066	3.112	1267859	3932831.00
2024/11/04	3.112	3.119	3.097	3.109	507556	1577437.00
2024/11/05	3.116	3.125	3.095	3.096	853804	2647701.00
2024/11/06	3.096	3.145	3.062	3.115	1059545	3290105.00
2024/11/07	3.106	3.128	3.098	3.120	1134605	3533286.00
2024/11/08	3.120	3.147	3.087	3.147	2760744	8637786.00
2024/11/11	3.147	3.215	3.131	3.203	2373075	7525195.00
2024/11/12	3.194	3.276	3.182	3.271	2876618	9325615.00
2024/11/13	3.274	3.288	3.246	3.280	3241518	10605238.00
2024/11/14	3.280	3.295	3.229	3.247	3823487	12447227.00
2024/11/15	3.244	3.260	3.217	3.230	3986760	12913520.00
2024/11/18	3.216	3.237	3.202	3.220	2148196	6911926.00
2024/11/19	3.220	3.234	3.205	3.214	2029044	6517307.00
2024/11/20	3.223	3.276	3.184	3.212	3928231	12647737.00
2024/11/21	3.206	3.240	3.176	3.222	2543445	8164791.00
2024/11/22	3.216	3.266	3.208	3.243	1731825	5593744.00
2024/11/25	3.243	3.256	3.201	3.246	1425811	4595151.00
2024/11/26	3.246	3.260	3.212	3.231	965226	3120025.00
2024/11/27	3.216	3.256	3.203	3.249	1067529	3447464.00
2024/11/28	3.249	3.261	3.230	3.259	1422880	4619193.00
2024/11/29	3.246	3.296	3.241	3.274	2717700	8879221.00
2024/12/02	3.256	3.300	3.241	3.273	2713853	8884035.00
2024/12/03	3.258	3.317	3.256	3.298	1863074	6128473.00
2024/12/04	3.306	3.314	3.280	3.298	2690734	8869602.00
2024/12/05	3.298	3.305	3.276	3.297	3989748	13139581.00
2024/12/06	3.292	3.308	3.281	3.293	5736523	18895488.00
2024/12/09	3.292	3.319	3.267	3.292	8849701	29176172.00
2024/12/10	3.289	3.466	3.289	3.427	10198559	34585728.00
2024/12/11	3.392	3.550	3.392	3.528	7682178	26650978.00
2024/12/12	3.491	3.574	3.461	3.512	6537705	22915348.00
2024/12/13	3.500	3.554	3.496	3.520	3219519	11377661.00
2024/12/16	3.510	3.700	3.510	3.687	2933605	10586869.00
2024/12/17	3.680	3.796	3.624	3.665	3820482	14019363.00
2024/12/18	3.678	3.748	3.580	3.653	5257742	19166426.00
2024/12/19	3.652	3.699	3.614	3.646	5973335	21878988.00
2024/12/20	3.659	3.709	3.614	3.679	6975375	25635688.00
2024/12/23	3.664	3.748	3.644	3.686	1919287	7077590.00
2024/12/24	3.699	3.719	3.637	3.669	7377883	27020476.00
2024/12/25	3.665	3.689	3.633	3.648	4610637	16826844.00
2024/12/26	3.640	3.665	3.610	3.649	1755112	6396525.00
2024/12/27	3.647	3.700	3.621	3.679	6357202	23330236.00
2024/12/30	3.674	3.715	3.647	3.702	4050108	14918928.00
2024/12/31	3.702	3.725	3.663	3.683	2327007	8585819.00
2025/01/02	3.686	3.792	3.658	3.786	2460558	9159981.00
2025/01/03	3.785	3.913	3.780	3.828	3429692	13130951.00
2025/01/06	3.809	3.865	3.788	3.839	3904057	14975519.00
2025/01/07	3.837	3.866	3.799	3.827	4939068	18875576.00
2025/01/08	3.826	3.906	3.794	3.864	3471490	13378485.00
2025/01/09	3.853	3.911	3.853	3.884	4013961	15593475.00
2025/01/10	3.884	3.938	3.826	3.890	6056535	23553444.00
2025/01/13	3.948	3.948	3.823	3.855	4037743	15582056.00
2025/01/14	3.839	3.859	3.722	3.803	7536225	28489468.00
2025/01/15	3.790	3.852	3.750	3.816	6898330	26334074.00
2025/01/16	3.810	3.886	3.800	3.852	6188421	23766904.00
2025/01/17	3.825	3.870	3.825	3.865	4308817	16593829.00
2025/01/20	3.854	3.944	3.815	3.920	3012685	11703211.00
2025/01/21	3.899	3.944	3.881	3.907	4426052	17314948.00
2025/01/22	3.907	3.957	3.869	3.916	2836007	11117034.00
2025/01/23	3.912	3.953	3.880	3.903	2377858	9306359.00
2025/01/24	3.913	3.918	3.860	3.881	4012114	15557864.00
2025/01/27	3.877	3.945	3.854	3.904	4446197	17351856.00
2025/02/05	3.904	3.950	3.854	3.950	5038729	19742876.00
2025/02/06	3.950	3.968	3.884	3.917	4783911	18699778.00
2025/02/07	3.914	3.936	3.883	3.892	4565686	17845068.00
2025/02/10	3.891	3.930	3.821	3.832	5260992	20331124.00
2025/02/11	3.823	3.913	3.802	3.849	9754570	37547692.00
2025/02/12	3.864	3.864	3.769	3.797	5666785	21636576.00
2025/02/13	3.798	3.815	3.701	3.770	6972439	26120426.00
2025/02/14	3.747	3.825	3.702	3.813	5023165	19030552.00
2025/02/17	3.783	3.879	3.783	3.838	6894981	26560772.00
2025/02/18	3.838	3.858	3.790	3.811	3773012	14453981.00
2025/02/19	3.809	3.824	3.771	3.785	5577686	21115718.00
2025/02/20	3.790	3.809	3.734	3.760	6836074	25662628.00
2025/02/21	3.767	3.820	3.718	3.799	14527183	54300108.00
2025/02/24	3.779	3.800	3.725	3.742	6996798	26198444.00
2025/02/25	3.741	3.762	3.695	3.715	7062941	26242024.00
2025/02/26	3.718	3.780	3.691	3.750	10036242	37535776.00
2025/02/27	3.738	3.799	3.731	3.750	4564233	17185316.00
2025/02/28	3.752	3.777	3.710	3.748	6337461	23650948.00
2025/03/03	3.750	3.830	3.731	3.809	8427161	31864392.00
2025/03/04	3.791	3.876	3.791	3.810	9607513	36708336.00
2025/03/05	3.794	3.853	3.777	3.800	6387251	24313880.00
2025/03/06	3.809	3.836	3.746	3.776	7948068	29986782.00
2025/03/07	3.760	3.784	3.730	3.756	7431078	27855620.00
2025/03/10	3.750	3.790	3.721	3.772	5206603	19640844.00
2025/03/11	3.768	3.780	3.714	3.736	3926604	14709287.00
2025/03/12	3.719	3.750	3.659	3.736	8566510	31711852.00
2025/03/13	3.705	3.763	3.675	3.755	4938971	18447246.00
2025/03/14	3.741	3.878	3.708	3.793	12685677	47398288.00
2025/03/17	3.772	3.809	3.743	3.789	2681180	10111351.00
2025/03/18	3.773	3.810	3.755	3.787	4882228	18457804.00
2025/03/19	3.773	3.861	3.769	3.815	4352801	16624899.00
2025/03/20	3.824	3.848	3.789	3.816	4424449	16870796.00
2025/03/21	3.818	3.867	3.787	3.848	4910575	18754776.00
2025/03/24	3.829	3.898	3.828	3.849	4429938	17094118.00
2025/03/25	3.848	3.911	3.831	3.903	7259027	27968216.00
2025/03/26	3.886	3.909	3.851	3.883	4131180	15999908.00
2025/03/27	3.874	3.900	3.853	3.883	5299966	20582962.00
2025/03/28	3.900	4.000	3.870	3.902	8121907	31696994.00
2025/03/31	3.885	3.959	3.885	3.899	4378385	17088584.00
2025/04/01	3.914	3.918	3.876	3.892	5105090	19896112.00
2025/04/02	3.841	3.881	3.803	3.875	6751607	26027880.00
2025/04/03	3.888	3.990	3.887	3.965	5543042	21994388.00
2025/04/07	3.965	4.308	3.965	4.030	5726442	23036972.00
2025/04/08	4.013	4.069	3.954	4.020	5504266	22056414.00
2025/04/09	4.020	4.045	3.901	3.934	5662289	22318536.00
2025/04/10	3.921	3.961	3.870	3.917	4212007	16403121.00
2025/04/11	3.893	3.956	3.892	3.922	4449527	17499020.00
2025/04/14	3.924	3.950	3.890	3.934	4140708	16173737.00
2025/04/15	3.915	3.985	3.906	3.980	4993665	19597194.00
2025/04/16	3.980	3.989	3.938	3.987	4767561	18967548.00
2025/04/17	3.975	4.035	3.953	3.965	4800618	19142844.00
2025/04/18	3.965	3.994	3.935	3.970	4522948	17952780.00
2025/04/21	3.970	4.004	3.909	3.939	4873281	19208100.00
2025/04/22	3.939	3.978	3.907	3.954	6963731	27502516.00
2025/04/23	3.973	3.973	3.930	3.950	2727256	10780393.00
2025/04/24	3.946	3.960	3.913	3.946	2205324	8686912.00
2025/04/25	3.943	3.979	3.907	3.957	4539695	17927932.00
2025/04/28	3.955	3.975	3.926	3.946	2841035	11220452.00
2025/04/29	3.955	4.012	3.927	4.003	7949487	31442808.00
2025/04/30	4.004	4.049	3.982	4.048	8166406	32763728.00
2025/05/06	4.048	4.132	4.012	4.118	2602376	10579448.00
2025/05/07	4.084	4.176	4.084	4.170	4103082	16957732.00
2025/05/08	4.160	4.213	4.131	4.201	3991716	16673120.00
2025/05/09	4.199	4.238	4.170	4.189	3395342	14213610.00
2025/05/12	4.179	4.306	4.156	4.280	4738745	19849280.00
2025/05/13	4.279	4.369	4.246	4.338	4187740	17989640.00
2025/05/14	4.323	4.425	4.303	4.419	2167819	9468028.00
2025/05/15	4.423	4.473	4.292	4.338	3899219	17073116.00
2025/05/16	4.324	4.460	4.250	4.442	4606049	20038372.00
2025/05/20	4.428	4.522	4.370	4.515	3957220	17469788.00
2025/05/21	4.501	4.550	4.451	4.529	2685150	12081829.00
2025/05/22	4.529	4.574	4.415	4.429	3077163	13743586.00
2025/05/23	4.420	4.456	4.380	4.440	3202219	14116866.00
2025/05/26	4.436	4.466	4.422	4.463	2737583	12170918.00
2025/05/27	4.463	4.517	4.428	4.509	1894759	8453854.00
2025/05/28	4.499	4.545	4.470	4.505	2893433	13037221.00
2025/05/29	4.495	4.519	4.473	4.499	2313304	10420385.00
2025/05/30	4.500	4.539	4.460	4.495	1792121	8054461.00
2025/06/03	4.505	4.511	4.459	4.494	1605848	7202505.00
2025/06/04	4.500	4.548	4.467	4.491	1684645	7561699.00
2025/06/05	4.493	4.533	4.458	4.506	2750675	12375779.00
2025/06/06	4.500	4.548	4.478	4.509	3309739	14897588.00
2025/06/09	4.519	4.530	4.444	4.494	3341421	14946281.00
2025/06/10	4.480	4.519	4.450	4.496	1655928	7439618.00
2025/06/11	4.496	4.526	4.471	4.489	3712614	16723086.00
2025/06/12	4.489	4.521	4.454	4.500	3708457	16652826.00
2025/06/13	4.495	4.631	4.472	4.614	2715999	12417249.00
2025/06/16	4.614	4.664	4.568	4.659	4177209	19377970.00
2025/06/17	4.649	4.834	4.649	4.799	3786919	17871524.00
2025/06/18	4.789	5.000	4.775	5.000	1674156	8148560.00
2025/06/19	5.014	5.034	4.980	5.008	3306218	16542788.00
2025/06/20	5.008	5.027	4.940	4.970	3556683	17700276.00
2025/06/23	4.954	5.016	4.920	4.942	2352746	11650511.00
2025/06/24	4.934	4.950	4.770	4.879	5924801	28739730.00
2025/06/25	4.859	4.900	4.781	4.839	2481186	12025576.00
2025/06/26	4.833	4.880	4.789	4.821	2857206	13786169.00
2025/06/27	4.833	4.881	4.782	4.858	3802918	18290346.00
2025/06/30	4.844	4.884	4.806	4.842	1428529	6917016.00
2025/07/01	4.856	4.856	4.800	4.850	2626837	12704016.00
2025/07/02	4.850	4.953	4.812	4.949	4117650	20166004.00
2025/07/03	4.938	4.990	4.917	4.937	2318252	11475152.00
2025/07/04	4.933	4.959	4.898	4.927	2962000	14583060.00
2025/07/07	4.925	4.943	4.879	4.890	1872587	9182661.00
2025/07/08	4.884	4.889	4.813	4.834	3498026	16958298.00
2025/07/09	4.820	4.863	4.667	4.739	4208859	20054784.00
2025/07/10	4.724	4.759	4.669	4.702	3484636	16427977.00
2025/07/11	4.688	4.733	4.622	4.708	7097794	33176908.00
2025/07/14	4.712	4.723	4.666	4.704	3115360	14630313.00
2025/07/15	4.690	4.770	4.686	4.745	4821194	22844482.00
2025/07/16	4.757	4.786	4.731	4.741	3198514	15184768.00
2025/07/17	4.731	4.755	4.711	4.737	5564823	26326636.00
2025/07/18	4.716	4.730	4.701	4.709	3038085	14315516.00
2025/07/21	4.705	4.755	4.647	4.670	2116887	9919567.00
2025/07/22	4.669	4.697	4.594	4.599	2774509	12870040.00
2025/07/23	4.597	4.628	4.483	4.598	4078477	18482010.00
2025/07/24	4.590	4.626	4.524	4.598	2005285	9175224.00
2025/07/25	4.593	4.610	4.547	4.568	3129241	14303376.00
2025/07/28	4.554	4.608	4.522	4.585	2351971	10759207.00
2025/07/29	4.571	4.603	4.534	4.546	2635120	12017270.00
2025/07/30	4.554	4.601	4.508	4.595	4376831	19877180.00
2025/07/31	4.595	4.690	4.558	4.690	3142349	14634408.00
2025/08/01	4.676	4.788	4.661	4.751	2393685	11271159.00
2025/08/04	4.757	4.776	4.657	4.718	4121455	19547632.00
2025/08/05	4.704	4.746	4.680	4.742	3126724	14719668.00
2025/08/06	4.750	4.756	4.686	4.737	1619328	7649507.00
2025/08/07	4.723	4.792	4.707	4.749	2792288	13239562.00
2025/08/08	4.744	4.773	4.685	4.692	5419032	25540530.00
2025/08/11	4.683	4.711	4.617	4.619	3923400	18238932.00
2025/08/12	4.615	4.642	4.558	4.602	3105506	14276160.00
2025/08/13	4.616	4.616	4.542	4.554	5320171	24334028.00
2025/08/14	4.541	4.567	4.520	4.521	7211036	32686022.00
2025/08/15	4.525	4.534	4.466	4.478	3207703	14392831.00
2025/08/18	4.467	4.467	4.285	4.300	6159780	26604510.00
2025/08/19	4.278	4.339	4.172	4.192	6706915	28444608.00
2025/08/20	4.184	4.255	4.177	4.196	5067066	21400428.00
2025/08/21	4.212	4.228	4.168	4.218	4302984	18037404.00
2025/08/22	4.230	4.243	4.170	4.197	3452105	14485668.00
2025/08/25	4.187	4.222	4.150	4.211	5429754	22792524.00
2025/08/26	4.222	4.390	4.177	4.371	6066752	26251764.00
2025/08/27	4.384	4.434	4.350	4.389	3269030	14318035.00
2025/08/28	4.389	4.445	4.349	4.397	4106042	17994196.00
2025/08/29	4.382	4.426	4.337	4.356	3551120	15625445.00
2025/09/01	4.336	4.386	4.310	4.339	2475450	10728461.00
2025/09/02	4.338	4.385	4.301	4.380	2783535	12112688.00
2025/09/03	4.321	4.370	4.251	4.332	5817770	24925756.00
2025/09/04	4.324	4.504	4.292	4.425	4077502	17985010.00
2025/09/05	4.415	4.449	4.334	4.374	5404031	23627640.00
2025/09/08	4.374	4.383	4.325	4.368	2783196	12115311.00
2025/09/09	4.368	4.399	4.330	4.386	1977491	8626564.00
2025/09/10	4.372	4.402	4.351	4.386	3642326	15966560.00
2025/09/11	4.380	4.390	4.336	4.368	2888402	12582995.00
2025/09/12	4.354	4.395	4.323	4.379	3642243	15931258.00
2025/09/15	4.369	4.397	4.349	4.371	2298048	10049564.00
2025/09/16	4.371	4.381	4.304	4.333	4651623	20136084.00
2025/09/17	4.323	4.339	4.293	4.315	3344555	14434107.00
2025/09/18	4.307	4.350	4.272	4.348	3565209	15317553.00
2025/09/19	4.334	4.372	4.306	4.358	3920699	17039424.00
2025/09/22	4.352	4.369	4.321	4.347	2029342	8817638.00
2025/09/23	4.338	4.362	4.307	4.346	3621999	15694722.00
2025/09/24	4.333	4.350	4.306	4.341	3351149	14495544.00
2025/09/25	4.329	4.348	4.295	4.300	3006524	12980762.00
2025/09/26	4.286	4.330	4.280	4.297	1828985	7865222.00
2025/09/29	4.292	4.308	4.256	4.297	1807579	7736326.00
2025/09/30	4.304	4.306	4.255	4.276	1538004	6583982.00
2025/10/09	4.258	4.279	4.217	4.257	1791066	7616846.00
2025/10/10	4.254	4.262	4.213	4.250	1511683	6410621.00
2025/10/13	4.250	4.296	4.219	4.268	4176626	17816246.00
2025/10/14	4.266	4.278	4.227	4.260	2779674	11812653.00
2025/10/15	4.260	4.286	4.221	4.232	1464868	6223735.00
2025/10/16	4.219	4.241	4.184	4.218	4074213	17155584.00
2025/10/17	4.205	4.239	4.131	4.174	4506508	18791074.00
2025/10/20	4.158	4.202	4.048	4.070	3635734	14962656.00
2025/10/21	4.051	4.078	4.007	4.067	5712795	23207700.00
2025/10/22	4.060	4.102	4.025	4.089	4604113	18729372.00
2025/10/23	4.088	4.125	4.040	4.107	4588147	18769844.00
2025/10/24	4.103	4.200	4.067	4.180	3888820	16106409.00
2025/10/27	4.166	4.221	4.113	4.173	4356463	18097944.00
2025/10/28	4.170	4.312	4.150	4.285	8428691	35580552.00
2025/10/29	4.285	4.330	4.255	4.310	5229906	22505548.00
2025/10/30	4.297	4.336	4.275	4.328	3533743	15259574.00
2025/10/31	4.323	4.350	4.286	4.323	5885848	25464076.00
2025/11/03	4.311	4.354	4.258	4.300	5487901	23652624.00
2025/11/04	4.288	4.306	4.196	4.249	3320077	14033644.00
2025/11/05	4.229	4.250	4.180	4.205	4062238	17098626.00
2025/11/06	4.198	4.211	4.180	4.189	3700119	15516009.00
2025/11/07	4.185	4.258	4.155	4.255	3980137	16723325.00
2025/11/10	4.244	4.339	4.222	4.335	3794958	16227997.00
2025/11/11	4.319	4.357	4.310	4.341	3528980	15303836.00
2025/11/12	4.349	4.349	4.290	4.293	2746100	11830474.00
2025/11/13	4.286	4.313	4.250	4.267	1255153	5371214.00
2025/11/14	4.253	4.300	4.221	4.266	3405752	14542326.00
2025/11/17	4.277	4.296	4.235	4.271	2655187	11351098.00
2025/11/18	4.262	4.284	4.222	4.271	3277044	13928181.00
2025/11/19	4.262	4.272	4.243	4.257	2937694	12498433.00
2025/11/20	4.265	4.270	4.211	4.252	2892640	12284081.00
2025/11/21	4.256	4.256	4.118	4.164	4951197	20643458.00
2025/11/24	4.152	4.182	4.137	4.150	5659614	23483396.00
2025/11/25	4.146	4.166	4.110	4.161	6969629	28857554.00
2025/11/26	4.172	4.253	4.146	4.244	6200302	26067608.00
2025/11/27	4.244	4.292	4.196	4.279	3853683	16432830.00
2025/11/28	4.272	4.320	4.225	4.316	3695773	15709829.00
2025/12/01	4.305	4.319	4.261	4.311	3320880	14312762.00
2025/12/02	4.303	4.316	4.263	4.280	973801	4175026.00
2025/12/03	4.267	4.320	4.239	4.299	3477417	14925427.00
2025/12/04	4.285	4.311	4.246	4.284	1335055	5713567.00
2025/12/05	4.275	4.294	4.244	4.279	1717081	7318641.00
2025/12/08	4.269	4.295	4.214	4.260	1633327	6937022.00
2025/12/09	4.250	4.283	4.208	4.262	1424429	6048669.00
2025/12/10	4.248	4.316	4.202	4.307	2871332	12189829.00
2025/12/11	4.310	4.320	4.253	4.286	2152765	9212112.00
2025/12/12	4.293	4.312	4.254	4.305	2639721	11304753.00
2025/12/15	4.294	4.325	4.220	4.287	1978609	8440199.00
2025/12/16	4.267	4.284	4.230	4.257	2976736	12676043.00
2025/12/17	4.246	4.265	4.213	4.249	1701672	7221264.00
2025/12/18	4.238	4.254	4.174	4.234	1647563	6923107.00
2025/12/19	4.223	4.237	4.144	4.202	1314137	5504198.00
2025/12/22	4.192	4.250	4.165	4.241	1270383	5346641.00
2025/12/23	4.237	4.263	4.189	4.238	1723532	7272980.00
2025/12/24	4.220	4.330	4.184	4.329	2612707	11147273.00
2025/12/25	4.316	4.382	4.281	4.343	2312571	10047500.00
2025/12/26	4.331	4.343	4.294	4.323	1360494	5871629.00
2025/12/29	4.312	4.328	4.250	4.280	1070154	4578813.00
2025/12/30	4.268	4.293	4.202	4.249	1045348	4443930.00
2025/12/31	4.237	4.271	4.200	4.261	1085967	4595491.00
2026/01/05	4.250	4.273	4.210	4.240	1491446	6324291.00
2026/01/06	4.229	4.294	4.201	4.292	2357691	10052439.00
2026/01/07	4.278	4.341	4.252	4.323	1578678	6815986.00
2026/01/08	4.319	4.409	4.301	4.345	3551631	15454636.00
2026/01/09	4.334	4.356	4.297	4.311	1813302	7836745.00
2026/01/12	4.301	4.343	4.247	4.304	1470675	6294794.00
2026/01/13	4.290	4.323	4.233	4.296	1686162	7202669.00
2026/01/14	4.276	4.294	4.226	4.249	1105593	4714920.00
2026/01/15	4.244	4.257	4.208	4.256	1055570	4474610.00
2026/01/16	4.244	4.269	4.214	4.264	1361228	5781734.00
2026/01/19	4.260	4.293	4.240	4.243	1336979	5692485.00
2026/01/20	4.241	4.302	4.211	4.282	1259017	5364590.00
2026/01/21	4.270	4.337	4.234	4.327	1803920	7756233.00
2026/01/22	4.315	4.397	4.276	4.329	2938489	12738341.00
2026/01/23	4.314	4.367	4.300	4.318	2176855	9411417.00
2026/01/26	4.309	4.322	4.262	4.268	759200	3251261.00
2026/01/27	4.268	4.284	4.231	4.274	1198742	5109019.00
2026/01/28	4.262	4.299	4.242	4.288	1293492	5532953.00
2026/01/29	4.295	4.354	4.260	4.347	1847264	7965956.00
2026/01/30	4.356	4.360	4.301	4.318	1324013	5721807.00
2026/02/02	4.323	4.328	4.259	4.278	1126855	4830498.00
2026/02/03	4.266	4.310	4.247	4.290	1389414	5946273.00
2026/02/04	4.295	4.320	4.262	4.302	1750768	7511162.00
2026/02/05	4.302	4.323	4.257	4.277	601109	2569231.00
2026/02/06	4.265	4.283	4.214	4.236	1389627	5902093.00
2026/02/09	4.240	4.259	4.192	4.197	2393551	10083557.00
2026/02/10	4.192	4.216	4.173	4.205	1433106	6016507.00
2026/02/11	4.205	4.267	4.191	4.226	2008324	8496006.00
2026/02/12	4.235	4.244	4.202	4.240	1741354	7348503.00
2026/02/13	4.247	4.289	4.226	4.270	1544790	6575316.00
2026/02/24	4.279	4.280	4.224	4.225	723103	3074897.00
2026/02/25	4.218	4.240	4.201	4.220	1818284	7681496.00
2026/02/26	4.212	4.240	4.175	4.195	1409649	5920848.00
2026/02/27	4.184	4.200	4.115	4.134	4754755	19724804.00
2026/03/02	4.131	4.146	4.049	4.082	6287379	25654572.00
2026/03/03	4.063	4.122	4.063	4.098	4148566	16986460.00
2026/03/04	4.101	4.114	4.053	4.111	2774354	11346319.00
2026/03/05	4.112	4.129	4.083	4.122	1312034	5388719.00
2026/03/06	4.122	4.124	4.098	4.100	1225805	5027477.00
2026/03/09	4.098	4.102	4.025	4.057	2921846	11843307.00
2026/03/10	4.045	4.129	4.045	4.092	2104822	8610543.00
2026/03/11	4.096	4.132	4.029	4.120	2134753	8708728.00
2026/03/12	4.120	4.144	4.058	4.070	1256611	5146562.00
2026/03/13	4.070	4.080	4.035	4.073	2580313	10461955.00
2026/03/16	4.074	4.106	4.016	4.033	1511579	6123772.00
2026/03/17	4.038	4.089	4.004	4.089	1561298	6329900.00
2026/03/18	4.089	4.146	4.056	4.133	1832353	7508992.00
2026/03/19	4.131	4.174	4.101	4.165	2304175	9556872.00
2026/03/20	4.156	4.185	4.128	4.170	1444656	6020261.00
2026/03/23	4.181	4.188	4.106	4.120	1211106	5012878.00
2026/03/24	4.116	4.180	4.063	4.172	936803	3848316.00
2026/04/03	4.068	4.085	4.011	4.066	2618738	10576230.00
#鑒앴윱都:繫댐斤
