180701 银华绍兴原水水利 日线 不复权
      日期	    开盘	    最高	    最低	    收盘	    成交量	    成交额
2024/11/08	3.450	3.480	3.295	3.338	21518662	71902016.00
2024/11/11	3.338	3.405	3.301	3.405	3026393	10223972.00
2024/11/12	3.405	3.524	3.369	3.490	2213237	7645206.00
2024/11/13	3.500	3.500	3.445	3.464	8782599	30334086.00
2024/11/14	3.464	3.470	3.420	3.443	7712158	26562200.00
2024/11/15	3.443	3.443	3.405	3.424	3959042	13553758.00
2024/11/18	3.428	3.450	3.409	3.414	5218464	17830652.00
2024/11/19	3.400	3.420	3.399	3.418	4569208	15582487.00
2024/11/20	3.418	3.449	3.390	3.418	4696148	15997602.00
2024/11/21	3.400	3.433	3.390	3.412	3868016	13184057.00
2024/11/22	3.385	3.425	3.385	3.422	2773791	9468417.00
2024/11/25	3.418	3.438	3.383	3.426	2447963	8385439.50
2024/11/26	3.408	3.439	3.408	3.428	3378158	11575505.00
2024/11/27	3.388	3.470	3.388	3.438	2140421	7354347.50
2024/11/28	3.430	3.455	3.430	3.455	2336967	8054023.50
2024/11/29	3.455	3.473	3.416	3.460	1729962	5988563.00
2024/12/02	3.460	3.510	3.454	3.510	4881049	17027212.00
2024/12/03	3.511	3.535	3.488	3.535	2571948	9055813.00
2024/12/04	3.495	3.636	3.495	3.528	2110505	7485067.50
2024/12/05	3.528	3.558	3.502	3.540	1704957	6028408.50
2024/12/06	3.500	3.600	3.500	3.558	2622196	9352851.00
2024/12/09	3.518	3.648	3.518	3.563	1272969	4535439.00
2024/12/10	3.563	3.653	3.563	3.646	1451926	5227630.00
2024/12/11	3.646	3.738	3.646	3.719	2186010	8100140.00
2024/12/12	3.720	3.850	3.720	3.840	4178195	15890167.00
2024/12/13	3.840	3.918	3.808	3.850	10709135	41446212.00
2024/12/16	3.840	3.906	3.810	3.887	2469551	9508285.00
2024/12/17	3.887	3.910	3.880	3.887	1538896	5981846.00
2024/12/18	3.887	4.200	3.660	3.825	1375304	5292017.50
2024/12/19	3.816	3.879	3.703	3.794	2667852	10016625.00
2024/12/20	3.754	3.880	3.754	3.880	1649210	6309989.50
2024/12/23	3.880	4.000	3.841	3.860	1784405	6928183.00
2024/12/24	3.828	3.898	3.814	3.816	1716713	6586255.50
2024/12/25	3.776	3.850	3.776	3.815	4329073	16471768.00
2024/12/26	3.826	3.899	3.813	3.842	1426328	5482456.50
2024/12/27	3.802	3.910	3.802	3.874	2261629	8784718.00
2024/12/30	3.840	3.999	3.840	3.949	1793958	7095233.00
2024/12/31	3.911	4.030	3.910	3.928	1493683	5901616.50
2025/01/02	3.888	3.969	3.888	3.965	1379760	5453336.00
2025/01/03	3.965	4.105	3.965	4.105	2314185	9363851.00
2025/01/06	4.210	4.297	4.084	4.197	2683961	11247357.00
2025/01/07	4.179	4.497	4.084	4.126	2345941	9680728.00
2025/01/08	4.101	4.249	4.101	4.200	1935640	8134335.50
2025/01/09	4.180	4.300	4.160	4.175	5170678	21595224.00
2025/01/10	4.160	4.225	4.129	4.150	4406926	18300718.00
2025/01/13	4.150	4.200	4.041	4.065	1204629	4953201.50
2025/01/14	4.100	4.100	4.001	4.026	1135258	4564288.50
2025/01/15	4.096	4.096	3.980	4.053	570162	2308619.50
2025/01/16	4.020	4.088	4.020	4.040	1504301	6066425.50
2025/01/17	4.070	4.109	4.004	4.109	875274	3554333.25
2025/01/20	4.109	4.180	4.040	4.080	2602603	10582914.00
2025/01/21	4.040	4.107	4.040	4.083	1472333	6005899.50
2025/01/22	4.083	4.127	4.070	4.107	2023004	8267617.00
2025/01/23	4.118	4.139	4.070	4.120	1144559	4717776.00
2025/01/24	4.100	4.200	4.100	4.183	2486819	10397375.00
2025/01/27	4.267	4.267	4.167	4.237	1518439	6406269.50
2025/02/05	4.236	4.236	4.180	4.202	1724925	7246708.00
2025/02/06	4.202	4.232	4.163	4.168	1755280	7342913.50
2025/02/07	4.208	4.208	4.119	4.170	1360320	5651156.50
2025/02/10	4.170	4.204	4.125	4.130	2340504	9704456.00
2025/02/11	4.189	4.189	4.119	4.130	2347895	9711955.00
2025/02/12	4.130	4.152	4.093	4.095	1176712	4844065.50
2025/02/13	4.090	4.095	4.009	4.010	1654023	6698061.00
2025/02/14	4.038	4.074	3.981	4.070	3322068	13407703.00
2025/02/17	4.070	4.089	4.030	4.046	2243300	9080418.00
2025/02/18	4.080	4.115	4.050	4.089	3795784	15530861.00
2025/02/19	4.050	4.095	4.050	4.091	2086604	8520855.00
2025/02/20	4.093	4.117	4.061	4.064	5810904	23687638.00
2025/02/21	4.064	4.064	4.000	4.050	9918797	39891164.00
2025/02/24	4.050	4.050	3.980	4.020	3969279	15861838.00
2025/02/25	4.015	4.015	3.941	3.968	5520025	21890100.00
2025/02/26	3.950	3.994	3.950	3.975	6121509	24331590.00
2025/02/27	4.050	4.050	3.938	3.970	2242694	8870758.00
2025/02/28	3.959	3.959	3.933	3.944	2710333	10676655.00
2025/03/03	3.940	4.049	3.900	4.035	3769642	15089098.00
2025/03/04	4.046	4.085	4.044	4.084	2652538	10784744.00
2025/03/05	4.083	4.083	4.052	4.059	1482682	6023958.50
2025/03/06	4.020	4.078	4.010	4.018	2477981	9980825.00
2025/03/07	4.018	4.026	3.979	4.018	2152896	8619675.00
2025/03/10	4.019	4.063	4.001	4.038	2205563	8856625.00
2025/03/11	4.040	4.040	3.999	4.012	2891679	11608737.00
2025/03/12	4.012	4.035	3.981	4.002	2086904	8342952.50
2025/03/13	4.028	4.028	3.987	3.997	1542600	6178372.50
2025/03/14	4.000	4.019	3.991	4.015	951239	3804955.25
2025/03/17	3.985	4.034	3.985	4.015	1275225	5122486.50
2025/03/18	3.999	4.028	3.993	4.000	1653976	6620602.50
2025/03/19	4.000	4.019	4.000	4.009	1807008	7245660.50
2025/03/20	4.020	4.060	3.995	4.002	2999874	12059775.00
2025/03/21	4.002	4.039	3.999	4.032	1791929	7191219.00
2025/03/24	4.022	4.060	4.011	4.051	3057968	12388359.00
2025/03/25	4.036	4.086	4.036	4.085	2494936	10148811.00
2025/03/26	4.085	4.170	4.050	4.170	1935787	7979638.00
2025/03/27	4.170	4.204	4.153	4.170	2784182	11621330.00
2025/03/28	4.150	4.190	4.150	4.162	1236421	5155483.00
2025/03/31	4.177	4.177	4.089	4.112	3314372	13620873.00
2025/04/01	4.110	4.129	4.110	4.120	1487898	6125276.00
2025/04/02	4.118	4.144	4.112	4.141	1301021	5382916.50
2025/04/03	4.141	4.259	4.141	4.220	2165855	9109449.00
2025/04/07	4.220	4.380	4.220	4.300	3363067	14346251.00
2025/04/08	4.300	4.300	4.251	4.255	1085271	4625248.00
2025/04/09	4.250	4.300	4.011	4.255	1503700	6412446.00
2025/04/10	4.235	4.364	4.215	4.350	1845863	7967885.00
2025/04/11	4.350	4.363	4.318	4.330	1954098	8480647.00
2025/04/14	4.307	4.364	4.307	4.361	674600	2931550.50
2025/04/15	4.372	4.437	4.368	4.412	1045400	4609144.00
2025/04/16	4.394	4.487	4.394	4.457	1484742	6618243.00
2025/04/17	4.436	4.496	4.407	4.408	2893938	12813765.00
2025/04/18	4.390	4.415	4.368	4.372	1526834	6695214.00
2025/04/21	4.355	4.440	4.298	4.419	1318038	5775288.00
2025/04/22	4.419	4.456	4.382	4.394	1248467	5511164.00
2025/04/23	4.392	4.404	4.320	4.341	1443485	6289783.00
2025/04/24	4.325	4.364	4.294	4.358	1823221	7897186.00
2025/04/25	4.358	4.366	4.340	4.343	1175200	5109679.50
2025/04/28	4.335	4.335	4.290	4.300	1405604	6040806.50
2025/04/29	4.730	4.730	4.260	4.342	1097400	4762559.50
2025/04/30	4.303	4.382	4.303	4.357	1637300	7122585.50
2025/05/06	4.358	4.391	4.309	4.334	2285095	9910382.00
2025/05/07	4.294	4.420	4.261	4.319	1139800	4907543.00
2025/05/08	4.302	4.319	4.269	4.289	1334857	5721531.50
2025/05/09	4.290	4.340	4.288	4.335	2547916	10985261.00
2025/05/12	4.318	4.350	4.317	4.340	1884163	8163389.50
2025/05/13	4.324	4.370	4.301	4.369	627868	2725603.25
2025/05/14	4.369	4.400	4.369	4.395	1205247	5283256.00
2025/05/15	4.400	4.400	4.363	4.385	696700	3050083.75
2025/05/16	4.399	4.399	4.368	4.379	1094134	4791483.50
2025/05/19	4.390	4.399	4.385	4.398	1364900	5997573.00
2025/05/20	4.396	4.441	4.395	4.440	1142560	5032399.00
2025/05/21	4.440	4.512	4.408	4.485	1871013	8355540.50
2025/05/22	4.503	4.504	4.480	4.481	480112	2153870.00
2025/05/23	4.468	4.475	4.427	4.456	1688104	7502355.50
2025/05/26	4.467	4.479	4.438	4.463	909421	4044778.50
2025/05/27	4.463	4.470	4.438	4.465	1291400	5749779.00
2025/05/28	4.452	4.452	4.417	4.421	1031664	4565048.50
2025/05/29	4.416	4.456	4.414	4.443	809247	3596554.25
2025/05/30	4.440	4.461	4.404	4.432	1458700	6458187.50
2025/06/03	4.432	4.432	4.400	4.421	1377900	6082865.00
2025/06/04	4.413	4.488	4.406	4.488	2031547	9006524.00
2025/06/05	4.488	4.578	4.486	4.537	1716330	7801831.50
2025/06/06	4.550	4.636	4.492	4.526	2461793	11155438.00
2025/06/09	4.515	4.567	4.506	4.564	1682000	7660728.50
2025/06/10	4.570	4.580	4.553	4.580	4460300	20343772.00
2025/06/11	4.562	4.605	4.562	4.599	920122	4213396.50
2025/06/12	4.605	4.605	4.580	4.588	852921	3913625.25
2025/06/13	4.606	4.679	4.571	4.589	1151204	5282578.50
2025/06/16	4.590	4.623	4.572	4.596	1430085	6575162.00
2025/06/17	4.598	4.624	4.578	4.592	1896400	8700643.00
2025/06/18	4.592	4.617	4.580	4.600	950573	4367893.50
2025/06/19	4.613	4.664	4.601	4.662	1432553	6646957.50
2025/06/20	4.690	4.788	4.690	4.780	1208740	5755140.50
2025/06/23	4.781	4.819	4.731	4.780	1033004	4925995.00
2025/06/24	4.780	4.803	4.730	4.803	2412675	11493371.00
2025/06/25	4.677	4.677	4.595	4.611	907700	4187042.75
2025/06/26	4.611	4.611	4.580	4.582	876000	4028640.00
2025/06/27	4.564	4.564	4.530	4.535	1554508	7060147.00
2025/06/30	4.497	4.523	4.464	4.487	1540700	6928055.00
2025/07/01	4.451	4.554	4.451	4.484	1521508	6810110.00
2025/07/02	4.490	4.560	4.490	4.540	1906700	8647151.00
2025/07/03	4.551	4.555	4.512	4.528	1502500	6804125.00
2025/07/04	4.529	4.544	4.491	4.500	2809300	12677983.00
2025/07/07	4.470	4.495	4.470	4.485	1468970	6587556.00
2025/07/08	4.490	4.491	4.457	4.480	1223600	5480615.00
2025/07/09	4.480	4.505	4.446	4.465	1252500	5614140.50
2025/07/10	4.478	4.503	4.465	4.475	1067100	4783990.50
2025/07/11	4.470	4.472	4.435	4.466	1046404	4654381.00
2025/07/14	4.459	4.459	4.372	4.382	2036198	8961579.00
2025/07/15	4.394	4.425	4.382	4.415	1515307	6689330.50
2025/07/16	4.433	4.433	4.269	4.430	1619304	7150937.50
2025/07/17	4.430	4.456	4.428	4.435	2181000	9692926.00
2025/07/18	4.425	4.450	4.421	4.429	2043210	9055791.00
2025/07/21	4.450	4.450	4.379	4.397	785700	3473652.75
2025/07/22	4.400	4.400	4.364	4.365	954904	4175959.00
2025/07/23	4.350	4.350	4.266	4.312	2443674	10468878.00
2025/07/24	4.315	4.315	4.262	4.269	1430100	6106006.50
2025/07/25	4.252	4.285	4.225	4.269	1185101	5052026.50
2025/07/28	4.270	4.363	4.259	4.330	1475662	6350337.00
2025/07/29	4.324	4.367	4.319	4.338	1777700	7727754.50
2025/07/30	4.366	4.366	4.335	4.339	1951600	8474301.00
2025/07/31	4.352	4.423	4.344	4.420	1987372	8687369.00
2025/08/01	4.440	4.440	4.400	4.429	1070321	4734202.00
2025/08/04	4.439	4.470	4.393	4.408	913800	4037549.75
2025/08/05	4.405	4.422	4.370	4.414	1107400	4864514.50
2025/08/06	4.410	4.432	4.409	4.417	1307734	5776967.50
2025/08/07	4.429	4.429	4.387	4.396	852000	3752282.50
2025/08/08	4.383	4.409	4.383	4.409	835607	3679518.75
2025/08/11	4.403	4.409	4.363	4.370	1543100	6760972.00
2025/08/12	4.370	4.391	4.360	4.376	598681	2620640.75
2025/08/13	4.376	4.388	4.365	4.376	623351	2724806.75
2025/08/14	4.358	4.358	4.290	4.307	1892366	8141205.00
2025/08/15	4.303	4.307	4.273	4.298	1133302	4864050.50
2025/08/18	4.298	4.300	4.227	4.227	1265398	5391198.00
2025/08/19	4.221	4.227	4.130	4.186	1415004	5870250.50
2025/08/20	4.186	4.229	4.166	4.190	1603227	6749727.50
2025/08/21	4.180	4.196	4.122	4.150	1970100	8189518.50
2025/08/22	4.150	4.175	4.120	4.150	1471817	6090984.00
2025/08/25	4.150	4.166	4.150	4.150	1690003	7024796.00
2025/08/26	4.164	4.225	4.135	4.201	1594400	6691852.00
2025/08/27	4.194	4.225	4.179	4.200	1600300	6714351.50
2025/08/28	4.213	4.318	4.213	4.298	1604303	6872773.50
2025/08/29	4.289	4.298	4.241	4.298	1497351	6393478.50
2025/09/01	4.298	4.312	4.258	4.300	1129404	4843288.50
2025/09/02	4.302	4.358	4.300	4.348	1057400	4574154.00
2025/09/03	4.348	4.406	4.348	4.405	971900	4245447.50
2025/09/04	4.430	4.448	4.350	4.350	1703770	7467274.00
2025/09/05	4.324	4.352	4.324	4.334	1121323	4867810.50
2025/09/08	4.308	4.337	4.257	4.329	883500	3825549.00
2025/09/09	4.320	4.345	4.313	4.340	748100	3237400.00
2025/09/10	4.314	4.336	4.300	4.320	961460	4156470.25
2025/09/11	4.316	4.316	4.280	4.281	767351	3299039.25
2025/09/12	4.305	4.305	4.252	4.263	1276817	5455596.00
2025/09/15	4.276	4.276	4.260	4.270	475300	2029435.75
2025/09/16	4.244	4.260	4.232	4.240	1272454	5402912.00
2025/09/17	4.240	4.245	4.218	4.237	1353391	5734212.00
2025/09/18	4.220	4.264	4.211	4.258	1374904	5803443.50
2025/09/19	4.258	4.306	4.229	4.300	1076500	4575451.00
2025/09/22	4.310	4.348	4.240	4.250	1067060	4586319.50
2025/09/23	4.250	4.306	4.210	4.280	808315	3453737.75
2025/09/24	4.280	4.286	4.249	4.263	37700	161131.80
2025/09/25	4.237	4.265	4.235	4.243	483000	2053847.25
2025/09/26	4.235	4.251	4.235	4.237	695117	2952303.00
2025/09/29	4.233	4.233	4.222	4.232	699200	2954415.50
2025/09/30	4.222	4.254	4.198	4.251	874404	3695708.25
2025/10/09	4.225	4.250	4.211	4.235	742151	3131618.75
2025/10/10	4.241	4.260	4.211	4.214	1289174	5470739.00
2025/10/13	4.211	4.258	3.833	4.256	1497704	6359055.00
2025/10/14	4.256	4.275	4.221	4.233	1370300	5815539.00
2025/10/15	4.230	4.230	4.139	4.160	1454756	6056401.50
2025/10/16	4.152	4.152	4.039	4.076	2316202	9417669.00
2025/10/17	4.056	4.072	4.002	4.025	1873400	7553571.50
2025/10/20	4.049	4.088	4.000	4.004	2174659	8732276.00
2025/10/21	4.010	4.010	3.991	4.000	2374634	9491103.00
2025/10/22	4.003	4.080	4.003	4.074	1465400	5900723.00
2025/10/23	4.074	4.150	4.074	4.149	1607400	6602672.50
2025/10/24	4.160	4.197	4.110	4.155	2093200	8685880.00
2025/10/27	4.130	4.184	4.112	4.174	1281104	5290384.00
2025/10/28	4.183	4.288	4.174	4.247	1181800	4988453.50
2025/10/29	4.247	4.294	4.180	4.213	1705504	7208859.00
2025/10/30	4.188	4.286	4.138	4.215	2045188	8636141.00
2025/10/31	4.215	4.215	4.180	4.180	894700	3742804.50
2025/11/03	4.201	4.230	4.200	4.223	1245600	5248528.00
2025/11/04	4.198	4.198	4.148	4.181	1286804	5381354.00
2025/11/05	4.156	4.230	4.106	4.205	1528304	6323936.00
2025/11/06	4.229	4.229	4.184	4.197	793100	3328175.50
2025/11/07	4.177	4.182	4.120	4.143	1152819	4779216.00
2025/11/10	4.143	4.143	3.990	4.061	4415604	17866096.00
2025/11/11	4.061	4.074	4.025	4.046	5459000	22059032.00
2025/11/12	4.046	4.078	4.032	4.076	3673300	14887422.00
2025/11/13	4.088	4.114	4.060	4.100	3985517	16328829.00
2025/11/14	4.100	4.104	4.052	4.104	3889904	15838401.00
2025/11/17	4.079	4.120	4.071	4.102	3403500	13924613.00
2025/11/18	4.104	4.126	4.080	4.120	4020830	16509163.00
2025/11/19	4.090	4.126	4.090	4.120	2751800	11327385.00
2025/11/20	4.118	4.127	4.102	4.119	1930000	7952307.00
2025/11/21	4.119	4.130	4.102	4.110	2738900	11278778.00
2025/11/24	4.096	4.115	4.094	4.100	1564304	6420331.00
2025/11/25	4.118	4.118	4.080	4.101	1596900	6540096.50
2025/11/26	4.095	4.122	4.061	4.113	1538704	6316332.50
2025/11/27	4.117	4.127	4.067	4.095	1325413	5436110.50
2025/11/28	4.072	4.105	4.072	4.090	1568012	6407308.00
2025/12/01	4.090	4.116	4.070	4.114	1512811	6207402.50
2025/12/02	4.110	4.125	4.094	4.118	1083800	4459927.00
2025/12/03	4.110	4.118	4.093	4.118	868521	3560713.75
2025/12/04	4.116	4.128	4.078	4.100	1544500	6315648.50
2025/12/05	4.075	4.111	4.075	4.110	1203671	4916538.50
2025/12/08	4.100	4.100	4.055	4.077	1756000	7175908.50
2025/12/09	4.053	4.082	4.053	4.075	868796	3533366.25
2025/12/10	4.051	4.135	4.035	4.119	1391904	5682386.00
2025/12/11	4.120	4.122	4.100	4.110	874200	3585198.00
2025/12/12	4.120	4.168	4.120	4.155	968035	4019566.00
2025/12/15	4.155	4.200	4.115	4.190	1553100	6487282.00
2025/12/16	4.190	4.190	4.150	4.188	1339757	5591866.00
2025/12/17	4.110	4.110	3.961	3.996	3892400	15618870.00
2025/12/18	3.960	4.017	3.935	3.970	1813700	7176203.00
2025/12/19	3.969	3.969	3.880	3.920	4414100	17248110.00
2025/12/22	3.888	3.930	3.808	3.843	6691590	25848578.00
2025/12/23	3.804	3.842	3.776	3.786	5446398	20652374.00
2025/12/24	3.770	3.871	3.755	3.840	6183413	23523618.00
2025/12/25	3.839	3.900	3.837	3.885	2727100	10585436.00
2025/12/26	3.885	3.900	3.830	3.830	1823509	7028095.50
2025/12/29	3.814	3.820	3.755	3.789	2460645	9272220.00
2025/12/30	3.765	3.799	3.760	3.772	1725600	6514035.00
2025/12/31	3.782	3.783	3.760	3.783	984252	3705546.75
2026/01/05	3.780	3.820	3.780	3.790	1977600	7504493.00
2026/01/06	3.790	3.860	3.784	3.830	3446600	13185591.00
2026/01/07	3.825	3.880	3.825	3.865	2287596	8827091.00
2026/01/08	3.860	3.914	3.855	3.912	2395100	9315768.00
2026/01/09	3.897	3.943	3.897	3.932	2526400	9907176.00
2026/01/12	3.910	3.950	3.898	3.931	2887417	11354645.00
2026/01/13	3.920	3.948	3.871	3.938	1742200	6857010.00
2026/01/14	3.938	3.995	3.930	3.971	1219630	4841020.50
2026/01/15	3.987	3.995	3.912	3.921	2638409	10433173.00
2026/01/16	3.900	3.947	3.900	3.921	2363900	9285822.00
2026/01/19	3.897	3.960	3.888	3.934	2304500	9035444.00
2026/01/20	3.910	3.981	3.910	3.941	3306353	13064808.00
2026/01/21	3.953	3.973	3.941	3.952	1903998	7543714.50
2026/01/22	3.952	4.020	3.952	3.990	2279402	9120992.00
2026/01/23	4.015	4.080	3.994	4.067	3586032	14527299.00
2026/01/26	4.067	4.068	4.020	4.050	1892902	7662021.50
2026/01/27	4.056	4.069	4.028	4.066	2475126	10048269.00
2026/01/28	4.080	4.095	4.058	4.090	2734600	11162069.00
2026/01/29	4.100	4.158	4.051	4.154	2537600	10523100.00
2026/01/30	4.130	4.179	4.130	4.150	2574004	10695699.00
2026/02/02	4.151	4.170	4.075	4.098	1000900	4104997.00
2026/02/03	4.119	4.181	4.060	4.105	1330355	5456621.50
2026/02/04	4.105	4.133	4.043	4.111	2563300	10542260.00
2026/02/05	4.111	4.135	4.087	4.125	2151321	8855438.00
2026/02/06	4.120	4.138	4.110	4.126	1353525	5576479.50
2026/02/09	4.129	4.155	4.121	4.155	1454086	6021527.50
2026/02/10	4.160	4.180	4.109	4.129	2066200	8590320.00
2026/02/11	4.129	4.130	4.112	4.125	1183500	4881449.50
2026/02/12	4.124	4.125	4.080	4.125	1276700	5251828.50
2026/02/13	4.116	4.148	4.100	4.131	731140	3018961.25
2026/02/24	4.131	4.160	4.110	4.115	724900	2988108.50
2026/02/25	4.154	4.154	4.058	4.070	748500	3071990.00
2026/02/26	4.067	4.083	4.002	4.002	1381500	5577689.00
2026/02/27	3.978	4.026	3.917	3.972	2404000	9546552.00
2026/03/02	3.966	3.980	3.950	3.976	1177900	4682990.00
2026/03/03	3.970	4.088	3.970	4.031	2196034	8876293.00
2026/03/04	4.006	4.039	4.006	4.016	806800	3255338.00
2026/03/05	4.044	4.044	4.016	4.040	1383155	5571304.50
2026/03/06	4.040	4.044	4.007	4.038	1458300	5870881.00
2026/03/09	4.016	4.040	3.982	4.003	1858800	7433021.50
2026/03/10	4.014	4.030	3.987	4.003	2330900	9347576.00
2026/03/11	3.981	4.021	3.981	4.018	1341104	5364482.50
2026/03/12	4.027	4.029	3.993	3.997	892812	3570609.75
2026/03/13	3.990	4.009	3.945	3.968	1111843	4438607.00
2026/03/16	3.979	3.986	3.917	3.928	726055	2860759.50
2026/03/17	3.888	3.925	3.888	3.915	830500	3249878.75
2026/03/18	3.900	3.950	3.888	3.903	693100	2716688.00
2026/03/19	3.889	3.935	3.880	3.935	1119500	4357257.50
2026/03/20	3.897	3.956	3.897	3.935	648100	2550344.50
2026/03/23	3.935	3.935	3.853	3.857	1243704	4833719.50
2026/03/24	3.855	3.878	3.855	3.878	663000	2570072.50
2026/04/03	3.910	3.966	3.875	3.959	2907281	11415451.00
#数据来源:通达信
