180401 Еф»ЄЙоЫЪДЬФґREIT ИХПЯ І»ёґИЁ
      ИХЖЪ	    їЄЕМ	    ЧоёЯ	    ЧоµН	    КХЕМ	    іЙЅ»Бї	    іЙЅ»¶о
2022/07/26	7.665	7.665	6.500	7.165	65879152	468102848.00
2022/07/27	7.140	7.648	6.940	7.530	16955235	125981096.00
2022/07/28	7.532	7.630	7.360	7.370	9131377	67897464.00
2022/07/29	7.370	7.402	7.364	7.377	3346789	24705560.00
2022/08/01	7.379	7.467	7.379	7.454	2488752	18500932.00
2022/08/02	7.449	7.482	7.370	7.443	3702097	27499116.00
2022/08/03	7.451	7.557	7.451	7.551	2530053	19053510.00
2022/08/04	7.552	7.683	7.552	7.669	2984529	22844384.00
2022/08/05	7.684	7.900	7.626	7.782	3619083	28024448.00
2022/08/08	7.786	7.857	7.735	7.736	3478118	27141602.00
2022/08/09	7.729	7.729	7.599	7.611	3664028	27989490.00
2022/08/10	7.610	7.690	7.556	7.690	3717530	28368174.00
2022/08/11	7.706	7.763	7.700	7.730	2649189	20509794.00
2022/08/12	7.729	7.813	7.670	7.813	3283153	25529058.00
2022/08/15	7.813	7.950	7.799	7.950	3129295	24786258.00
2022/08/16	7.950	8.001	7.822	7.841	3487964	27611192.00
2022/08/17	7.838	7.935	7.798	7.916	2169004	17156726.00
2022/08/18	7.920	7.973	7.896	7.933	2942903	23344666.00
2022/08/19	7.934	8.117	7.933	8.117	2966872	23785848.00
2022/08/22	8.122	8.300	7.985	8.098	4373425	35785120.00
2022/08/23	8.041	8.230	8.041	8.228	4382874	35916668.00
2022/08/24	8.228	8.298	8.144	8.183	4136698	33869780.00
2022/08/25	8.170	8.250	8.163	8.240	3101078	25449114.00
2022/08/26	8.240	8.256	8.176	8.245	2720779	22377594.00
2022/08/29	8.238	8.238	8.140	8.155	2785182	22769868.00
2022/08/30	8.155	8.195	8.111	8.114	3760887	30622424.00
2022/08/31	8.113	8.144	8.001	8.134	4031480	32665182.00
2022/09/01	8.112	8.135	8.093	8.122	3464649	28109696.00
2022/09/02	8.123	8.148	8.122	8.136	2588607	21052824.00
2022/09/05	8.134	8.145	8.084	8.133	2361757	19194850.00
2022/09/06	8.132	8.148	8.117	8.143	2277419	18528534.00
2022/09/07	8.143	8.290	8.132	8.280	4958109	40855344.00
2022/09/08	8.281	8.350	8.251	8.350	3090029	25728820.00
2022/09/09	8.350	8.380	8.335	8.355	3332001	27832200.00
2022/09/13	8.354	8.354	8.320	8.321	1934579	16120168.00
2022/09/14	8.298	8.300	8.143	8.258	2834259	23347508.00
2022/09/15	8.252	8.289	8.228	8.230	2462402	20290878.00
2022/09/16	8.200	8.261	8.181	8.197	2582112	21176900.00
2022/09/19	8.168	8.189	8.122	8.160	3856910	31487702.00
2022/09/20	8.160	8.199	8.123	8.140	3221921	26263916.00
2022/09/21	8.138	8.210	8.069	8.190	3948989	32103598.00
2022/09/22	8.230	8.266	8.180	8.258	2311451	19028634.00
2022/09/23	8.259	8.260	8.188	8.206	3166945	26020444.00
2022/09/26	8.194	8.223	8.162	8.170	2443244	20019662.00
2022/09/27	8.170	8.170	8.140	8.156	2357387	19217972.00
2022/09/28	8.156	8.250	8.136	8.213	2661502	21886084.00
2022/09/29	8.213	8.265	8.160	8.172	2543463	20790318.00
2022/09/30	8.172	8.196	8.100	8.151	1644553	13401971.00
2022/10/10	8.151	8.156	8.067	8.080	2055365	16617264.00
2022/10/11	8.080	8.080	8.003	8.018	2513519	20157864.00
2022/10/12	8.018	8.046	7.991	8.036	2774330	22247524.00
2022/10/13	8.036	8.062	8.006	8.062	1905450	15314586.00
2022/10/14	8.062	8.090	8.006	8.090	3238074	26042346.00
2022/10/17	8.100	8.100	8.052	8.090	2794104	22541084.00
2022/10/18	8.090	8.141	8.033	8.134	3434163	27792634.00
2022/10/19	8.120	8.120	8.083	8.103	2217008	17950656.00
2022/10/20	8.098	8.108	8.070	8.103	3207893	25958880.00
2022/10/21	8.103	8.103	8.071	8.099	2033766	16447991.00
2022/10/24	8.099	8.099	8.018	8.021	3326546	26717766.00
2022/10/25	8.030	8.090	7.996	8.039	2983935	23923378.00
2022/10/26	8.038	8.039	8.000	8.015	3195107	25604204.00
2022/10/27	8.015	8.032	7.898	7.980	2887069	22912906.00
2022/10/28	7.991	8.021	7.902	8.015	3239487	25740316.00
2022/10/31	8.015	8.022	7.960	7.998	2325198	18572502.00
2022/11/01	7.996	8.028	7.961	8.022	2450750	19628520.00
2022/11/02	8.017	8.230	8.000	8.191	2695469	21853132.00
2022/11/03	8.187	8.208	8.154	8.208	1799670	14746796.00
2022/11/04	8.205	8.313	8.184	8.300	2187961	18097192.00
2022/11/07	8.300	8.351	8.251	8.288	3888019	32287962.00
2022/11/08	8.285	8.285	8.166	8.199	1852446	15195327.00
2022/11/09	8.196	8.215	8.174	8.185	1648596	13511415.00
2022/11/10	8.185	8.235	8.100	8.115	1846681	15015230.00
2022/11/11	8.120	8.222	8.116	8.168	2227535	18154830.00
2022/11/14	8.166	8.200	8.108	8.123	1218133	9923189.00
2022/11/15	8.155	8.155	8.123	8.125	730467	5937915.00
2022/11/16	8.125	8.125	8.095	8.117	950673	7711485.50
2022/11/17	8.110	8.110	7.985	8.008	2266580	18177554.00
2022/11/18	8.009	8.059	7.978	8.020	1819806	14560790.00
2022/11/21	8.019	8.110	7.978	8.084	1251993	10075767.00
2022/11/22	8.078	8.105	8.030	8.069	474362	3830039.00
2022/11/23	8.068	8.100	8.031	8.097	1633389	13198160.00
2022/11/24	8.100	8.100	8.058	8.083	1348950	10905502.00
2022/11/25	8.090	8.109	8.068	8.100	1603880	12985346.00
2022/11/28	8.098	8.120	8.062	8.105	2341108	18963766.00
2022/11/29	8.104	8.179	8.071	8.138	1661390	13507230.00
2022/11/30	8.134	8.134	8.107	8.121	1960706	15915985.00
2022/12/01	8.118	8.141	8.108	8.141	1780962	14468339.00
2022/12/02	8.140	8.172	8.121	8.172	1417740	11561802.00
2022/12/05	8.174	8.204	8.140	8.204	2287470	18735846.00
2022/12/06	8.204	8.264	8.186	8.264	3078511	25332028.00
2022/12/07	8.258	8.260	8.193	8.220	1449084	11929042.00
2022/12/08	8.216	8.255	8.189	8.234	1753530	14429187.00
2022/12/09	8.233	8.259	8.233	8.250	1614139	13313604.00
2022/12/12	8.250	8.288	8.179	8.216	1722067	14152480.00
2022/12/13	8.215	8.215	8.186	8.192	649471	5320701.00
2022/12/14	8.191	8.191	8.157	8.163	962459	7858396.50
2022/12/15	8.152	8.200	8.152	8.186	2023408	16533711.00
2022/12/16	8.186	8.208	8.145	8.156	1541905	12590236.00
2022/12/19	8.156	8.166	8.152	8.165	752961	6145820.00
2022/12/20	8.164	8.164	8.131	8.142	791162	6441975.00
2022/12/21	8.142	8.149	8.125	8.149	627781	5105779.50
2022/12/22	8.149	8.158	8.142	8.151	900204	7334878.00
2022/12/23	8.151	8.181	8.132	8.181	810638	6621276.50
2022/12/26	8.181	8.181	8.144	8.169	1745669	14242867.00
2022/12/27	8.169	8.169	8.088	8.105	1491536	12123131.00
2022/12/28	8.129	8.145	8.070	8.134	1875748	15200358.00
2022/12/29	8.150	8.164	8.114	8.160	720823	5860031.50
2022/12/30	8.160	8.195	8.103	8.163	1644667	13432695.00
2023/01/03	8.159	8.163	8.133	8.150	1348478	10990817.00
2023/01/04	8.147	8.150	8.120	8.131	1224709	9962019.00
2023/01/05	8.131	8.131	8.022	8.068	1620130	13090531.00
2023/01/06	8.068	8.099	8.052	8.094	1605998	12969251.00
2023/01/09	8.094	8.099	8.059	8.080	1978629	15970465.00
2023/01/10	8.093	8.138	8.076	8.138	1692920	13700455.00
2023/01/11	8.138	8.162	8.138	8.160	1984937	16176955.00
2023/01/12	8.157	8.157	8.100	8.115	2199503	17868094.00
2023/01/13	8.115	8.138	8.075	8.094	1198406	9706768.00
2023/01/16	8.088	8.088	8.063	8.068	1716730	13856868.00
2023/01/17	8.054	8.064	7.996	7.997	1865975	14973763.00
2023/01/18	7.998	8.004	7.960	7.980	1998623	15965879.00
2023/01/19	7.976	8.043	7.965	8.028	1421929	11371855.00
2023/01/20	8.028	8.060	8.000	8.049	940342	7540094.00
2023/01/30	8.042	8.060	8.022	8.046	1849165	14884704.00
2023/01/31	8.044	8.080	8.026	8.077	1896039	15292173.00
2023/02/01	8.033	8.150	8.033	8.150	1903453	15423558.00
2023/02/02	8.148	8.149	8.096	8.141	1628108	13205590.00
2023/02/03	8.140	8.174	8.111	8.174	1488848	12122865.00
2023/02/06	8.116	8.174	8.116	8.161	2038768	16641898.00
2023/02/07	8.160	8.160	8.121	8.148	1354198	11029052.00
2023/02/08	8.153	8.165	8.149	8.160	1292748	10548844.00
2023/02/09	8.160	8.168	8.140	8.156	1232402	10051595.00
2023/02/10	8.156	8.179	8.143	8.170	1411804	11527426.00
2023/02/13	8.170	8.194	8.170	8.188	1255877	10282485.00
2023/02/14	8.188	8.199	8.181	8.196	1654370	13557435.00
2023/02/15	8.196	8.235	8.196	8.229	1402976	11541097.00
2023/02/16	8.231	8.270	8.229	8.236	2039530	16811718.00
2023/02/17	8.237	8.260	8.208	8.220	2001555	16482367.00
2023/02/20	8.220	8.237	8.200	8.231	2141716	17619974.00
2023/02/21	8.231	8.265	8.218	8.218	1609899	13277463.00
2023/02/22	8.215	8.245	8.200	8.215	1424131	11716657.00
2023/02/23	8.210	8.234	8.200	8.202	796931	6548770.00
2023/02/24	8.208	8.208	8.094	8.179	1452328	11826119.00
2023/02/27	8.178	8.178	8.122	8.154	677485	5522924.00
2023/02/28	8.153	8.165	8.153	8.161	1130397	9226591.00
2023/03/01	8.161	8.165	8.141	8.163	978807	7989381.50
2023/03/02	8.163	8.169	8.157	8.160	1348084	11005963.00
2023/03/03	8.160	8.160	8.150	8.158	931795	7601893.50
2023/03/06	8.158	8.176	8.142	8.155	1266871	10336432.00
2023/03/07	8.153	8.153	8.099	8.108	2428646	19736248.00
2023/03/08	8.115	8.115	8.073	8.085	2373555	19187966.00
2023/03/09	8.085	8.098	8.082	8.090	1955627	15820077.00
2023/03/10	8.089	8.091	8.067	8.091	1906386	15401523.00
2023/03/13	8.091	8.151	8.091	8.140	1541838	12508600.00
2023/03/14	8.140	8.140	8.103	8.119	1354534	10993715.00
2023/03/15	8.119	8.139	8.117	8.131	770076	6254453.00
2023/03/16	8.131	8.131	8.096	8.113	1464690	11881663.00
2023/03/17	8.113	8.128	8.110	8.122	765834	6217880.00
2023/03/20	8.119	8.120	8.100	8.114	1051013	8526335.00
2023/03/21	8.115	8.115	8.101	8.110	1169275	9482701.00
2023/03/22	8.106	8.116	8.104	8.116	1243494	10082859.00
2023/03/23	8.101	8.137	8.101	8.124	1299311	10554241.00
2023/03/24	8.124	8.134	8.110	8.125	1518015	12334860.00
2023/03/27	8.124	8.132	8.106	8.120	1680394	13641085.00
2023/03/28	8.120	8.120	8.041	8.060	1363696	11021480.00
2023/03/29	8.080	8.080	7.961	7.983	1202930	9620789.00
2023/03/30	7.983	8.010	7.970	7.983	1219012	9730698.00
2023/03/31	7.983	8.040	7.960	7.987	1874254	14982036.00
2023/04/03	7.987	8.037	7.987	8.030	852968	6844015.00
2023/04/04	8.022	8.049	8.014	8.037	751709	6042787.00
2023/04/06	8.037	8.090	8.028	8.090	1428470	11523040.00
2023/04/07	8.090	8.090	8.024	8.068	1064927	8572842.00
2023/04/10	8.063	8.065	8.035	8.048	912823	7345236.00
2023/04/11	8.047	8.047	8.025	8.032	972471	7809067.50
2023/04/12	8.034	8.040	8.020	8.031	689822	5538627.50
2023/04/13	8.030	8.030	7.960	8.004	1046327	8361838.50
2023/04/14	7.999	8.017	7.990	8.017	969243	7757708.50
2023/04/17	8.017	8.028	8.001	8.022	1013921	8124577.00
2023/04/18	8.020	8.030	8.014	8.023	906674	7272357.00
2023/04/19	8.020	8.024	8.002	8.020	792041	6343913.00
2023/04/20	8.019	8.020	7.996	8.005	1137704	9107044.00
2023/04/21	8.005	8.005	7.950	7.972	990577	7890216.00
2023/04/24	7.970	7.970	7.902	7.914	870600	6904765.00
2023/04/25	7.930	7.940	7.800	7.860	1269300	9974225.00
2023/04/26	7.860	7.870	7.700	7.835	1456370	11385278.00
2023/04/27	7.820	7.820	7.675	7.686	965720	7472804.00
2023/04/28	7.668	7.686	7.574	7.610	921506	7018373.00
2023/05/04	7.610	7.633	7.400	7.500	1460457	10933933.00
2023/05/05	7.499	7.499	7.167	7.299	1781747	12968400.00
2023/05/08	7.279	7.290	7.149	7.165	1883099	13538703.00
2023/05/09	7.164	7.164	7.076	7.107	1823659	12940664.00
2023/05/10	7.104	7.388	7.010	7.386	2769557	19804174.00
2023/05/11	7.386	7.435	7.252	7.399	2465810	18120256.00
2023/05/12	7.396	7.430	7.277	7.430	1533998	11263780.00
2023/05/15	7.455	7.615	7.435	7.529	2366757	17785008.00
2023/05/16	7.550	7.615	7.530	7.585	1833494	13872700.00
2023/05/17	7.587	7.598	7.550	7.562	1412370	10700956.00
2023/05/18	6.835	6.850	6.750	6.750	1196466	8104369.00
2023/05/19	6.760	6.844	6.757	6.758	843958	5710572.50
2023/05/22	6.760	6.820	6.760	6.767	909567	6160541.00
2023/05/23	6.767	6.782	6.757	6.769	480419	3249300.75
2023/05/24	6.767	6.782	6.750	6.764	471072	3188414.75
2023/05/25	6.764	6.778	6.752	6.761	583488	3944459.00
2023/05/26	6.761	6.780	6.749	6.755	741959	5009645.50
2023/05/29	6.751	6.764	6.700	6.710	730690	4912221.00
2023/05/30	6.710	6.710	6.630	6.640	715501	4767814.50
2023/05/31	6.640	6.658	6.478	6.519	1401067	9108199.00
2023/06/01	6.519	6.595	6.437	6.555	1044315	6814779.50
2023/06/02	6.555	6.619	6.515	6.619	947374	6191095.00
2023/06/05	6.619	6.633	6.539	6.590	688785	4524877.50
2023/06/06	6.582	6.583	6.440	6.478	716417	4643451.50
2023/06/07	6.477	6.548	6.455	6.546	1014701	6614375.00
2023/06/08	6.546	6.724	6.512	6.719	868940	5752427.50
2023/06/09	6.719	6.722	6.684	6.699	473074	3169665.50
2023/06/12	6.697	6.697	6.678	6.694	564283	3773768.75
2023/06/13	6.694	6.715	6.645	6.665	545140	3636234.00
2023/06/14	6.666	6.698	6.651	6.667	801439	5345888.50
2023/06/15	6.667	6.680	6.650	6.680	567620	3779405.00
2023/06/16	6.680	6.765	6.680	6.711	518413	3477976.75
2023/06/19	6.711	6.711	6.648	6.675	415150	2771350.25
2023/06/20	6.675	6.750	6.634	6.634	616199	4090978.50
2023/06/21	6.631	6.650	6.610	6.620	538766	3570913.25
2023/06/26	6.620	6.638	6.571	6.582	763925	5043044.50
2023/06/27	6.571	6.600	6.512	6.541	704063	4617640.50
2023/06/28	6.537	6.540	6.489	6.493	985634	6412629.50
2023/06/29	6.493	6.493	6.430	6.455	1004648	6485975.00
2023/06/30	6.455	6.469	6.417	6.421	1194608	7689865.00
2023/07/03	6.421	6.421	6.250	6.292	2286141	14387279.00
2023/07/04	6.279	6.290	6.200	6.219	1736865	10839090.00
2023/07/05	6.215	6.215	6.026	6.060	2904504	17714968.00
2023/07/06	6.170	6.249	6.070	6.238	3089131	19098930.00
2023/07/07	6.258	6.367	6.239	6.318	2706238	17152598.00
2023/07/10	6.328	6.406	6.266	6.292	3444888	21721006.00
2023/07/11	6.291	6.310	6.248	6.260	1672300	10476602.00
2023/07/12	6.252	6.252	6.160	6.172	1505980	9301124.00
2023/07/13	6.170	6.229	6.140	6.228	1745072	10829624.00
2023/07/14	6.229	6.350	6.228	6.315	2336853	14727085.00
2023/07/17	6.315	6.540	6.280	6.539	1253911	8062042.50
2023/07/18	6.572	6.764	6.572	6.750	3086050	20781252.00
2023/07/19	6.753	6.830	6.577	6.690	2609726	17472668.00
2023/07/20	6.694	6.700	6.560	6.576	2178616	14330100.00
2023/07/21	6.575	6.635	6.540	6.600	1825193	12075084.00
2023/07/24	6.640	6.640	6.568	6.597	1276366	8419129.00
2023/07/25	6.580	6.697	6.580	6.593	1556055	10277679.00
2023/07/26	6.593	6.640	6.464	6.495	2113593	13778332.00
2023/07/27	6.494	6.494	6.448	6.460	1054156	6809284.50
2023/07/28	6.450	6.450	6.420	6.440	2469016	15886354.00
2023/07/31	6.440	6.514	6.422	6.494	3681142	23844880.00
2023/08/01	6.634	6.634	6.490	6.563	2642242	17307750.00
2023/08/02	6.564	6.671	6.530	6.579	1987722	13095693.00
2023/08/03	6.582	6.582	6.549	6.574	2206881	14476848.00
2023/08/04	6.578	6.600	6.532	6.590	2781502	18281238.00
2023/08/07	6.585	6.601	6.571	6.600	2398624	15788820.00
2023/08/08	6.600	6.600	6.568	6.599	2001368	13179609.00
2023/08/09	6.586	6.639	6.586	6.630	1876845	12418642.00
2023/08/10	6.631	6.705	6.604	6.696	3034458	20236004.00
2023/08/11	6.699	6.710	6.663	6.689	1305032	8726177.00
2023/08/14	6.688	6.688	6.590	6.635	2260429	14933276.00
2023/08/15	6.600	6.670	6.600	6.648	1520174	10088624.00
2023/08/16	6.629	6.646	6.594	6.599	1327964	8777540.00
2023/08/17	6.599	6.599	6.553	6.563	2296006	15057027.00
2023/08/18	6.562	6.585	6.535	6.583	1532287	10061998.00
2023/08/21	6.576	6.580	6.529	6.553	1739228	11394484.00
2023/08/22	6.550	6.550	6.462	6.525	1790100	11654065.00
2023/08/23	6.515	6.515	6.485	6.505	1428530	9294848.00
2023/08/24	6.503	6.531	6.470	6.531	1204785	7836862.00
2023/08/25	6.503	6.527	6.491	6.527	1947524	12672437.00
2023/08/28	6.552	6.590	6.492	6.549	1931671	12595741.00
2023/08/29	6.546	6.556	6.492	6.551	1931110	12594264.00
2023/08/30	6.551	6.551	6.506	6.546	922200	6032561.50
2023/08/31	6.545	6.545	6.528	6.528	830922	5428985.00
2023/09/01	6.530	6.680	6.512	6.522	1114216	7274415.00
2023/09/04	6.522	6.530	6.508	6.509	616843	4018923.25
2023/09/05	6.500	6.515	6.496	6.500	1385131	9003294.00
2023/09/06	6.499	6.508	6.491	6.500	857820	5575629.50
2023/09/07	6.500	6.527	6.500	6.517	733802	4781906.50
2023/09/08	6.599	6.599	6.517	6.540	572395	3735602.00
2023/09/11	6.526	6.591	6.520	6.554	890921	5834455.00
2023/09/12	6.554	6.596	6.523	6.533	1007093	6590176.50
2023/09/13	6.537	6.550	6.482	6.497	1196872	7798278.50
2023/09/14	6.495	6.496	6.470	6.471	731450	4744854.50
2023/09/15	6.488	6.488	6.470	6.475	819162	5305031.50
2023/09/18	6.533	6.533	6.430	6.480	1120724	7240720.00
2023/09/19	6.460	6.506	6.460	6.505	571462	3701810.00
2023/09/20	6.505	6.514	6.480	6.488	1235084	8020642.00
2023/09/21	6.482	6.485	6.474	6.480	665921	4315473.50
2023/09/22	6.478	6.521	6.469	6.485	841424	5452297.00
2023/09/25	6.470	6.474	6.440	6.450	943632	6096245.00
2023/09/26	6.430	6.450	6.400	6.421	1385951	8884982.00
2023/09/27	6.400	6.431	6.384	6.422	1010668	6473685.00
2023/09/28	6.422	6.488	6.396	6.430	1486528	9561604.00
2023/10/09	6.430	6.442	6.400	6.431	832949	5346415.00
2023/10/10	6.431	6.431	6.401	6.417	668940	4285414.00
2023/10/11	6.421	6.421	6.405	6.409	734533	4707456.50
2023/10/12	6.409	6.415	6.405	6.414	800047	5127373.50
2023/10/13	6.414	6.440	6.398	6.402	837513	5373653.50
2023/10/16	6.401	6.402	6.375	6.378	778227	4968774.50
2023/10/17	6.378	6.418	6.350	6.357	531583	3381771.00
2023/10/18	6.357	6.358	6.300	6.300	827438	5221680.00
2023/10/19	6.300	6.320	6.259	6.260	793365	4977218.00
2023/10/20	6.260	6.260	6.235	6.239	851305	5317387.50
2023/10/23	6.239	6.240	6.100	6.104	1419470	8743816.00
2023/10/24	6.105	6.208	6.063	6.208	3199182	19557294.00
2023/10/25	6.210	6.320	6.168	6.261	2189658	13663957.00
2023/10/26	6.256	6.256	6.150	6.238	2412074	14952952.00
2023/10/27	6.238	6.244	6.182	6.210	1615859	10034339.00
2023/10/30	6.209	6.210	6.102	6.140	2505065	15384031.00
2023/10/31	6.140	6.190	6.063	6.091	2384283	14528198.00
2023/11/01	6.091	6.110	6.067	6.080	2409601	14657016.00
2023/11/02	6.080	6.111	6.070	6.076	1419581	8637031.00
2023/11/03	6.110	6.113	6.066	6.076	2241853	13618543.00
2023/11/06	6.080	6.175	6.036	6.109	2802723	16952238.00
2023/11/07	6.070	6.105	6.070	6.077	2933365	17859640.00
2023/11/08	6.073	6.110	6.062	6.110	2593130	15792633.00
2023/11/09	6.111	6.152	6.111	6.149	3796086	23285398.00
2023/11/10	6.155	6.168	6.134	6.148	2601733	15999816.00
2023/11/13	6.145	6.160	6.144	6.158	2887319	17764780.00
2023/11/14	6.160	6.240	6.160	6.204	2708112	16795938.00
2023/11/15	6.201	6.227	6.167	6.196	3430383	21242780.00
2023/11/16	6.195	6.216	6.160	6.215	1632269	10073243.00
2023/11/17	6.215	6.224	6.180	6.218	1700816	10523911.00
2023/11/20	6.215	6.218	6.166	6.169	2674713	16536233.00
2023/11/21	6.160	6.175	6.140	6.169	1852982	11417504.00
2023/11/22	6.180	6.181	6.137	6.139	1803413	11104502.00
2023/11/23	6.139	6.159	6.094	6.105	1688366	10307684.00
2023/11/24	6.105	6.105	6.065	6.096	783330	4759210.00
2023/11/27	6.095	6.095	5.998	6.023	1810491	10944176.00
2023/11/28	6.021	6.029	6.010	6.023	2299319	13839727.00
2023/11/29	6.023	6.039	5.998	6.025	1337681	8030967.00
2023/11/30	6.020	6.066	6.005	6.063	2201091	13310288.00
2023/12/01	6.060	6.071	6.051	6.064	2210816	13395626.00
2023/12/04	6.063	6.110	6.063	6.110	1824023	11133669.00
2023/12/05	6.106	6.115	6.080	6.105	2011085	12278824.00
2023/12/06	6.071	6.105	6.060	6.097	1923717	11714374.00
2023/12/07	6.111	6.189	6.111	6.182	2386327	14727669.00
2023/12/08	6.185	6.249	6.185	6.207	2432432	15110576.00
2023/12/11	6.205	6.244	6.158	6.188	3375534	20908564.00
2023/12/12	5.883	5.883	5.756	5.780	2327176	13443060.00
2023/12/13	5.779	5.819	5.705	5.790	1536729	8880676.00
2023/12/14	5.794	5.817	5.794	5.810	1504428	8726582.00
2023/12/15	5.824	5.835	5.810	5.830	2055782	11983866.00
2023/12/18	5.829	5.877	5.800	5.868	2244954	13164466.00
2023/12/19	5.860	5.911	5.839	5.890	3119761	18389588.00
2023/12/20	5.890	5.938	5.880	5.918	3612080	21321556.00
2023/12/21	5.919	6.050	5.918	6.040	5666981	34050400.00
2023/12/22	6.040	6.117	6.030	6.050	5439702	33149492.00
2023/12/25	6.041	6.055	5.920	6.043	3718197	22400686.00
2023/12/26	6.038	6.042	5.963	6.025	4028812	24299016.00
2023/12/27	6.024	6.024	5.962	5.978	4065991	24328160.00
2023/12/28	5.978	6.102	5.948	6.102	4919299	29437324.00
2023/12/29	6.096	6.280	6.073	6.280	3654170	22336222.00
2024/01/02	6.271	6.271	6.131	6.150	2780145	17190470.00
2024/01/03	6.146	6.230	6.080	6.121	4015189	24700434.00
2024/01/04	6.225	6.225	6.071	6.100	3131879	19127060.00
2024/01/05	6.128	6.129	6.022	6.053	3190814	19361456.00
2024/01/08	6.053	6.087	5.990	6.021	3250304	19595060.00
2024/01/09	5.950	6.029	5.838	6.006	5080160	30536032.00
2024/01/10	6.006	6.006	5.980	5.996	2760726	16555526.00
2024/01/11	5.997	6.056	5.980	6.050	3496097	21005816.00
2024/01/12	6.045	6.045	6.007	6.020	2189333	13174022.00
2024/01/15	6.018	6.018	5.910	5.932	5310813	31526214.00
2024/01/16	5.888	5.938	5.881	5.920	5332732	31575580.00
2024/01/17	5.930	6.006	5.904	5.997	6093048	36481712.00
2024/01/18	5.993	6.003	5.923	5.949	4860272	28942628.00
2024/01/19	5.948	6.007	5.924	6.003	4164148	24978530.00
2024/01/22	6.005	6.040	5.933	5.939	3142466	18856320.00
2024/01/23	5.923	5.999	5.923	5.933	3071451	18239352.00
2024/01/24	5.935	6.046	5.909	5.990	3861481	23134750.00
2024/01/25	5.968	6.030	5.968	6.005	3748503	22530988.00
2024/01/26	6.010	6.018	5.994	6.000	3229643	19395518.00
2024/01/29	6.000	6.035	5.971	6.009	3824329	22966508.00
2024/01/30	6.008	6.061	5.986	6.020	4906957	29525334.00
2024/01/31	6.049	6.058	6.000	6.019	4745992	28581896.00
2024/02/01	6.019	6.020	5.992	6.020	4886487	29347554.00
2024/02/02	6.020	6.033	5.996	6.029	4395997	26478018.00
2024/02/05	6.019	6.049	5.939	5.969	4875891	29154364.00
2024/02/06	5.946	5.999	5.923	5.995	5318022	31585718.00
2024/02/07	5.977	6.026	5.952	6.002	6479013	38840768.00
2024/02/08	6.002	6.060	6.002	6.050	6360568	38325484.00
2024/02/19	6.048	6.278	6.031	6.278	3789321	23456518.00
2024/02/20	6.309	6.431	6.305	6.334	6578931	41945528.00
2024/02/21	6.340	6.362	6.260	6.362	6030409	38200280.00
2024/02/22	6.366	6.420	6.320	6.354	5583984	35719004.00
2024/02/23	6.354	6.511	6.321	6.505	6414944	41228464.00
2024/02/26	6.515	6.794	6.505	6.768	5247990	34996580.00
2024/02/27	6.768	6.800	6.571	6.601	6807327	45434228.00
2024/02/28	6.599	6.601	6.535	6.575	6334545	41654936.00
2024/02/29	6.555	6.675	6.540	6.610	7006865	46365128.00
2024/03/01	6.609	6.835	6.609	6.820	6806381	46204708.00
2024/03/04	6.820	6.950	6.751	6.939	4552953	31472052.00
2024/03/05	6.929	7.067	6.900	7.034	7692996	54049948.00
2024/03/06	7.031	7.031	6.964	6.986	6856385	47980360.00
2024/03/07	6.986	7.001	6.940	6.947	7073178	49344988.00
2024/03/08	6.940	6.965	6.870	6.885	8206224	56643252.00
2024/03/11	6.880	6.956	6.845	6.954	3566134	24629770.00
2024/03/12	6.955	6.980	6.914	6.945	5612113	38883068.00
2024/03/13	6.920	6.957	6.861	6.861	4057409	28080252.00
2024/03/14	6.861	6.867	6.841	6.850	5054126	34649952.00
2024/03/15	6.867	6.880	6.841	6.848	2205202	15118663.00
2024/03/18	6.851	6.885	6.820	6.849	2579413	17648224.00
2024/03/19	6.849	6.918	6.821	6.900	3834089	26331336.00
2024/03/20	6.900	6.931	6.826	6.909	3028879	20907776.00
2024/03/21	6.882	6.911	6.775	6.860	4081852	27833080.00
2024/03/22	6.826	6.858	6.652	6.666	5000297	33653028.00
2024/03/25	6.661	6.736	6.479	6.500	5311387	34621600.00
2024/03/26	6.499	6.581	6.462	6.578	2846944	18635238.00
2024/03/27	6.604	6.785	6.591	6.781	2463530	16492709.00
2024/03/28	6.781	6.781	6.719	6.757	3207379	21630222.00
2024/03/29	6.747	6.820	6.728	6.795	2379437	16171993.00
2024/04/01	6.795	6.829	6.695	6.736	2703219	18197198.00
2024/04/02	6.732	6.732	6.688	6.694	2555987	17120998.00
2024/04/03	6.690	6.820	6.687	6.817	3251569	21872534.00
2024/04/08	6.817	6.868	6.817	6.860	2713827	18603894.00
2024/04/09	6.868	6.978	6.841	6.860	2769322	19009944.00
2024/04/10	6.823	6.880	6.823	6.875	2364924	16241396.00
2024/04/11	6.888	6.904	6.880	6.897	3382254	23319376.00
2024/04/12	6.897	6.910	6.888	6.898	3894532	26865340.00
2024/04/15	6.929	6.929	6.875	6.900	3327512	22949980.00
2024/04/16	6.899	6.928	6.853	6.901	3300738	22739084.00
2024/04/17	6.905	7.002	6.860	6.996	4361256	30356228.00
2024/04/18	6.996	7.004	6.975	6.998	4048017	28333628.00
2024/04/19	6.996	7.040	6.947	6.953	3670924	25565450.00
2024/04/22	6.953	6.999	6.938	6.953	3599933	25078632.00
2024/04/23	7.000	7.055	6.989	7.049	3630811	25558020.00
2024/04/24	7.051	7.070	7.026	7.068	4011570	28249518.00
2024/04/25	7.069	7.089	7.061	7.081	3584778	25350934.00
2024/04/26	6.723	6.832	6.661	6.699	3695714	24844518.00
2024/04/29	6.698	6.750	6.558	6.650	4047125	26808332.00
2024/04/30	6.644	6.665	6.570	6.639	3621251	24004036.00
2024/05/06	6.640	6.680	6.600	6.628	4137554	27402404.00
2024/05/07	6.628	6.658	6.627	6.629	3210853	21289762.00
2024/05/08	6.620	6.625	6.571	6.620	2597987	17142008.00
2024/05/09	6.615	6.615	6.600	6.604	1553192	10266233.00
2024/05/10	6.604	6.636	6.600	6.608	2028938	13399622.00
2024/05/13	6.608	6.620	6.608	6.614	2434842	16098486.00
2024/05/14	6.615	6.650	6.600	6.618	1906829	12596583.00
2024/05/15	6.618	6.620	6.580	6.603	2247789	14806485.00
2024/05/16	6.603	6.627	6.576	6.581	3023007	19938738.00
2024/05/17	6.581	6.585	6.533	6.583	2746457	17977988.00
2024/05/20	6.570	6.582	6.550	6.554	2249444	14745551.00
2024/05/21	6.554	6.554	6.492	6.500	3779148	24576388.00
2024/05/22	6.500	6.500	6.465	6.477	2850045	18447700.00
2024/05/23	6.477	6.477	6.426	6.434	3376467	21723608.00
2024/05/24	6.435	6.529	6.435	6.521	2394478	15525314.00
2024/05/27	6.540	6.550	6.521	6.549	1613398	10558272.00
2024/05/28	6.573	6.575	6.543	6.573	1517774	9972235.00
2024/05/29	6.573	6.599	6.573	6.593	1428081	9418932.00
2024/05/30	6.585	6.600	6.540	6.556	2228324	14658167.00
2024/05/31	6.555	6.564	6.523	6.564	1289593	8417454.00
2024/06/03	6.535	6.535	6.500	6.525	2258064	14717624.00
2024/06/04	6.505	6.540	6.471	6.539	2551930	16558441.00
2024/06/05	6.540	6.561	6.513	6.560	1700669	11150376.00
2024/06/06	6.535	6.622	6.535	6.622	1789134	11788210.00
2024/06/07	6.620	6.646	6.616	6.634	2252001	14917060.00
2024/06/11	6.649	6.656	6.624	6.633	1737521	11530588.00
2024/06/12	6.650	6.650	6.612	6.627	1435282	9495659.00
2024/06/13	6.627	6.630	6.517	6.630	1816884	12021607.00
2024/06/14	6.597	6.628	6.560	6.597	1955073	12902051.00
2024/06/17	6.608	6.626	6.559	6.624	1439425	9527459.00
2024/06/18	6.620	6.646	6.558	6.640	1358276	9006998.00
2024/06/19	6.640	6.656	6.632	6.655	1481980	9851363.00
2024/06/20	6.655	6.655	6.622	6.650	1511466	10025284.00
2024/06/21	6.617	6.666	6.617	6.656	1385134	9215224.00
2024/06/24	6.656	6.682	6.654	6.669	2158095	14394577.00
2024/06/25	6.670	6.688	6.666	6.668	1572656	10502793.00
2024/06/26	6.668	6.689	6.658	6.668	2033033	13552397.00
2024/06/27	6.687	6.785	6.668	6.780	2357046	15869282.00
2024/06/28	6.772	6.807	6.756	6.781	2608704	17709122.00
2024/07/01	6.781	6.802	6.781	6.790	1544362	10492440.00
2024/07/02	6.807	6.819	6.732	6.770	1759950	11972955.00
2024/07/03	6.770	6.770	6.718	6.761	2369469	15971339.00
2024/07/04	6.761	6.813	6.740	6.775	2389859	16239964.00
2024/07/05	6.751	6.796	6.730	6.740	1702731	11471236.00
2024/07/08	6.739	6.739	6.706	6.720	1356325	9119657.00
2024/07/09	6.726	6.726	6.704	6.716	1414425	9501578.00
2024/07/10	6.716	6.721	6.708	6.719	1517691	10191167.00
2024/07/11	6.740	6.752	6.650	6.675	1594889	10687274.00
2024/07/12	6.675	6.681	6.653	6.665	1063624	7096721.50
2024/07/15	6.665	6.765	6.660	6.750	1209461	8135371.50
2024/07/16	6.764	6.785	6.750	6.756	1423662	9634473.00
2024/07/17	6.755	6.757	6.663	6.725	1920710	12893283.00
2024/07/18	6.714	6.714	6.616	6.620	3599432	23917122.00
2024/07/19	6.620	6.621	6.492	6.501	3818866	24848136.00
2024/07/22	6.501	6.552	6.501	6.550	2524056	16499522.00
2024/07/23	6.550	6.550	6.525	6.541	1707375	11165839.00
2024/07/24	6.505	6.580	6.489	6.494	1769081	11517399.00
2024/07/25	6.490	6.494	6.465	6.467	1282600	8303343.00
2024/07/26	6.467	6.596	6.467	6.596	3243952	21295912.00
2024/07/29	6.595	6.621	6.548	6.567	2013354	13280315.00
2024/07/30	6.567	6.600	6.542	6.563	2669016	17493656.00
2024/07/31	6.468	6.468	6.302	6.325	2913223	18410494.00
2024/08/01	6.330	6.350	6.325	6.333	1527366	9670293.00
2024/08/02	6.333	6.399	6.330	6.374	1572742	9996826.00
2024/08/05	6.374	6.413	6.340	6.399	2860519	18246478.00
2024/08/06	6.401	6.479	6.399	6.452	2880273	18588906.00
2024/08/07	6.454	6.526	6.454	6.525	2667751	17357902.00
2024/08/08	6.525	6.590	6.505	6.525	2304078	15080086.00
2024/08/09	6.525	6.557	6.489	6.508	2151058	13992062.00
2024/08/12	6.508	6.508	6.461	6.492	1650163	10714142.00
2024/08/13	6.461	6.499	6.461	6.475	2071279	13437709.00
2024/08/14	6.490	6.505	6.461	6.497	1504371	9772659.00
2024/08/15	6.549	6.549	6.497	6.520	1511584	9846287.00
2024/08/16	6.520	6.549	6.501	6.511	1495485	9742327.00
2024/08/19	6.511	6.511	6.451	6.500	1419100	9224015.00
2024/08/20	6.500	6.532	6.423	6.461	1974300	12770700.00
2024/08/21	6.454	6.460	6.350	6.375	1957714	12523761.00
2024/08/22	6.370	6.415	6.370	6.402	1662025	10638166.00
2024/08/23	6.401	6.428	6.379	6.418	2019245	12935589.00
2024/08/26	6.418	6.426	6.365	6.387	1719905	10979696.00
2024/08/27	6.387	6.387	6.330	6.365	1625469	10345194.00
2024/08/28	6.365	6.400	6.000	6.360	5076492	31464558.00
2024/08/29	6.296	6.333	6.235	6.320	3494522	21921274.00
2024/08/30	6.319	6.360	6.280	6.355	2457040	15581965.00
2024/09/02	6.351	6.385	6.350	6.380	1494273	9529240.00
2024/09/03	6.380	6.380	6.348	6.361	1023744	6510860.50
2024/09/04	6.361	6.391	6.352	6.373	1119321	7128924.50
2024/09/05	6.382	6.406	6.382	6.399	1528792	9782956.00
2024/09/06	6.419	6.419	6.385	6.392	895728	5724566.00
2024/09/09	6.418	6.418	6.366	6.374	1259733	8038139.50
2024/09/10	6.374	6.374	6.320	6.328	1112012	7040865.50
2024/09/11	6.398	6.398	6.276	6.278	1924334	12096549.00
2024/09/12	6.277	6.349	6.246	6.254	1853981	11600012.00
2024/09/13	6.252	6.285	6.238	6.278	1684487	10524049.00
2024/09/18	6.278	6.301	6.253	6.275	1436929	9030358.00
2024/09/19	6.250	6.308	6.250	6.253	1583723	9940293.00
2024/09/20	6.253	6.290	6.233	6.233	1182205	7376802.50
2024/09/23	6.233	6.282	6.222	6.226	995159	6201576.00
2024/09/24	6.224	6.253	6.224	6.248	1446571	9038163.00
2024/09/25	6.248	6.270	6.197	6.250	2588942	16169201.00
2024/09/26	6.250	6.261	6.236	6.241	2507902	15644349.00
2024/09/27	6.240	6.240	6.167	6.176	2704088	16708081.00
2024/09/30	6.176	6.176	6.039	6.090	4792072	29134340.00
2024/10/08	6.090	6.094	6.000	6.070	5180714	31359184.00
2024/10/09	6.040	6.095	6.015	6.087	4097392	24821766.00
2024/10/10	6.092	6.128	6.087	6.121	3104380	18986542.00
2024/10/11	6.120	6.207	6.113	6.187	3502263	21692240.00
2024/10/14	6.187	6.205	6.150	6.151	3126583	19283082.00
2024/10/15	6.152	6.182	6.110	6.121	2394289	14723522.00
2024/10/16	6.111	6.145	6.102	6.105	1900387	11634859.00
2024/10/17	6.105	6.146	6.098	6.113	1666162	10185315.00
2024/10/18	6.139	6.139	6.090	6.096	1668456	10183618.00
2024/10/21	6.095	6.095	6.064	6.081	4699770	28575968.00
2024/10/22	6.094	6.094	6.075	6.080	4623443	28114296.00
2024/10/23	6.080	6.090	6.066	6.079	4119543	25027098.00
2024/10/24	6.078	6.089	6.070	6.077	2477590	15059967.00
2024/10/25	6.086	6.113	6.081	6.105	2743051	16751173.00
2024/10/28	6.115	6.130	6.102	6.108	1889361	11558505.00
2024/10/29	6.108	6.108	6.088	6.091	2425142	14775271.00
2024/10/30	6.070	6.090	6.065	6.078	3071803	18676198.00
2024/10/31	6.078	6.085	6.070	6.076	3307772	20087998.00
2024/11/01	6.076	6.095	6.029	6.039	2331133	14110986.00
2024/11/04	6.039	6.077	6.039	6.049	1639994	9920550.00
2024/11/05	6.055	6.081	6.047	6.058	2609476	15827261.00
2024/11/06	6.068	6.095	6.051	6.090	2164254	13160955.00
2024/11/07	6.090	6.100	6.080	6.090	2317839	14102580.00
2024/11/08	6.089	6.089	6.062	6.071	2356833	14300776.00
2024/11/11	6.083	6.199	6.082	6.198	4380595	26903814.00
2024/11/12	6.208	6.221	6.162	6.218	6092381	37787488.00
2024/11/13	6.219	6.236	6.189	6.236	3326231	20673810.00
2024/11/14	6.030	6.060	5.997	6.005	5490124	33020064.00
2024/11/15	6.005	6.044	6.002	6.022	11921440	71774448.00
2024/11/18	6.030	6.062	6.030	6.052	4697584	28385810.00
2024/11/19	6.052	6.061	6.000	6.022	6528343	39317812.00
2024/11/20	6.025	6.045	6.018	6.035	2352929	14208121.00
2024/11/21	6.035	6.047	6.015	6.031	3938110	23752234.00
2024/11/22	6.031	6.053	6.010	6.020	1754944	10581953.00
2024/11/25	6.020	6.020	6.003	6.007	2609448	15691531.00
2024/11/26	6.007	6.019	6.002	6.005	1481758	8897090.00
2024/11/27	6.005	6.024	5.980	6.006	2936557	17668340.00
2024/11/28	6.005	6.015	6.000	6.005	1875841	11261799.00
2024/11/29	6.010	6.020	6.001	6.013	1946596	11700747.00
2024/12/02	6.011	6.055	6.011	6.050	2889877	17453754.00
2024/12/03	6.050	6.060	6.016	6.050	2999201	18141388.00
2024/12/04	6.074	6.074	6.021	6.028	2372163	14346818.00
2024/12/05	6.041	6.041	6.000	6.010	3489449	20976368.00
2024/12/06	6.010	6.020	6.005	6.017	2043821	12290805.00
2024/12/09	6.017	6.022	6.011	6.016	894921	5386540.00
2024/12/10	6.016	6.045	6.007	6.041	2587562	15587314.00
2024/12/11	6.041	6.181	6.023	6.170	2671800	16248318.00
2024/12/12	6.171	6.212	6.144	6.160	2211551	13680442.00
2024/12/13	6.160	6.187	6.145	6.181	2088583	12855117.00
2024/12/16	6.180	6.209	6.158	6.209	2057762	12729624.00
2024/12/17	6.215	6.228	6.163	6.175	1401606	8676205.00
2024/12/18	6.184	6.205	6.171	6.190	2557379	15826541.00
2024/12/19	6.180	6.215	6.151	6.190	2213476	13682357.00
2024/12/20	6.185	6.253	6.185	6.248	2959051	18426690.00
2024/12/23	6.248	6.269	6.208	6.257	2379609	14845512.00
2024/12/24	6.257	6.291	6.257	6.279	4478604	28074978.00
2024/12/25	6.279	6.318	6.251	6.300	3375242	21272932.00
2024/12/26	6.299	6.315	6.293	6.315	2783545	17563280.00
2024/12/27	6.315	6.334	6.310	6.330	2382375	15065701.00
2024/12/30	6.324	6.335	6.320	6.325	2793738	17682516.00
2024/12/31	6.324	6.349	6.290	6.346	2113147	13320380.00
2025/01/02	6.346	6.346	6.291	6.325	6516834	41158916.00
2025/01/03	6.323	6.363	6.293	6.338	3627979	23046144.00
2025/01/06	6.338	6.398	6.296	6.300	4512339	28750624.00
2025/01/07	6.326	6.326	6.194	6.206	4992637	30996366.00
2025/01/08	6.206	6.245	6.205	6.245	2280589	14218140.00
2025/01/09	6.255	6.292	6.254	6.290	2211630	13898518.00
2025/01/10	6.290	6.299	6.245	6.296	6848897	43074996.00
2025/01/13	6.296	6.305	6.270	6.284	2716469	17062794.00
2025/01/14	6.284	6.284	6.194	6.217	3400286	21117412.00
2025/01/15	6.217	6.238	6.213	6.220	8966971	55772832.00
2025/01/16	6.244	6.244	6.103	6.160	6284298	38741096.00
2025/01/17	6.148	6.155	6.131	6.140	5030990	30881588.00
2025/01/20	6.140	6.150	6.130	6.138	2116551	13000486.00
2025/01/21	6.120	6.198	6.104	6.195	3659356	22532326.00
2025/01/22	6.198	6.247	6.162	6.233	3170417	19710754.00
2025/01/23	6.233	6.240	6.194	6.228	4250415	26434116.00
2025/01/24	6.245	6.245	6.220	6.240	5347851	33319990.00
2025/01/27	6.240	6.269	6.230	6.265	1670832	10455251.00
2025/02/05	6.264	6.297	6.228	6.280	2446206	15342731.00
2025/02/06	6.280	6.304	6.259	6.299	2412367	15180721.00
2025/02/07	6.300	6.300	6.258	6.260	2379371	14913617.00
2025/02/10	6.260	6.278	6.201	6.215	2424732	15105924.00
2025/02/11	6.215	6.268	6.215	6.243	2534405	15797083.00
2025/02/12	6.244	6.278	6.203	6.215	3638244	22726178.00
2025/02/13	6.214	6.251	6.213	6.244	2792780	17433506.00
2025/02/14	6.259	6.272	6.250	6.263	1344257	8416395.00
2025/02/17	6.270	6.270	6.247	6.260	2284971	14313725.00
2025/02/18	6.263	6.288	6.260	6.280	2603827	16339550.00
2025/02/19	6.280	6.296	6.251	6.294	1541855	9678859.00
2025/02/20	6.295	6.324	6.266	6.316	3211766	20276834.00
2025/02/21	6.320	6.360	6.309	6.344	3398536	21518082.00
2025/02/24	6.348	6.379	6.344	6.361	4241640	27009818.00
2025/02/25	6.369	6.378	6.350	6.352	3539330	22488598.00
2025/02/26	6.349	6.388	6.345	6.387	5237105	33329058.00
2025/02/27	6.380	6.389	6.349	6.364	4167271	26508766.00
2025/02/28	6.364	6.370	6.305	6.353	2981742	18916684.00
2025/03/03	6.301	6.359	6.301	6.346	1301841	8243511.50
2025/03/04	6.349	6.384	6.312	6.369	3124255	19914344.00
2025/03/05	6.369	6.378	6.341	6.374	4398741	28027588.00
2025/03/06	6.343	6.400	6.343	6.396	3622543	23131722.00
2025/03/07	6.396	6.396	6.370	6.380	2407505	15352249.00
2025/03/10	6.353	6.397	6.353	6.392	1571491	10024731.00
2025/03/11	6.390	6.400	6.360	6.372	2916007	18590044.00
2025/03/12	6.372	6.388	6.342	6.351	2698920	17157440.00
2025/03/13	6.351	6.381	6.350	6.360	3146301	20025766.00
2025/03/14	6.336	6.420	6.336	6.395	2768518	17711972.00
2025/03/17	6.380	6.416	6.360	6.395	2432687	15573357.00
2025/03/18	6.395	6.450	6.382	6.450	4255970	27309024.00
2025/03/19	6.456	6.496	6.451	6.480	1322851	8570502.00
2025/03/20	6.484	6.568	6.484	6.500	2135594	13970481.00
2025/03/21	6.499	6.529	6.499	6.505	2124246	13824087.00
2025/03/24	6.505	6.604	6.505	6.579	2009106	13201771.00
2025/03/25	6.570	6.666	6.570	6.633	1145892	7593493.50
2025/03/26	6.633	6.680	6.633	6.669	2534276	16894044.00
2025/03/27	6.670	6.770	6.669	6.770	1877707	12605070.00
2025/03/28	6.788	6.837	6.694	6.713	1661753	11221575.00
2025/03/31	6.710	6.710	6.566	6.600	2531239	16839354.00
2025/04/01	6.601	6.637	6.519	6.565	1355069	8872790.00
2025/04/02	6.562	6.680	6.526	6.680	1731112	11445731.00
2025/04/03	6.647	6.749	6.647	6.716	2249144	15124126.00
2025/04/07	6.699	6.726	6.576	6.657	2393390	15954301.00
2025/04/08	6.646	6.681	6.602	6.637	3031721	20128098.00
2025/04/09	6.586	6.691	6.584	6.657	1521693	10156712.00
2025/04/10	6.664	6.689	6.636	6.663	2603010	17367598.00
2025/04/11	6.635	6.688	6.632	6.640	2601722	17326496.00
2025/04/14	6.634	6.670	6.625	6.658	2260875	15041152.00
2025/04/15	6.660	6.686	6.660	6.682	1109716	7407683.50
2025/04/16	6.682	6.719	6.666	6.678	2725194	18234462.00
2025/04/17	6.675	6.686	6.660	6.673	1931776	12885598.00
2025/04/18	6.646	6.665	6.646	6.649	1008289	6708173.50
2025/04/21	6.622	6.646	6.538	6.580	1767693	11625413.00
2025/04/22	6.580	6.580	6.412	6.534	3156130	20432400.00
2025/04/23	6.505	6.534	6.475	6.482	1214198	7912154.00
2025/04/24	6.500	6.500	6.430	6.440	1847373	11912821.00
2025/04/25	6.449	6.449	6.369	6.370	2994878	19129166.00
2025/04/28	6.370	6.370	6.278	6.279	3131354	19734624.00
2025/04/29	6.278	6.278	6.180	6.211	4621936	28755210.00
2025/04/30	6.215	6.240	6.180	6.219	2039885	12673406.00
2025/05/06	6.240	6.307	6.218	6.305	2193651	13701307.00
2025/05/07	6.319	6.345	6.280	6.288	2422414	15278712.00
2025/05/08	6.288	6.329	6.270	6.288	2131848	13407563.00
2025/05/09	6.305	6.305	6.262	6.265	1412323	8859530.00
2025/05/12	6.280	6.358	6.280	6.323	4007151	25366768.00
2025/05/13	6.340	6.358	6.300	6.337	2383404	15068364.00
2025/05/14	6.337	6.368	6.319	6.349	2147678	13612781.00
2025/05/15	6.198	6.224	6.168	6.193	2571672	15939524.00
2025/05/16	6.182	6.212	6.169	6.201	2334728	14465298.00
2025/05/19	6.199	6.259	6.198	6.222	2181961	13589929.00
2025/05/20	6.215	6.239	6.198	6.215	1709948	10631510.00
2025/05/21	6.214	6.229	6.200	6.219	1316870	8184391.00
2025/05/22	6.219	6.220	6.198	6.201	2898003	17983762.00
2025/05/23	6.201	6.219	6.176	6.181	4044376	25058300.00
2025/05/26	6.181	6.206	6.142	6.147	3972660	24468376.00
2025/05/27	6.165	6.165	6.129	6.142	3222459	19802652.00
2025/05/28	6.159	6.160	6.120	6.133	1583634	9712768.00
2025/05/29	6.132	6.134	6.087	6.102	2252347	13773863.00
2025/05/30	6.111	6.111	6.075	6.090	2080951	12673148.00
2025/06/03	6.091	6.111	6.080	6.090	3693038	22492132.00
2025/06/04	6.090	6.120	6.089	6.115	2088210	12744228.00
2025/06/05	6.125	6.239	6.115	6.239	2548703	15813625.00
2025/06/06	6.240	6.288	6.204	6.215	1020018	6354720.00
2025/06/09	6.230	6.230	6.190	6.193	968746	6001860.00
2025/06/10	6.192	6.223	6.180	6.193	1090733	6769135.50
2025/06/11	6.193	6.216	6.180	6.194	2746504	17027420.00
2025/06/12	6.194	6.203	6.172	6.179	2026936	12524066.00
2025/06/13	6.191	6.191	6.173	6.186	2855946	17655360.00
2025/06/16	6.186	6.205	6.170	6.203	2074464	12839756.00
2025/06/17	6.207	6.248	6.207	6.244	3335394	20773478.00
2025/06/18	6.245	6.289	6.230	6.287	7862276	49180472.00
2025/06/19	6.287	6.297	6.267	6.297	4620057	29061202.00
2025/06/20	6.297	6.304	6.281	6.298	2376274	14961256.00
2025/06/23	6.298	6.298	6.266	6.291	4284434	26897814.00
2025/06/24	6.280	6.295	6.268	6.289	3617240	22725256.00
2025/06/25	6.280	6.310	6.270	6.295	3102115	19526902.00
2025/06/26	6.295	6.320	6.280	6.290	3351585	21101850.00
2025/06/27	6.292	6.318	6.285	6.290	1214258	7641064.00
2025/06/30	6.291	6.299	6.285	6.293	550507	3463194.25
2025/07/01	6.290	6.295	6.288	6.292	613600	3860080.25
2025/07/02	6.293	6.320	6.287	6.289	2478725	15607373.00
2025/07/03	6.285	6.292	6.265	6.278	1648424	10350171.00
2025/07/04	6.269	6.278	6.259	6.276	1003917	6295897.50
2025/07/07	6.275	6.339	6.275	6.327	2360733	14910615.00
2025/07/08	6.341	6.341	6.295	6.296	753121	4755571.50
2025/07/09	6.296	6.296	6.271	6.280	2279215	14335574.00
2025/07/10	6.304	6.305	6.280	6.285	652173	4100899.75
2025/07/11	6.287	6.300	6.275	6.282	581699	3655220.50
2025/07/14	6.282	6.298	6.268	6.273	963825	6053359.00
2025/07/15	6.273	6.287	6.273	6.278	1834967	11526947.00
2025/07/16	6.299	6.323	6.278	6.322	2153879	13568398.00
2025/07/17	6.322	6.322	6.282	6.302	987957	6223243.00
2025/07/18	6.302	6.302	6.282	6.286	2084452	13105413.00
2025/07/21	6.286	6.288	6.186	6.193	2679579	16699851.00
2025/07/22	6.193	6.230	6.176	6.223	1475983	9131506.00
2025/07/23	6.220	6.220	6.160	6.184	2080364	12832032.00
2025/07/24	6.171	6.300	6.171	6.200	2519226	15638020.00
2025/07/25	6.200	6.229	6.189	6.227	1023805	6360074.50
2025/07/28	6.225	6.229	6.196	6.224	1330069	8264740.00
2025/07/29	6.221	6.230	6.200	6.229	357936	2225864.25
2025/07/30	6.238	6.345	6.238	6.345	5020744	31747438.00
2025/07/31	6.340	6.395	6.306	6.332	1927105	12199345.00
2025/08/01	6.332	6.346	6.320	6.346	1631258	10322123.00
2025/08/04	6.350	6.359	6.288	6.346	2585561	16357119.00
2025/08/05	6.333	6.333	6.306	6.317	1241093	7833456.00
2025/08/06	6.316	6.324	6.306	6.320	1162563	7343021.00
2025/08/07	6.310	6.338	6.280	6.328	2136235	13490998.00
2025/08/08	6.311	6.330	6.310	6.319	1864873	11787163.00
2025/08/11	6.319	6.319	6.283	6.317	982376	6193675.50
2025/08/12	6.320	6.343	6.301	6.324	642283	4060442.75
2025/08/13	6.321	6.324	6.306	6.324	955723	6038945.00
2025/08/14	6.334	6.338	6.300	6.324	1867900	11803912.00
2025/08/15	6.311	6.324	6.299	6.306	1010824	6371784.50
2025/08/18	6.302	6.302	6.236	6.254	2689337	16804286.00
2025/08/19	6.249	6.263	6.223	6.259	2727119	17038510.00
2025/08/20	6.288	6.295	6.230	6.290	1381141	8680470.00
2025/08/21	6.290	6.294	6.259	6.288	1117788	7029358.50
2025/08/22	6.280	6.294	6.263	6.290	1621185	10191684.00
2025/08/25	6.286	6.295	6.258	6.290	2286876	14377109.00
2025/08/26	6.290	6.299	6.258	6.272	1656833	10421423.00
2025/08/27	6.272	6.289	6.258	6.275	1081505	6777421.50
2025/08/28	6.320	6.336	6.285	6.298	1968256	12408327.00
2025/08/29	6.320	6.325	6.289	6.295	3177786	20015978.00
2025/09/01	6.295	6.318	6.285	6.300	2384287	15020868.00
2025/09/02	6.190	6.190	6.135	6.152	2430734	14949169.00
2025/09/03	6.179	6.179	6.151	6.156	2421674	14901852.00
2025/09/04	6.156	6.171	6.145	6.154	2091580	12872721.00
2025/09/05	6.154	6.160	6.141	6.145	1125040	6917775.00
2025/09/08	6.145	6.148	6.117	6.122	2876791	17623630.00
2025/09/09	6.122	6.149	6.116	6.123	1744520	10690549.00
2025/09/10	6.124	6.128	6.106	6.110	332194	2032143.50
2025/09/11	6.108	6.130	6.100	6.122	1787178	10923817.00
2025/09/12	6.148	6.148	6.101	6.127	1659283	10148986.00
2025/09/15	6.127	6.132	6.105	6.129	609976	3736342.75
2025/09/16	6.125	6.143	6.111	6.136	1768517	10852333.00
2025/09/17	6.120	6.142	6.109	6.140	1455568	8933542.00
2025/09/18	6.140	6.149	6.133	6.141	690201	4236583.50
2025/09/19	6.137	6.148	6.133	6.134	662661	4068506.50
2025/09/22	6.130	6.142	6.106	6.140	4117659	25241568.00
2025/09/23	6.140	6.140	6.109	6.135	2348251	14395549.00
2025/09/24	6.110	6.135	6.109	6.124	721162	4417156.00
2025/09/25	6.120	6.128	6.112	6.113	1129751	6912188.50
2025/09/26	6.113	6.131	6.109	6.109	1215587	7432215.00
2025/09/29	6.114	6.138	6.078	6.093	1083528	6596638.50
2025/09/30	6.095	6.121	6.070	6.091	1813585	11027986.00
2025/10/09	6.090	6.094	6.056	6.056	1150766	6979973.50
2025/10/10	6.056	6.076	6.050	6.050	2205252	13358581.00
2025/10/13	6.057	6.069	6.047	6.055	259530	1571902.00
2025/10/14	6.055	6.078	6.043	6.048	580321	3511531.25
2025/10/15	6.048	6.055	6.022	6.025	1248635	7533135.00
2025/10/16	6.026	6.040	6.000	6.003	1302312	7829793.50
2025/10/17	6.030	6.030	5.996	5.998	947103	5683580.00
2025/10/20	5.998	6.029	5.970	5.972	1372889	8222556.50
2025/10/21	5.972	5.996	5.910	5.911	2301378	13656928.00
2025/10/22	5.911	5.940	5.890	5.901	1331016	7869648.00
2025/10/23	5.901	6.019	5.901	6.000	2304657	13715176.00
2025/10/24	6.000	6.046	6.000	6.035	859045	5189902.50
2025/10/27	6.030	6.030	5.973	6.000	1059070	6362913.00
2025/10/28	6.000	6.019	5.994	6.001	840971	5044536.50
2025/10/29	5.993	6.024	5.979	6.014	845473	5086959.00
2025/10/30	6.014	6.023	6.000	6.000	1023234	6150176.50
2025/10/31	6.000	6.033	5.996	6.002	900416	5404338.00
2025/11/03	6.003	6.003	5.975	5.996	977096	5847780.50
2025/11/04	5.996	5.996	5.965	5.978	1297012	7749396.50
2025/11/05	5.978	5.990	5.975	5.978	1179336	7050862.00
2025/11/06	5.979	5.979	5.958	5.960	982073	5857447.50
2025/11/07	5.951	5.960	5.951	5.956	615672	3667594.50
2025/11/10	5.956	5.985	5.956	5.959	1139255	6792453.00
2025/11/11	5.959	5.964	5.947	5.960	1277531	7608249.50
2025/11/12	5.958	5.989	5.958	5.970	1867875	11157930.00
2025/11/13	5.970	5.970	5.940	5.940	1431781	8511989.00
2025/11/14	5.940	5.952	5.877	5.892	1998335	11797225.00
2025/11/17	5.909	5.910	5.870	5.870	1665146	9798658.00
2025/11/18	5.871	5.898	5.791	5.794	2010700	11719686.00
2025/11/19	5.800	5.800	5.730	5.734	1911595	10986007.00
2025/11/20	5.719	5.767	5.688	5.699	2597357	14814424.00
2025/11/21	5.699	5.907	5.696	5.796	2379690	13783548.00
2025/11/24	5.798	5.817	5.741	5.790	2384584	13737306.00
2025/11/25	5.789	5.801	5.761	5.770	897196	5187887.00
2025/11/26	5.773	5.790	5.753	5.780	898837	5198808.00
2025/11/27	5.780	5.800	5.756	5.800	371871	2147332.25
2025/11/28	5.780	5.800	5.760	5.763	836533	4828536.50
2025/12/01	5.779	5.880	5.730	5.734	717913	4144039.25
2025/12/02	5.735	5.765	5.734	5.744	115882	666596.56
2025/12/03	5.730	5.757	5.729	5.736	352539	2020499.13
2025/12/04	5.764	5.764	5.723	5.727	757621	4339422.00
2025/12/05	5.727	5.848	5.727	5.820	1997993	11578030.00
2025/12/08	5.840	5.866	5.820	5.845	2013858	11764621.00
2025/12/09	5.845	5.855	5.780	5.784	884826	5139080.50
2025/12/10	5.665	5.693	5.639	5.658	948737	5374990.50
2025/12/11	5.674	5.678	5.660	5.666	1131155	6407815.00
2025/12/12	5.658	5.687	5.652	5.684	2253270	12793596.00
2025/12/15	5.684	5.691	5.649	5.661	1286869	7296050.00
2025/12/16	5.663	5.665	5.645	5.647	841106	4754560.50
2025/12/17	5.645	5.650	5.560	5.623	1729784	9742539.00
2025/12/18	5.629	5.651	5.554	5.563	1302350	7275817.50
2025/12/19	5.576	5.590	5.453	5.470	1916545	10494075.00
2025/12/22	5.470	5.487	5.410	5.410	2700880	14640700.00
2025/12/23	5.425	5.425	5.322	5.380	2965018	15952231.00
2025/12/24	5.392	5.433	5.350	5.433	3494563	18857260.00
2025/12/25	5.440	5.498	5.420	5.439	1062347	5789833.50
2025/12/26	5.439	5.465	5.434	5.434	691170	3759404.75
2025/12/29	5.434	5.439	5.415	5.439	1906459	10344402.00
2025/12/30	5.438	5.438	5.384	5.400	1782605	9651252.00
2025/12/31	5.400	5.400	5.356	5.373	958736	5153460.50
2026/01/05	5.374	5.425	5.371	5.378	1765102	9499391.00
2026/01/06	5.386	5.414	5.360	5.397	1175007	6315776.00
2026/01/07	5.412	5.424	5.371	5.411	2195815	11879559.00
2026/01/08	5.411	5.433	5.400	5.409	1148965	6220612.00
2026/01/09	5.410	5.468	5.408	5.416	1640212	8913737.00
2026/01/12	5.415	5.436	5.394	5.416	1494172	8090419.00
2026/01/13	5.416	5.421	5.372	5.381	1375755	7431065.00
2026/01/14	5.382	5.413	5.382	5.399	1499939	8091243.50
2026/01/15	5.400	5.499	5.329	5.352	1268676	6809173.50
2026/01/16	5.352	5.404	5.350	5.396	1506621	8116677.50
2026/01/19	5.396	5.432	5.385	5.428	1570203	8477408.00
2026/01/20	5.428	5.436	5.412	5.426	2595842	14082227.00
2026/01/21	5.405	5.428	5.383	5.399	5934025	32059290.00
2026/01/22	5.398	5.453	5.360	5.449	1274781	6913971.50
2026/01/23	5.447	5.468	5.431	5.455	5630466	30701570.00
2026/01/26	5.455	5.455	5.414	5.420	3543245	19210534.00
2026/01/27	5.420	5.453	5.399	5.440	1792520	9742144.00
2026/01/28	5.450	5.484	5.440	5.482	1602997	8756153.00
2026/01/29	5.482	5.560	5.482	5.547	2192904	12128616.00
2026/01/30	5.545	5.579	5.533	5.543	3298691	18307564.00
2026/02/02	5.543	5.543	5.500	5.525	2363304	13061230.00
2026/02/03	5.525	5.530	5.513	5.523	3235975	17876728.00
2026/02/04	5.519	5.552	5.500	5.540	3571560	19766608.00
2026/02/05	5.540	5.596	5.520	5.596	3009438	16757513.00
2026/02/06	5.599	5.636	5.556	5.625	1176560	6618191.50
2026/02/09	5.788	5.788	5.600	5.622	2486610	14005306.00
2026/02/10	5.622	5.667	5.585	5.661	1383510	7762629.00
2026/02/11	5.661	5.683	5.627	5.680	1549360	8783905.00
2026/02/12	5.679	5.703	5.660	5.700	1926895	10977934.00
2026/02/13	5.700	5.701	5.662	5.695	951471	5416405.00
2026/02/24	5.692	5.692	5.608	5.612	1457776	8217264.50
2026/02/25	5.612	5.616	5.580	5.580	2235498	12529494.00
2026/02/26	5.580	5.613	5.525	5.544	1985317	11006749.00
2026/02/27	5.540	5.559	5.532	5.544	1188846	6598378.00
2026/03/02	5.540	5.540	5.495	5.500	1807828	9970976.00
2026/03/03	5.491	5.523	5.450	5.513	2541669	13972482.00
2026/03/04	5.510	5.513	5.470	5.500	1384942	7615552.00
2026/03/05	5.500	5.522	5.465	5.480	870790	4769550.50
2026/03/06	5.480	5.500	5.450	5.498	660711	3621377.25
2026/03/09	5.498	5.498	5.434	5.448	2248335	12304978.00
2026/03/10	5.479	5.499	5.456	5.459	948212	5195308.50
2026/03/11	5.484	5.494	5.450	5.493	510573	2790437.00
2026/03/12	5.493	5.505	5.463	5.466	774669	4243240.50
2026/03/13	5.466	5.498	5.448	5.491	1332023	7313240.00
2026/03/16	5.491	5.518	5.491	5.514	1073925	5920533.50
2026/03/17	5.520	5.530	5.506	5.510	1075047	5926062.50
2026/03/18	5.510	5.510	5.501	5.507	547858	3017966.25
2026/03/19	5.525	5.525	5.495	5.509	147814	812878.94
2026/03/20	5.500	5.529	5.492	5.500	744560	4093606.00
2026/03/23	5.500	5.500	5.443	5.451	883707	4831809.50
2026/03/24	5.451	5.483	5.435	5.448	1077297	5873490.50
2026/04/03	5.388	5.413	5.375	5.386	794371	4273256.50
#КэѕЭАґФґ:НЁґпРЕ
