180502 ХРЙМ»щҢрЙЯүЪЧвБЮ ИХПЯ І»ёөИЁ
      ИХЖЪ	    үҒЕМ	    ЧоёЯ	    ЧоµН	    КХЕМ	    іЙҢ»Бү	    іЙҢ»¶о
2024/10/23	3.000	3.085	2.881	2.922	16617761	48645088.00
2024/10/24	2.925	2.925	2.900	2.905	6581276	19129882.00
2024/10/25	2.903	2.913	2.882	2.907	2984904	8676135.00
2024/10/28	2.898	2.901	2.855	2.884	11475585	33063372.00
2024/10/29	2.884	2.895	2.867	2.882	5141278	14804644.00
2024/10/30	2.880	2.883	2.870	2.882	4687666	13480040.00
2024/10/31	2.878	2.901	2.877	2.900	2577597	7442453.50
2024/11/01	2.890	2.900	2.890	2.894	1640306	4746648.00
2024/11/04	2.899	2.899	2.880	2.897	2486186	7177328.00
2024/11/05	2.890	2.898	2.874	2.898	3128702	9024907.00
2024/11/06	2.899	2.900	2.880	2.887	2000283	5784481.50
2024/11/07	2.884	2.887	2.875	2.887	2884218	8311673.50
2024/11/08	2.888	2.934	2.875	2.925	4843519	14077655.00
2024/11/11	2.924	2.985	2.924	2.985	3724710	11012282.00
2024/11/12	2.987	3.029	2.987	3.026	2230747	6707164.50
2024/11/13	3.027	3.038	3.002	3.020	4607910	13926192.00
2024/11/14	3.020	3.030	3.007	3.015	1407047	4240535.50
2024/11/15	3.019	3.025	2.976	3.020	2610478	7855897.50
2024/11/18	3.020	3.032	3.002	3.030	1882464	5684626.00
2024/11/19	3.031	3.041	3.017	3.032	946424	2865188.25
2024/11/20	3.018	3.032	3.018	3.022	164269	496831.66
2024/11/21	3.018	3.032	3.015	3.030	112020	338481.25
2024/11/22	3.030	3.062	3.010	3.059	1090728	3320763.50
2024/11/25	3.059	3.062	3.030	3.044	706544	2151639.50
2024/11/26	3.032	3.066	3.032	3.062	385284	1175814.13
2024/11/27	3.062	3.075	3.050	3.060	71300	218098.23
2024/11/28	3.060	3.080	3.052	3.063	203750	624836.00
2024/11/29	3.060	3.095	3.055	3.080	851686	2627331.75
2024/12/02	3.085	3.158	3.076	3.090	601619	1858634.38
2024/12/03	3.117	3.117	3.064	3.085	735288	2268914.75
2024/12/04	3.080	3.093	3.058	3.089	2521651	7782376.50
2024/12/05	3.089	3.090	3.069	3.090	154306	475934.47
2024/12/06	3.075	3.103	3.075	3.087	1121919	3466733.00
2024/12/09	3.090	3.119	3.076	3.090	1569215	4853356.50
2024/12/10	3.083	3.186	3.083	3.186	4763255	14972162.00
2024/12/11	3.170	3.234	3.165	3.234	2455714	7875066.50
2024/12/12	3.224	3.270	3.213	3.225	2142113	6942883.50
2024/12/13	3.226	3.244	3.225	3.240	1304420	4217764.00
2024/12/16	3.240	3.319	3.240	3.315	3822818	12616641.00
2024/12/17	3.315	3.349	3.259	3.260	6483894	21342144.00
2024/12/18	3.275	3.275	3.200	3.201	2889131	9292075.00
2024/12/19	3.195	3.243	3.162	3.194	1273531	4058411.25
2024/12/20	3.179	3.301	3.179	3.240	1625050	5256835.00
2024/12/23	3.227	3.330	3.227	3.250	1046125	3398662.75
2024/12/24	3.245	3.258	3.186	3.198	4159282	13356367.00
2024/12/25	3.165	3.197	3.147	3.176	4167941	13193089.00
2024/12/26	3.163	3.193	3.158	3.179	1074844	3411804.00
2024/12/27	3.164	3.203	3.164	3.198	1673837	5354455.00
2024/12/30	3.179	3.205	3.177	3.195	2074327	6632357.50
2024/12/31	3.195	3.209	3.179	3.195	829564	2646589.00
2025/01/02	3.209	3.268	3.195	3.246	3983075	12833050.00
2025/01/03	3.246	3.358	3.246	3.341	4464808	14867154.00
2025/01/06	3.340	3.370	3.300	3.331	1532557	5120151.00
2025/01/07	3.331	3.340	3.230	3.260	2525537	8283547.50
2025/01/08	3.260	3.330	3.260	3.298	1219500	4016091.25
2025/01/09	3.299	3.339	3.299	3.320	3139519	10443335.00
2025/01/10	3.320	3.335	3.270	3.330	3664237	12167786.00
2025/01/13	3.330	3.342	3.298	3.319	3336353	11120736.00
2025/01/14	3.319	3.338	3.288	3.312	514421	1702283.13
2025/01/15	3.312	3.372	3.300	3.368	2978094	9922829.00
2025/01/16	3.370	3.468	3.338	3.435	1355271	4626894.00
2025/01/17	3.428	3.477	3.428	3.472	740200	2559543.00
2025/01/20	3.433	3.569	3.433	3.500	2116620	7463393.00
2025/01/21	3.497	3.559	3.462	3.480	1394467	4881223.00
2025/01/22	3.440	3.575	3.440	3.553	1579457	5571598.00
2025/01/23	3.650	3.650	3.517	3.620	1324100	4765355.00
2025/01/24	3.650	3.701	3.635	3.693	551355	2016403.38
2025/01/27	3.751	3.807	3.701	3.795	614352	2331449.50
2025/02/05	3.799	3.875	3.799	3.852	1120508	4314549.00
2025/02/06	3.890	3.993	3.813	3.852	1498293	5819687.00
2025/02/07	3.860	3.860	3.738	3.826	1266438	4848844.00
2025/02/10	3.826	3.826	3.766	3.798	2194720	8320844.50
2025/02/11	3.796	3.830	3.730	3.816	1913306	7231699.00
2025/02/12	3.801	3.849	3.750	3.766	972906	3680966.75
2025/02/13	3.726	3.762	3.669	3.689	1221574	4519859.50
2025/02/14	3.689	3.758	3.621	3.728	1231028	4575034.50
2025/02/17	3.688	3.767	3.688	3.693	1848700	6905725.00
2025/02/18	3.691	3.718	3.653	3.675	1624673	5998441.00
2025/02/19	3.640	3.713	3.640	3.680	1050609	3863834.25
2025/02/20	3.640	3.745	3.640	3.710	1247806	4623456.50
2025/02/21	3.710	3.770	3.650	3.673	3874647	14250045.00
2025/02/24	3.718	3.718	3.617	3.622	1500341	5463232.50
2025/02/25	3.622	3.630	3.533	3.570	3534619	12613016.00
2025/02/26	3.530	3.642	3.530	3.603	3601630	12959482.00
2025/02/27	3.564	3.610	3.564	3.588	4391669	15728554.00
2025/02/28	3.588	3.644	3.535	3.585	3062300	10896648.00
2025/03/03	3.570	3.641	3.570	3.625	4203361	15236529.00
2025/03/04	3.630	3.826	3.626	3.650	3065877	11226326.00
2025/03/05	3.687	3.687	3.588	3.598	3542677	12846979.00
2025/03/06	3.580	3.591	3.496	3.510	3969000	13971149.00
2025/03/07	3.492	3.532	3.477	3.511	2297190	8045135.50
2025/03/10	3.510	3.538	3.472	3.516	2726882	9595383.00
2025/03/11	3.516	3.553	3.457	3.466	3374800	11767603.00
2025/03/12	3.461	3.496	3.399	3.477	4056413	13897989.00
2025/03/13	3.440	3.479	3.440	3.478	4379300	15156883.00
2025/03/14	3.476	3.481	3.446	3.479	2379300	8269883.00
2025/03/17	3.479	3.535	3.439	3.481	3768287	13139028.00
2025/03/18	3.481	3.549	3.481	3.540	4063681	14288928.00
2025/03/19	3.540	3.615	3.540	3.613	2035149	7303786.50
2025/03/20	3.613	3.680	3.605	3.679	3657442	13362882.00
2025/03/21	3.664	3.731	3.649	3.652	1702200	6244636.00
2025/03/24	3.634	3.703	3.634	3.660	1713200	6253057.00
2025/03/25	3.670	3.699	3.612	3.660	1693200	6164545.00
2025/03/26	3.650	3.711	3.645	3.679	1067400	3927776.50
2025/03/27	3.680	3.731	3.680	3.714	2043400	7587881.00
2025/03/28	3.778	3.778	3.709	3.722	1748612	6509376.00
2025/03/31	3.729	3.751	3.613	3.632	1480596	5446497.00
2025/04/01	3.628	3.644	3.563	3.604	2648013	9508502.00
2025/04/02	3.604	3.687	3.578	3.687	1922755	7004607.00
2025/04/03	3.688	3.798	3.688	3.739	3033272	11401798.00
2025/04/07	3.741	3.888	3.728	3.773	2300698	8681551.00
2025/04/08	3.680	3.799	3.680	3.760	1226900	4614912.00
2025/04/09	3.761	3.782	3.720	3.723	1310700	4907775.50
2025/04/10	3.742	3.760	3.720	3.728	717415	2675694.25
2025/04/11	3.727	3.774	3.727	3.740	1448394	5434129.00
2025/04/14	3.741	3.761	3.723	3.759	442441	1657895.63
2025/04/15	3.761	3.804	3.761	3.795	1265454	4800635.00
2025/04/16	3.799	3.851	3.799	3.817	594838	2270251.50
2025/04/17	3.800	3.868	3.799	3.840	1103719	4243489.00
2025/04/18	3.854	3.858	3.823	3.827	1085800	4167205.25
2025/04/21	3.830	3.873	3.790	3.823	1480750	5632538.00
2025/04/22	3.813	3.853	3.813	3.840	869507	3330020.50
2025/04/23	3.825	3.869	3.796	3.800	1086019	4148108.00
2025/04/24	3.800	3.832	3.795	3.810	618800	2355895.50
2025/04/25	3.818	3.856	3.739	3.767	774600	2932311.75
2025/04/28	3.752	3.763	3.683	3.706	1164988	4323540.00
2025/04/29	3.700	3.740	3.699	3.740	709400	2637416.50
2025/04/30	3.735	3.830	3.735	3.830	412919	1565725.13
2025/05/06	3.830	3.830	3.799	3.826	950139	3619166.25
2025/05/07	3.800	3.873	3.800	3.867	992437	3807344.25
2025/05/08	3.859	3.875	3.780	3.867	2449756	9369004.00
2025/05/09	3.855	3.860	3.837	3.849	348900	1343087.25
2025/05/12	3.837	3.890	3.837	3.858	1061787	4108504.75
2025/05/13	3.850	3.873	3.819	3.857	2010038	7710931.00
2025/05/14	3.842	3.880	3.819	3.875	773713	2984224.25
2025/05/15	3.865	3.895	3.816	3.828	499031	1922758.75
2025/05/16	3.818	3.861	3.818	3.833	1269177	4867523.00
2025/05/19	3.824	3.875	3.824	3.862	869200	3351762.50
2025/05/20	3.852	3.909	3.842	3.905	844806	3267529.00
2025/05/21	3.895	3.953	3.895	3.939	957300	3753116.50
2025/05/22	3.939	3.949	3.842	3.894	3053862	11830104.00
2025/05/23	3.878	3.932	3.850	3.932	1252169	4876076.50
2025/05/26	3.934	3.941	3.895	3.898	850400	3329454.25
2025/05/27	3.894	3.894	3.866	3.894	744900	2891743.00
2025/05/28	3.883	3.891	3.875	3.876	214700	833580.31
2025/05/29	3.875	3.875	3.847	3.858	269607	1040069.88
2025/05/30	3.851	3.939	3.851	3.910	785600	3056635.25
2025/06/03	3.920	3.920	3.879	3.899	336400	1309643.75
2025/06/04	3.888	3.920	3.888	3.914	858100	3353323.00
2025/06/05	3.930	3.937	3.901	3.932	997300	3901112.25
2025/06/06	3.917	3.992	3.912	3.978	687000	2711370.50
2025/06/09	3.994	3.997	3.950	3.959	624200	2479567.00
2025/06/10	3.970	3.995	3.959	3.981	347800	1380875.38
2025/06/11	3.989	4.000	3.980	3.997	371700	1482982.38
2025/06/12	4.002	4.027	3.975	3.982	672200	2685874.25
2025/06/13	3.998	4.002	3.970	3.987	644300	2565587.00
2025/06/16	3.989	4.060	3.970	4.037	1694331	6833545.00
2025/06/17	4.043	4.078	4.043	4.076	402500	1636678.75
2025/06/18	4.096	4.156	4.074	4.128	1702492	6965749.00
2025/06/19	4.120	4.149	4.070	4.149	1582500	6477435.50
2025/06/20	4.159	4.180	4.105	4.168	1299939	5403344.50
2025/06/23	4.168	4.208	4.164	4.166	306800	1282040.25
2025/06/24	4.170	4.170	4.061	4.121	2548700	10442728.00
2025/06/25	4.105	4.137	4.069	4.106	661450	2722413.75
2025/06/26	4.105	4.131	4.090	4.090	153400	629623.00
2025/06/27	4.074	4.091	4.068	4.080	1187045	4842463.50
2025/06/30	4.075	4.175	4.075	4.100	905355	3751728.25
2025/07/01	4.116	4.164	4.065	4.065	629100	2573809.75
2025/07/02	4.081	4.204	4.033	4.153	1930377	7962972.50
2025/07/03	4.136	4.240	4.123	4.181	2015925	8441200.00
2025/07/04	4.165	4.215	4.164	4.196	511713	2148295.25
2025/07/07	4.206	4.310	4.130	4.181	1085477	4582040.00
2025/07/08	4.198	4.198	4.137	4.137	696200	2891020.25
2025/07/09	4.137	4.149	4.090	4.097	673000	2775207.75
2025/07/10	4.109	4.151	4.020	4.063	1539631	6309847.00
2025/07/11	4.061	4.111	4.037	4.081	1380100	5627961.00
2025/07/14	4.061	4.100	4.049	4.058	603500	2462534.00
2025/07/15	4.049	4.100	4.046	4.090	1392000	5658463.00
2025/07/16	4.076	4.117	4.061	4.100	1078900	4406581.00
2025/07/17	4.084	4.117	4.038	4.074	936100	3820258.25
2025/07/18	4.065	4.110	4.010	4.034	1355200	5478175.50
2025/07/21	4.032	4.058	4.012	4.029	1438843	5794112.50
2025/07/22	4.013	4.055	3.932	4.019	832705	3335173.75
2025/07/23	4.009	4.034	3.953	3.986	1253769	4981360.50
2025/07/24	3.986	4.006	3.986	4.000	373500	1493453.75
2025/07/25	4.000	4.001	3.952	3.969	1110250	4411310.50
2025/07/28	3.968	4.000	3.913	3.980	1478522	5856559.50
2025/07/29	3.970	3.976	3.932	3.935	1588203	6256044.00
2025/07/30	3.935	3.956	3.895	3.948	679601	2665896.75
2025/07/31	3.959	4.050	3.959	4.050	1540347	6163554.00
2025/08/01	4.050	4.064	4.009	4.058	2097631	8470985.00
2025/08/04	4.042	4.086	4.024	4.034	1364700	5524456.00
2025/08/05	4.030	4.032	3.989	4.013	1676000	6725811.50
2025/08/06	4.027	4.034	3.965	4.004	1182696	4735577.00
2025/08/07	4.007	4.068	3.965	4.048	777000	3139233.75
2025/08/08	4.048	4.064	4.001	4.020	1065300	4283752.00
2025/08/11	4.020	4.025	3.990	4.000	515900	2067692.50
2025/08/12	4.010	4.024	3.983	3.990	410500	1641845.13
2025/08/13	4.002	4.031	3.940	3.948	1263400	5025686.00
2025/08/14	3.932	3.990	3.928	3.943	802715	3176506.00
2025/08/15	3.943	3.943	3.908	3.908	1048050	4107082.75
2025/08/18	3.856	3.856	3.702	3.717	1222129	4561566.00
2025/08/19	3.713	3.713	3.610	3.658	3419269	12435978.00
2025/08/20	3.657	3.740	3.650	3.657	1604232	5917991.50
2025/08/21	3.657	3.670	3.625	3.661	1338448	4887488.00
2025/08/22	3.669	3.731	3.661	3.725	1087506	4038291.50
2025/08/25	3.725	3.728	3.671	3.727	1189538	4394845.50
2025/08/26	3.724	3.833	3.710	3.761	1791300	6760665.50
2025/08/27	3.791	3.802	3.732	3.769	1293300	4861619.50
2025/08/28	3.769	3.769	3.732	3.758	94600	354256.78
2025/08/29	3.730	3.760	3.729	3.757	320063	1200209.00
2025/09/01	3.771	3.782	3.757	3.764	644300	2423200.50
2025/09/02	3.753	3.839	3.745	3.764	691700	2621776.50
2025/09/03	3.751	3.794	3.733	3.770	474600	1784310.00
2025/09/04	3.769	3.893	3.769	3.887	2213650	8435192.00
2025/09/05	3.871	3.875	3.760	3.800	1385225	5275626.00
2025/09/08	3.792	3.798	3.751	3.778	903863	3405578.25
2025/09/09	3.789	3.799	3.765	3.781	191200	723533.50
2025/09/10	3.761	3.787	3.760	3.779	475000	1793745.88
2025/09/11	3.771	3.791	3.746	3.784	326200	1231068.25
2025/09/12	3.781	3.796	3.778	3.789	548800	2076838.50
2025/09/15	3.771	3.800	3.766	3.800	1060000	4002664.50
2025/09/16	3.798	3.801	3.748	3.750	826200	3106213.00
2025/09/17	3.754	3.754	3.684	3.724	1046200	3885739.25
2025/09/18	3.711	3.750	3.685	3.729	2574400	9509694.00
2025/09/19	3.716	3.742	3.705	3.740	2249285	8371768.00
2025/09/22	3.718	3.772	3.675	3.763	976485	3658272.75
2025/09/23	3.763	3.763	3.723	3.740	538482	2014426.63
2025/09/24	3.731	3.753	3.686	3.738	305000	1130117.00
2025/09/25	3.736	3.736	3.695	3.699	818706	3032487.75
2025/09/26	3.699	3.707	3.659	3.693	322987	1192327.38
2025/09/29	3.690	3.707	3.659	3.701	205663	757805.50
2025/09/30	3.706	3.708	3.683	3.708	1731700	6401781.00
2025/10/09	3.690	3.715	3.671	3.699	565212	2090672.13
2025/10/10	3.689	3.701	3.659	3.700	203400	750813.69
2025/10/13	3.678	3.743	3.656	3.705	951225	3526223.25
2025/10/14	3.683	3.790	3.628	3.750	1279700	4679127.50
2025/10/15	3.729	3.729	3.660	3.687	1012900	3737780.50
2025/10/16	3.681	3.724	3.630	3.640	1030200	3778038.75
2025/10/17	3.639	3.639	3.496	3.573	3048995	10834610.00
2025/10/20	3.571	3.571	3.487	3.530	2178025	7643247.50
2025/10/21	3.507	3.544	3.490	3.529	770900	2721953.25
2025/10/22	3.508	3.590	3.500	3.517	914400	3236496.75
2025/10/23	3.496	3.534	3.366	3.390	10391400	35335908.00
2025/10/24	3.382	3.468	3.366	3.426	4846800	16597558.00
2025/10/27	3.423	3.437	3.395	3.402	2879600	9805870.00
2025/10/28	3.419	3.461	3.383	3.450	6441100	22048396.00
2025/10/29	3.460	3.515	3.427	3.505	8201147	28562028.00
2025/10/30	3.505	3.557	3.484	3.555	5291400	18667838.00
2025/10/31	3.560	3.582	3.494	3.508	7614900	26978574.00
2025/11/03	3.507	3.519	3.455	3.487	6616000	23118656.00
2025/11/04	3.466	3.500	3.403	3.464	5928000	20332210.00
2025/11/05	3.448	3.510	3.429	3.494	7140400	24770046.00
2025/11/06	3.495	3.511	3.465	3.492	3563400	12418192.00
2025/11/07	3.492	3.498	3.471	3.485	1728000	6019847.00
2025/11/10	3.488	3.550	3.475	3.550	4059900	14246285.00
2025/11/11	3.580	3.615	3.512	3.610	5200600	18594476.00
2025/11/12	3.623	3.623	3.552	3.592	1606400	5769133.50
2025/11/13	3.614	3.614	3.579	3.614	3664300	13170900.00
2025/11/14	3.615	3.630	3.559	3.628	4924100	17745600.00
2025/11/17	3.631	3.660	3.588	3.660	2787300	10116308.00
2025/11/18	3.671	3.671	3.609	3.645	4394800	15996063.00
2025/11/19	3.628	3.650	3.609	3.638	4074400	14798389.00
2025/11/20	3.638	3.648	3.400	3.605	1827187	6583243.50
2025/11/21	3.583	3.709	3.582	3.610	3670000	13259957.00
2025/11/24	3.630	3.630	3.570	3.594	3531100	12645106.00
2025/11/25	3.582	3.598	3.458	3.592	4123000	14643404.00
2025/11/26	3.570	3.610	3.552	3.599	6370474	22908674.00
2025/11/27	3.599	3.603	3.563	3.590	3549306	12742674.00
2025/11/28	3.569	3.628	3.555	3.615	4077500	14635054.00
2025/12/01	3.593	3.615	3.572	3.572	470700	1689769.25
2025/12/02	3.572	3.592	3.530	3.550	2087700	7407153.00
2025/12/03	3.545	3.558	3.522	3.532	794800	2812823.00
2025/12/04	3.526	3.531	3.495	3.522	828800	2910273.75
2025/12/05	3.501	3.524	3.500	3.513	102700	361236.09
2025/12/08	3.504	3.512	3.480	3.480	2012869	7039973.50
2025/12/09	3.459	3.479	3.447	3.470	1477487	5128109.50
2025/12/10	3.477	3.799	3.421	3.550	2058300	7175274.50
2025/12/11	3.549	3.549	3.518	3.536	768700	2721731.25
2025/12/12	3.536	3.568	3.521	3.539	428700	1518648.75
2025/12/15	3.570	3.570	3.504	3.511	1092606	3848025.00
2025/12/16	3.500	3.567	3.460	3.508	1583600	5555276.50
2025/12/17	3.468	3.560	3.445	3.499	1681000	5883328.00
2025/12/18	3.499	3.499	3.463	3.480	1090700	3790261.75
2025/12/19	3.487	3.487	3.375	3.438	2039032	7004693.50
2025/12/22	3.449	3.449	3.397	3.445	1471500	5036075.00
2025/12/23	3.459	3.459	3.410	3.425	1108613	3797291.25
2025/12/24	3.459	3.538	3.417	3.535	1594300	5585093.50
2025/12/25	3.520	3.600	3.477	3.600	1030750	3692363.75
2025/12/26	3.600	3.618	3.501	3.566	909214	3251867.75
2025/12/29	3.564	3.569	3.510	3.558	1553800	5484269.00
2025/12/30	3.557	3.579	3.500	3.558	2072594	7364020.50
2025/12/31	3.574	3.574	3.528	3.550	713100	2535749.00
2026/01/05	3.564	3.599	3.550	3.586	2930300	10480321.00
2026/01/06	3.580	3.606	3.575	3.600	1783200	6413219.50
2026/01/07	3.589	3.621	3.589	3.603	1773500	6405601.00
2026/01/08	3.600	3.622	3.563	3.608	2150300	7747986.50
2026/01/09	3.582	3.618	3.543	3.582	1671006	5972201.00
2026/01/12	3.582	3.608	3.556	3.590	1882650	6722393.00
2026/01/13	3.564	3.596	3.564	3.595	1990200	7134268.50
2026/01/14	3.600	3.600	3.560	3.592	1510900	5418296.00
2026/01/15	3.595	3.595	3.558	3.587	1548500	5541611.50
2026/01/16	3.587	3.601	3.565	3.600	864500	3102057.50
2026/01/19	3.582	3.602	3.565	3.596	1948281	6998565.50
2026/01/20	3.582	3.642	3.526	3.642	2404339	8666200.00
2026/01/21	3.646	3.698	3.603	3.698	3506269	12848361.00
2026/01/22	3.657	3.781	3.657	3.747	2029600	7602531.50
2026/01/23	3.713	3.794	3.713	3.772	2578400	9710088.00
2026/01/26	3.772	3.776	3.747	3.747	861500	3238340.25
2026/01/27	3.748	3.768	3.746	3.749	2070900	7767139.50
2026/01/28	3.744	3.785	3.738	3.766	1668000	6298625.00
2026/01/29	3.779	3.858	3.763	3.799	1158300	4407125.50
2026/01/30	3.801	3.804	3.764	3.799	1863600	7069601.50
2026/02/02	3.799	3.799	3.730	3.776	1264070	4758227.50
2026/02/03	3.762	3.782	3.743	3.780	1157222	4350742.50
2026/02/04	3.780	3.831	3.762	3.784	1677300	6379149.00
2026/02/05	3.798	3.798	3.769	3.770	618100	2332536.50
2026/02/06	3.770	3.778	3.734	3.742	498987	1875481.25
2026/02/09	3.740	3.748	3.700	3.708	311700	1158955.00
2026/02/10	3.685	3.743	3.678	3.719	1615700	5972062.50
2026/02/11	3.707	3.785	3.707	3.751	1488500	5612895.00
2026/02/12	3.779	3.779	3.756	3.756	255600	962176.81
2026/02/13	3.744	3.768	3.719	3.759	425006	1592516.75
2026/02/24	3.746	3.761	3.689	3.708	498900	1857660.50
2026/02/25	3.699	3.716	3.671	3.679	1081725	3985813.50
2026/02/26	3.680	3.680	3.628	3.661	1330300	4858641.00
2026/02/27	3.651	3.683	3.601	3.637	2670700	9684194.00
2026/03/02	3.638	3.680	3.570	3.660	1673500	6021686.00
2026/03/03	3.653	3.682	3.634	3.672	2306400	8417632.00
2026/03/04	3.660	3.688	3.632	3.684	592319	2169179.00
2026/03/05	3.689	3.689	3.658	3.658	445000	1632729.25
2026/03/06	3.658	3.658	3.593	3.599	205913	747548.44
2026/03/09	3.582	3.582	3.551	3.551	1328500	4736488.50
2026/03/10	3.551	3.618	3.551	3.618	2121800	7630062.00
2026/03/11	3.600	3.621	3.560	3.585	920300	3303535.50
2026/03/12	3.610	3.610	3.564	3.570	393300	1407553.25
2026/03/13	3.579	3.620	3.514	3.620	1717300	6086121.50
2026/03/16	3.620	3.633	3.593	3.600	309500	1115148.75
2026/03/17	3.598	3.606	3.585	3.595	137932	495616.56
2026/03/18	3.600	3.615	3.583	3.615	585600	2107564.50
2026/03/19	3.617	3.633	3.589	3.610	518900	1871663.75
2026/03/20	3.610	3.628	3.582	3.611	1879163	6782541.50
2026/03/23	3.616	3.616	3.582	3.589	578313	2073141.88
2026/03/24	3.590	3.615	3.584	3.586	1141000	4104396.00
2026/04/03	3.510	3.556	3.510	3.532	1185192	4184066.75
#КэңЭАөФө:НЁөпРЕ
