180302 ЛЊЯФЩюЙњМЪREIT ШеЯп ВЛИДШЈ
      ШеЦк	    ПЊХЬ	    зюИп	    зюЕЭ	    ЪеХЬ	    ГЩНЛСП	    ГЩНЛЖю
2024/07/09	2.495	2.496	2.418	2.490	9903711	24459858.00
2024/07/10	2.437	2.465	2.367	2.465	2112874	5112369.00
2024/07/11	2.405	2.426	2.405	2.406	904814	2187493.00
2024/07/12	2.406	2.406	2.382	2.382	489884	1172646.50
2024/07/15	2.380	2.400	2.369	2.376	656390	1568095.88
2024/07/16	2.368	2.372	2.269	2.295	1998914	4650578.00
2024/07/17	2.278	2.296	2.233	2.257	6208029	14042019.00
2024/07/18	2.240	2.257	2.236	2.242	3559779	7991281.00
2024/07/19	2.230	2.308	2.210	2.300	4606053	10469128.00
2024/07/22	2.289	2.348	2.280	2.296	1139243	2615602.50
2024/07/23	2.297	2.312	2.255	2.295	638600	1464703.75
2024/07/24	2.299	2.299	2.275	2.288	459700	1050153.00
2024/07/25	2.275	2.290	2.250	2.280	36514	83320.82
2024/07/26	2.290	2.340	2.289	2.337	674443	1562090.25
2024/07/29	2.348	2.352	2.301	2.345	2015508	4720209.50
2024/07/30	2.307	2.397	2.307	2.397	1182200	2804051.25
2024/07/31	2.400	2.406	2.379	2.406	740359	1775441.63
2024/08/01	2.402	2.416	2.370	2.378	586466	1403591.00
2024/08/02	2.378	2.406	2.342	2.401	263257	631003.56
2024/08/05	2.400	2.419	2.363	2.401	1389257	3343505.50
2024/08/06	2.399	2.425	2.395	2.425	1113957	2690851.75
2024/08/07	2.386	2.488	2.386	2.472	2782128	6854289.00
2024/08/08	2.484	2.484	2.428	2.447	1081610	2647486.00
2024/08/09	2.407	2.472	2.407	2.456	674780	1659407.50
2024/08/12	2.456	2.464	2.408	2.417	1998914	4853509.00
2024/08/13	2.381	2.420	2.380	2.384	1957299	4694458.00
2024/08/14	2.381	2.417	2.380	2.383	1633144	3904213.25
2024/08/15	2.408	2.408	2.359	2.372	1216700	2896858.00
2024/08/16	2.368	2.400	2.352	2.375	1406100	3327407.00
2024/08/19	2.371	2.390	2.364	2.367	1018900	2420510.50
2024/08/20	2.414	2.414	2.350	2.370	776900	1846725.38
2024/08/21	2.396	2.396	2.351	2.370	102572	242807.48
2024/08/22	2.385	2.389	2.371	2.376	527700	1255190.75
2024/08/23	2.376	2.400	2.360	2.367	440300	1043173.38
2024/08/26	2.361	2.365	2.339	2.353	704800	1658960.75
2024/08/27	2.353	2.368	2.348	2.360	410659	966530.38
2024/08/28	2.315	2.399	2.315	2.398	645600	1529173.50
2024/08/29	2.398	2.424	2.351	2.369	2938316	6981199.50
2024/08/30	2.348	2.399	2.339	2.374	692100	1635515.25
2024/09/02	2.335	2.387	2.335	2.362	270600	641170.00
2024/09/03	2.323	2.374	2.323	2.336	733000	1713353.88
2024/09/04	2.300	2.360	2.300	2.351	474284	1109949.63
2024/09/05	2.377	2.377	2.348	2.364	546300	1293739.75
2024/09/06	2.325	2.375	2.325	2.342	480100	1129118.38
2024/09/09	2.390	2.390	2.296	2.339	289900	676777.88
2024/09/10	2.297	2.366	2.297	2.338	173914	406819.75
2024/09/11	2.300	2.378	2.300	2.344	1066500	2499016.75
2024/09/12	2.340	2.390	2.328	2.341	227800	533062.19
2024/09/13	2.358	2.358	2.322	2.350	301100	706906.69
2024/09/18	2.352	2.353	2.342	2.352	365200	858353.38
2024/09/19	2.380	2.380	2.300	2.313	1378400	3203019.50
2024/09/20	2.286	2.334	2.286	2.326	1054800	2433137.00
2024/09/23	2.300	2.350	2.300	2.340	1256300	2931293.25
2024/09/24	2.340	2.376	2.321	2.361	1329900	3130746.50
2024/09/25	2.400	2.400	2.342	2.364	798345	1891618.88
2024/09/26	2.364	2.397	2.342	2.380	1553400	3703845.25
2024/09/27	2.373	2.408	2.370	2.407	3010034	7219700.00
2024/09/30	2.380	2.420	2.380	2.402	3667287	8806454.00
2024/10/08	2.402	2.420	2.350	2.401	1296271	3111595.50
2024/10/09	2.394	2.395	2.367	2.382	938685	2231294.25
2024/10/10	2.399	2.399	2.345	2.348	800672	1891578.88
2024/10/11	2.337	2.390	2.337	2.380	420600	1000459.81
2024/10/14	2.379	2.401	2.364	2.385	536500	1282737.25
2024/10/15	2.420	2.420	2.368	2.381	734053	1742903.50
2024/10/16	2.381	2.390	2.369	2.379	153800	366625.50
2024/10/17	2.373	2.389	2.373	2.384	166200	395210.16
2024/10/18	2.389	2.389	2.371	2.380	374000	888718.81
2024/10/21	2.380	2.389	2.371	2.379	239700	569886.63
2024/10/22	2.371	2.385	2.364	2.378	593700	1410965.25
2024/10/23	2.390	2.397	2.374	2.378	130000	309557.50
2024/10/24	2.388	2.388	2.343	2.345	320400	756387.63
2024/10/25	2.344	2.360	2.334	2.346	1095500	2564169.50
2024/10/28	2.387	2.388	2.339	2.351	230572	541907.44
2024/10/29	2.380	2.380	2.350	2.350	192172	452846.22
2024/10/30	2.331	2.364	2.331	2.358	212067	499975.38
2024/10/31	2.358	2.392	2.358	2.383	958214	2279475.25
2024/11/01	2.443	2.454	2.364	2.390	321200	767586.69
2024/11/04	2.430	2.430	2.360	2.364	473000	1122145.50
2024/11/05	2.374	2.389	2.354	2.374	1063814	2530361.50
2024/11/06	2.400	2.400	2.355	2.370	966600	2288740.25
2024/11/07	2.388	2.388	2.368	2.380	627700	1493368.75
2024/11/08	2.399	2.399	2.370	2.371	420314	1000199.88
2024/11/11	2.431	2.442	2.332	2.380	960800	2289829.00
2024/11/12	2.380	2.393	2.344	2.355	1252800	2949513.00
2024/11/13	2.363	2.363	2.353	2.357	817567	1926761.38
2024/11/14	2.417	2.428	2.259	2.350	851500	1999402.50
2024/11/15	2.350	2.368	2.340	2.352	687600	1618392.25
2024/11/18	2.385	2.385	2.323	2.334	514800	1204340.25
2024/11/19	2.334	2.334	2.310	2.323	304400	707918.31
2024/11/20	2.324	2.381	2.312	2.331	516900	1208060.75
2024/11/21	2.323	2.374	2.316	2.352	497646	1167559.88
2024/11/22	2.349	2.355	2.342	2.348	605400	1422258.25
2024/11/25	2.355	2.355	2.340	2.343	82100	192594.09
2024/11/26	2.350	2.354	2.339	2.346	341929	800483.13
2024/11/27	2.342	2.370	2.307	2.326	2196600	5088012.50
2024/11/28	2.324	2.325	2.266	2.279	1803500	4128876.25
2024/11/29	2.274	2.280	2.256	2.264	594200	1343747.13
2024/12/02	2.264	2.264	2.220	2.225	2992300	6687404.00
2024/12/03	2.230	2.230	2.217	2.219	807600	1794733.25
2024/12/04	2.219	2.232	2.212	2.232	1247500	2767131.50
2024/12/05	2.232	2.299	2.229	2.298	2308700	5218718.50
2024/12/06	2.300	2.300	2.274	2.290	1279300	2919724.00
2024/12/09	2.289	2.294	2.272	2.294	480000	1094654.75
2024/12/10	2.301	2.400	2.273	2.311	520516	1202616.38
2024/12/11	2.301	2.373	2.275	2.356	947718	2214321.25
2024/12/12	2.364	2.431	2.323	2.431	1571500	3741678.25
2024/12/13	2.430	2.473	2.390	2.434	1970336	4811880.50
2024/12/16	2.424	2.462	2.401	2.462	596972	1458389.50
2024/12/17	2.450	2.468	2.434	2.439	552517	1352807.88
2024/12/18	2.431	2.437	2.360	2.365	1672200	3998122.25
2024/12/19	2.355	2.415	2.338	2.415	540300	1282727.25
2024/12/20	2.415	2.456	2.409	2.431	837566	2040815.50
2024/12/23	2.430	2.455	2.415	2.430	246900	597235.50
2024/12/24	2.454	2.460	2.394	2.411	861300	2080481.75
2024/12/25	2.411	2.453	2.396	2.453	1025500	2498219.00
2024/12/26	2.469	2.469	2.417	2.430	433158	1056173.63
2024/12/27	2.398	2.450	2.398	2.429	507500	1232505.25
2024/12/30	2.420	2.450	2.389	2.396	919158	2224308.50
2024/12/31	2.409	2.454	2.392	2.429	902000	2190000.00
2025/01/02	2.450	2.450	2.418	2.443	1521872	3714153.00
2025/01/03	2.449	2.469	2.425	2.435	2127700	5186475.00
2025/01/06	2.449	2.455	2.435	2.435	1542042	3768475.00
2025/01/07	2.444	2.444	2.358	2.391	1566800	3739039.25
2025/01/08	2.388	2.438	2.388	2.422	694800	1677987.38
2025/01/09	2.439	2.450	2.424	2.434	1316000	3211753.25
2025/01/10	2.450	2.450	2.423	2.450	1715101	4186860.75
2025/01/13	2.450	2.450	2.414	2.434	999400	2438596.75
2025/01/14	2.430	2.446	2.411	2.441	179200	436873.50
2025/01/15	2.449	2.470	2.446	2.468	2318838	5704823.50
2025/01/16	2.467	2.468	2.434	2.450	2256100	5531185.50
2025/01/17	2.457	2.467	2.436	2.457	2115900	5194498.50
2025/01/20	2.468	2.468	2.450	2.461	272600	669337.81
2025/01/21	2.457	2.468	2.450	2.467	726400	1787209.38
2025/01/22	2.468	2.549	2.462	2.510	10326071	25716572.00
2025/01/23	2.529	2.593	2.505	2.591	4353178	11036835.00
2025/01/24	2.567	2.618	2.567	2.610	2768242	7175341.00
2025/01/27	2.608	2.624	2.565	2.616	748800	1946934.50
2025/02/05	2.616	2.630	2.583	2.625	948414	2476797.75
2025/02/06	2.628	2.652	2.614	2.636	2320700	6119136.50
2025/02/07	2.639	2.778	2.636	2.716	4884975	13172229.00
2025/02/10	2.715	2.834	2.715	2.834	2959492	8256748.00
2025/02/11	2.840	2.918	2.834	2.913	1648800	4772085.00
2025/02/12	2.900	2.900	2.794	2.859	2533072	7149373.00
2025/02/13	2.839	2.855	2.749	2.829	6490914	18394348.00
2025/02/14	2.803	2.847	2.750	2.829	2879800	8155729.00
2025/02/17	2.829	2.960	2.789	2.901	2953300	8566412.00
2025/02/18	2.920	2.997	2.839	2.866	1994114	5748135.00
2025/02/19	2.827	2.878	2.826	2.878	2091300	5968288.00
2025/02/20	2.866	2.925	2.862	2.904	1414666	4096190.75
2025/02/21	2.905	2.955	2.878	2.928	1511300	4440598.00
2025/02/24	2.888	2.988	2.822	2.829	1916100	5535905.50
2025/02/25	2.827	2.859	2.774	2.803	3782833	10651148.00
2025/02/26	2.792	2.810	2.781	2.788	1025847	2871110.25
2025/02/27	2.786	2.789	2.710	2.732	4268062	11665106.00
2025/02/28	2.720	2.720	2.691	2.696	320262	864579.81
2025/03/03	2.693	2.741	2.656	2.741	828033	2236410.50
2025/03/04	2.741	2.916	2.741	2.785	2059830	5745815.50
2025/03/05	2.785	2.851	2.770	2.850	1315500	3668949.75
2025/03/06	2.880	2.884	2.814	2.837	991532	2814984.50
2025/03/07	2.837	2.879	2.803	2.845	1345667	3797836.50
2025/03/10	2.859	2.910	2.844	2.855	1904867	5443017.50
2025/03/11	2.860	2.860	2.801	2.842	1620976	4577959.00
2025/03/12	2.828	2.867	2.804	2.819	1241299	3499184.25
2025/03/13	2.877	2.877	2.785	2.830	590233	1666043.63
2025/03/14	2.860	2.860	2.809	2.846	840416	2371086.25
2025/03/17	2.860	2.869	2.850	2.860	1315700	3758673.25
2025/03/18	2.865	2.900	2.846	2.900	290633	835300.13
2025/03/19	2.915	2.915	2.880	2.892	1192767	3452985.50
2025/03/20	2.889	2.936	2.867	2.883	2156766	6227346.00
2025/03/21	2.876	2.896	2.868	2.891	1338110	3852625.75
2025/03/24	2.891	2.899	2.836	2.873	854366	2443456.50
2025/03/25	2.861	2.900	2.829	2.848	1910314	5459130.00
2025/03/26	2.847	2.865	2.820	2.845	2156340	6123588.00
2025/03/27	2.845	2.854	2.832	2.852	989581	2816196.25
2025/03/28	2.866	2.871	2.826	2.842	3706267	10551635.00
2025/03/31	2.836	2.860	2.826	2.860	1114267	3168839.25
2025/04/01	2.859	2.871	2.853	2.868	792000	2266515.00
2025/04/02	2.876	2.894	2.869	2.886	792600	2281100.50
2025/04/03	2.893	2.899	2.862	2.879	854000	2458564.50
2025/04/07	2.859	2.859	2.809	2.821	334200	943775.50
2025/04/08	2.879	2.879	2.781	2.805	199302	561988.56
2025/04/09	2.849	2.849	2.735	2.761	1282800	3565725.50
2025/04/10	2.780	2.822	2.730	2.806	493290	1367366.50
2025/04/11	2.820	2.865	2.786	2.820	1775800	5040617.00
2025/04/14	2.820	2.841	2.806	2.829	128166	361711.38
2025/04/15	2.841	2.854	2.834	2.849	152000	431924.50
2025/04/16	2.838	2.880	2.830	2.860	597500	1708251.25
2025/04/17	2.856	2.893	2.856	2.877	310300	892727.13
2025/04/18	2.889	2.889	2.860	2.867	672300	1928031.38
2025/04/21	2.856	2.878	2.804	2.865	1038300	2939669.75
2025/04/22	2.857	2.893	2.857	2.886	1355707	3904095.75
2025/04/23	2.897	2.898	2.876	2.881	1762500	5079710.50
2025/04/24	2.893	2.893	2.850	2.852	688300	1974946.00
2025/04/25	2.863	2.863	2.801	2.813	1127300	3176136.50
2025/04/28	2.805	2.813	2.773	2.800	1376000	3845902.00
2025/04/29	2.811	2.820	2.797	2.800	1318100	3691464.00
2025/04/30	2.800	2.808	2.794	2.796	735100	2058486.38
2025/05/06	2.804	2.815	2.804	2.810	237100	666308.31
2025/05/07	2.830	2.830	2.797	2.799	708614	1984828.75
2025/05/08	2.810	2.841	2.810	2.841	555900	1565821.38
2025/05/09	2.842	2.908	2.842	2.876	1332292	3835702.25
2025/05/12	2.864	2.894	2.856	2.875	1210000	3474483.25
2025/05/13	2.886	2.889	2.861	2.889	424166	1219274.88
2025/05/14	2.900	2.917	2.884	2.917	887500	2571969.00
2025/05/15	2.920	2.940	2.894	2.936	667600	1951049.75
2025/05/16	2.945	3.108	2.930	3.028	4435111	13374315.00
2025/05/19	3.028	3.088	3.016	3.088	1090200	3325247.25
2025/05/20	3.095	3.112	3.060	3.087	1989914	6139536.00
2025/05/21	3.084	3.133	3.074	3.115	1552433	4823405.00
2025/05/22	3.106	3.124	3.078	3.118	1922200	5952724.50
2025/05/23	3.117	3.117	3.070	3.101	884500	2733644.50
2025/05/26	3.113	3.118	3.058	3.070	1630800	5023320.00
2025/05/27	3.080	3.110	3.029	3.046	2404000	7325814.00
2025/05/28	3.034	3.097	3.034	3.084	2086759	6364184.50
2025/05/29	3.085	3.090	3.065	3.080	936400	2883036.50
2025/05/30	3.092	3.092	3.061	3.067	739300	2271152.25
2025/06/03	3.074	3.100	3.033	3.047	1799600	5519970.50
2025/06/04	3.035	3.078	3.031	3.051	1232700	3756496.75
2025/06/05	3.063	3.086	3.045	3.069	2475500	7583126.50
2025/06/06	3.081	3.128	3.050	3.117	792300	2450171.25
2025/06/09	3.129	3.138	3.097	3.120	1721500	5371921.50
2025/06/10	3.132	3.136	3.056	3.065	3613100	11175926.00
2025/06/11	3.080	3.095	3.057	3.077	2531700	7776876.00
2025/06/12	3.084	3.103	3.077	3.103	1599900	4939542.00
2025/06/13	3.100	3.144	3.099	3.131	3186000	9978427.00
2025/06/16	3.111	3.158	3.091	3.155	1650600	5136017.00
2025/06/17	3.165	3.190	3.155	3.190	854466	2711440.00
2025/06/18	3.177	3.257	3.149	3.223	1375066	4397983.50
2025/06/19	3.223	3.294	3.203	3.270	1859600	6019223.50
2025/06/20	3.280	3.311	3.243	3.300	4801800	15746526.00
2025/06/23	3.299	3.320	3.282	3.299	877100	2888705.50
2025/06/24	3.299	3.299	3.170	3.209	3740764	11995179.00
2025/06/25	3.196	3.196	3.144	3.171	2287800	7270880.00
2025/06/26	3.170	3.170	3.142	3.142	127400	401783.09
2025/06/27	3.142	3.155	3.106	3.145	1155900	3605057.00
2025/06/30	3.143	3.152	3.095	3.104	1014300	3160113.25
2025/07/01	3.104	3.117	3.100	3.103	577100	1792344.88
2025/07/02	3.103	3.136	3.103	3.135	1850666	5782781.00
2025/07/03	3.141	3.180	3.141	3.171	840700	2661246.50
2025/07/04	3.180	3.189	3.171	3.189	280100	891166.81
2025/07/07	3.189	3.218	3.189	3.218	398100	1275882.88
2025/07/08	3.250	3.250	3.162	3.190	915900	2906015.75
2025/07/09	3.177	3.203	3.133	3.190	999800	3152479.50
2025/07/10	3.177	3.177	3.110	3.125	9601800	30059154.00
2025/07/11	3.099	3.127	3.088	3.111	220966	686557.00
2025/07/14	3.112	3.130	3.091	3.118	1757200	5460688.00
2025/07/15	3.114	3.125	3.110	3.120	1849063	5763052.50
2025/07/16	3.118	3.125	3.116	3.120	480300	1498369.00
2025/07/17	3.117	3.120	3.110	3.120	127900	398521.81
2025/07/18	3.119	3.119	3.102	3.106	868200	2694312.25
2025/07/21	3.115	3.118	3.095	3.097	335400	1040048.81
2025/07/22	3.085	3.091	3.060	3.060	400947	1230431.50
2025/07/23	3.078	3.078	2.968	3.020	2539332	7643074.50
2025/07/24	3.032	3.058	3.000	3.055	3284414	9953771.00
2025/07/25	3.055	3.072	3.045	3.056	1011581	3088744.50
2025/07/28	3.044	3.081	3.008	3.078	691000	2114247.75
2025/07/29	3.066	3.075	3.059	3.069	261000	801053.69
2025/07/30	3.078	3.149	3.057	3.130	912700	2848596.50
2025/07/31	3.130	3.166	3.106	3.150	4221300	13219779.00
2025/08/01	3.150	3.175	3.116	3.150	638300	2001028.25
2025/08/04	3.149	3.166	3.124	3.152	1527800	4809015.50
2025/08/05	3.161	3.165	3.136	3.158	263500	828082.19
2025/08/06	3.145	3.165	3.138	3.160	698114	2202427.25
2025/08/07	3.169	3.173	3.160	3.170	251500	796209.13
2025/08/08	3.157	3.199	3.146	3.193	278000	878218.50
2025/08/11	3.195	3.195	3.167	3.178	398600	1267190.63
2025/08/12	3.188	3.191	3.143	3.180	1296700	4104131.50
2025/08/13	3.167	3.180	3.140	3.167	622000	1965141.88
2025/08/14	3.154	3.170	3.154	3.167	95378	301498.69
2025/08/15	3.169	3.169	3.115	3.151	1285233	4031131.25
2025/08/18	3.142	3.142	3.068	3.083	1237300	3841671.50
2025/08/19	3.100	3.130	3.058	3.080	1483500	4572627.00
2025/08/20	3.115	3.152	3.084	3.091	2503800	7801992.50
2025/08/21	3.116	3.141	3.073	3.089	2680500	8274533.00
2025/08/22	3.090	3.104	3.075	3.097	1519400	4689008.00
2025/08/25	3.088	3.097	3.058	3.069	3428000	10518054.00
2025/08/26	3.082	3.188	3.051	3.130	1968114	6136177.00
2025/08/27	3.149	3.179	3.093	3.120	1097300	3424575.25
2025/08/28	3.139	3.139	3.108	3.129	453400	1414131.50
2025/08/29	3.148	3.158	3.129	3.141	3398000	10652784.00
2025/09/01	3.160	3.160	3.126	3.140	811400	2544403.25
2025/09/02	3.142	3.142	3.120	3.132	799400	2496393.25
2025/09/03	3.134	3.156	3.114	3.149	1582600	4957006.50
2025/09/04	3.148	3.236	3.110	3.137	549000	1723779.25
2025/09/05	3.130	3.144	3.118	3.139	3818795	11971272.00
2025/09/08	3.120	3.148	3.102	3.115	1046000	3258066.00
2025/09/09	3.106	3.153	3.106	3.122	1145200	3590836.50
2025/09/10	3.164	3.164	3.120	3.129	977400	3055680.50
2025/09/11	3.180	3.180	3.110	3.130	848300	2648978.00
2025/09/12	3.111	3.158	3.111	3.129	1226500	3837468.50
2025/09/15	3.136	3.162	3.130	3.144	3224900	10129170.00
2025/09/16	3.125	3.149	3.123	3.144	360400	1129397.88
2025/09/17	3.138	3.159	3.125	3.159	577100	1815960.13
2025/09/18	3.165	3.183	3.142	3.158	304100	962102.88
2025/09/19	3.177	3.191	3.120	3.170	2118400	6693749.50
2025/09/22	3.170	3.170	3.131	3.149	330479	1040992.81
2025/09/23	3.150	3.152	3.128	3.148	253993	797295.69
2025/09/24	3.152	3.160	3.137	3.154	133800	421938.50
2025/09/25	3.173	3.200	3.137	3.146	1395200	4391066.50
2025/09/26	3.127	3.159	3.124	3.149	1397100	4401921.00
2025/09/29	3.130	3.178	3.130	3.138	1634400	5134420.00
2025/09/30	3.146	3.157	3.137	3.145	550300	1729167.88
2025/10/09	3.164	3.164	3.130	3.130	567600	1781180.75
2025/10/10	3.119	3.199	3.101	3.144	319700	1006074.13
2025/10/13	3.125	3.200	3.125	3.151	679300	2143818.50
2025/10/14	3.151	3.151	3.133	3.139	90800	284648.31
2025/10/15	3.120	3.146	3.101	3.117	609500	1903982.75
2025/10/16	3.079	3.238	3.079	3.117	4576400	14272904.00
2025/10/17	3.097	3.181	3.096	3.121	1049000	3268866.25
2025/10/20	3.102	3.175	3.080	3.086	1539200	4781925.50
2025/10/21	3.081	3.103	3.035	3.054	1004200	3067581.50
2025/10/22	3.053	3.227	3.043	3.062	2321400	7125166.00
2025/10/23	3.044	3.098	3.044	3.094	1862700	5722829.50
2025/10/24	3.076	3.118	3.076	3.110	597400	1854924.38
2025/10/27	3.110	3.140	3.101	3.113	885500	2752870.75
2025/10/28	3.159	3.159	3.078	3.124	5856200	18143248.00
2025/10/29	3.123	3.140	3.115	3.140	1066600	3339089.50
2025/10/30	3.140	3.147	3.101	3.134	1418000	4438590.50
2025/10/31	3.115	3.134	3.095	3.103	3569400	11097804.00
2025/11/03	3.103	3.109	3.036	3.048	1448900	4442527.50
2025/11/04	3.030	3.030	2.957	2.979	715900	2140274.25
2025/11/05	2.974	2.993	2.918	2.927	1046200	3067474.75
2025/11/06	2.925	2.925	2.900	2.910	201500	587146.81
2025/11/07	2.893	3.016	2.893	2.992	640816	1886160.13
2025/11/10	2.952	3.067	2.920	2.955	2398400	7137834.50
2025/11/11	2.917	2.974	2.917	2.957	1839600	5437538.00
2025/11/12	2.955	2.967	2.952	2.956	1082500	3200505.50
2025/11/13	2.956	2.958	2.941	2.957	277600	819666.69
2025/11/14	2.917	3.228	2.917	2.977	981700	2923535.50
2025/11/17	2.980	3.035	2.938	2.980	499400	1489145.75
2025/11/18	2.955	2.995	2.953	2.963	2151500	6371614.50
2025/11/19	2.963	2.975	2.963	2.965	301400	894194.63
2025/11/20	2.934	2.988	2.934	2.971	1968600	5839313.50
2025/11/21	2.972	3.238	2.940	2.946	2315900	6851815.00
2025/11/24	2.934	2.934	2.893	2.909	359772	1047319.00
2025/11/25	2.926	2.934	2.900	2.913	199600	580237.31
2025/11/26	2.913	2.925	2.902	2.919	506400	1474459.25
2025/11/27	2.919	2.919	2.892	2.902	213200	618481.88
2025/11/28	2.902	2.910	2.888	2.893	205100	593266.31
2025/12/01	2.909	2.909	2.880	2.898	50200	145402.41
2025/12/02	2.908	2.908	2.898	2.902	21300	61880.20
2025/12/03	2.885	2.912	2.885	2.894	100300	290377.09
2025/12/04	2.896	2.910	2.819	2.869	3499600	9956487.00
2025/12/05	2.852	2.869	2.830	2.854	1783258	5087485.50
2025/12/08	2.854	2.861	2.820	2.825	1451600	4105773.75
2025/12/09	2.820	2.865	2.744	2.777	2961900	8224850.00
2025/12/10	2.762	2.999	2.738	2.791	1630100	4522844.50
2025/12/11	2.794	2.794	2.780	2.784	775300	2157400.00
2025/12/12	2.784	2.839	2.784	2.804	253266	709362.06
2025/12/15	2.781	2.832	2.762	2.773	2138116	5948011.00
2025/12/16	2.794	2.794	2.775	2.775	364500	1012944.31
2025/12/17	2.797	2.820	2.770	2.772	313166	868744.38
2025/12/18	2.767	2.799	2.743	2.757	972100	2675326.25
2025/12/19	2.740	2.779	2.690	2.756	2006900	5476197.50
2025/12/22	2.750	2.782	2.747	2.752	713100	1961949.88
2025/12/23	2.712	2.774	2.712	2.738	283400	777778.81
2025/12/24	2.710	2.910	2.650	2.893	2711700	7554027.50
2025/12/25	2.881	2.905	2.870	2.900	1652200	4782018.00
2025/12/26	2.900	2.900	2.830	2.850	2049900	5843030.50
2025/12/29	2.850	2.850	2.806	2.837	1091300	3083314.50
2025/12/30	2.805	2.888	2.805	2.840	1074000	3034484.75
2025/12/31	2.855	2.855	2.825	2.845	229300	651809.88
2026/01/05	2.855	2.888	2.840	2.841	1043100	2971577.00
2026/01/06	2.845	2.885	2.810	2.869	5170600	14754195.00
2026/01/07	2.857	2.935	2.857	2.912	825500	2409607.00
2026/01/08	2.911	3.002	2.886	3.001	1871100	5509779.50
2026/01/09	2.968	3.022	2.936	3.022	1121300	3307770.75
2026/01/12	2.990	2.993	2.946	2.960	2479264	7338213.50
2026/01/13	2.959	2.959	2.911	2.930	3148000	9214736.00
2026/01/14	2.923	2.943	2.898	2.913	1284300	3742252.00
2026/01/15	2.913	2.949	2.900	2.914	933300	2731758.75
2026/01/16	2.930	2.971	2.914	2.946	1127400	3326558.25
2026/01/19	2.943	2.990	2.916	2.966	952100	2815324.00
2026/01/20	2.948	3.002	2.948	2.971	946000	2821314.00
2026/01/21	2.972	2.998	2.970	2.980	134700	401225.31
2026/01/22	2.962	3.001	2.893	3.001	2992400	8811941.00
2026/01/23	2.962	3.001	2.957	2.957	937600	2795125.25
2026/01/26	2.960	3.025	2.928	2.940	858400	2537482.25
2026/01/27	2.943	2.954	2.933	2.948	958100	2817541.75
2026/01/28	2.930	2.984	2.916	2.966	1871517	5556905.00
2026/01/29	2.960	2.999	2.955	2.984	614700	1831374.75
2026/01/30	2.970	2.990	2.967	2.967	233600	694472.13
2026/02/02	2.960	2.960	2.934	2.940	900100	2651105.00
2026/02/03	2.959	2.965	2.940	2.951	1332900	3934535.75
2026/02/04	2.956	2.968	2.941	2.962	1399700	4123303.75
2026/02/05	2.975	3.020	2.961	2.970	2435900	7239597.50
2026/02/06	2.960	2.988	2.960	2.967	1068200	3175932.00
2026/02/09	2.988	2.988	2.965	2.965	187100	555919.19
2026/02/10	2.960	2.970	2.955	2.970	86400	256395.80
2026/02/11	2.952	2.986	2.946	2.982	374900	1115554.25
2026/02/12	2.982	3.000	2.947	2.990	256800	765545.31
2026/02/13	2.993	2.996	2.964	2.970	1224900	3640290.75
2026/02/24	2.972	2.996	2.961	2.974	945700	2809242.25
2026/02/25	2.979	3.000	2.939	2.977	1546600	4608434.00
2026/02/26	2.979	2.995	2.950	2.955	889300	2635492.50
2026/02/27	2.975	3.017	2.960	2.964	705100	2092385.13
2026/03/02	2.966	2.966	2.954	2.954	259600	767539.81
2026/03/03	2.959	2.983	2.956	2.971	460000	1366437.88
2026/03/04	2.971	2.990	2.964	2.971	521900	1551140.25
2026/03/05	2.976	2.976	2.954	2.959	326400	967699.63
2026/03/06	2.963	2.966	2.938	2.952	371500	1096655.25
2026/03/09	2.972	2.989	2.930	2.950	681100	2004570.13
2026/03/10	2.959	2.960	2.931	2.958	68900	203301.59
2026/03/11	2.945	2.974	2.922	2.969	230900	681570.88
2026/03/12	2.945	2.989	2.931	2.966	448100	1324027.50
2026/03/13	2.966	2.985	2.956	2.967	813300	2413649.75
2026/03/16	2.975	2.976	2.925	2.932	406100	1198680.88
2026/03/17	2.939	2.955	2.930	2.955	645000	1898367.75
2026/03/18	2.958	2.959	2.945	2.956	907100	2674311.00
2026/03/19	2.960	2.961	2.936	2.940	516200	1521982.25
2026/03/20	2.946	2.949	2.938	2.945	57200	168472.70
2026/03/23	2.949	2.949	2.930	2.937	48000	140958.30
2026/03/24	2.945	2.961	2.901	2.950	621266	1826709.88
2026/04/03	2.960	2.977	2.935	2.960	133100	392686.69
#Ъ§ОнРДдД:ЭЈДяаХ
