180303 빽揭괜袞膠직REIT 휑窟 꼇릿홈
      휑퍅	    역턍	    離멕	    離됴	    澗턍	    냥슥좆	    냥슥띨
2024/10/29	4.065	4.075	3.901	4.074	12025862	48652132.00
2024/10/30	3.999	3.999	3.935	3.989	1234316	4908668.00
2024/10/31	3.979	4.015	3.937	4.015	1516598	6038366.00
2024/11/01	3.990	3.990	3.911	3.912	791036	3112007.50
2024/11/04	3.906	3.906	3.802	3.807	1106224	4229105.00
2024/11/05	3.828	3.828	3.739	3.739	1208744	4537921.50
2024/11/06	3.738	3.738	3.693	3.737	930643	3453562.50
2024/11/07	3.700	3.769	3.700	3.751	590723	2216471.50
2024/11/08	3.753	3.769	3.725	3.751	362478	1358523.88
2024/11/11	3.751	3.751	3.718	3.738	308133	1149410.25
2024/11/12	3.737	3.779	3.725	3.761	284219	1064335.75
2024/11/13	3.759	3.759	3.736	3.742	219751	822312.75
2024/11/14	3.730	3.755	3.726	3.736	334863	1251480.13
2024/11/15	3.730	3.743	3.721	3.725	235732	879221.19
2024/11/18	3.759	3.759	3.707	3.723	156526	582642.75
2024/11/19	3.710	3.744	3.710	3.739	157294	586287.88
2024/11/20	3.739	3.739	3.721	3.726	267645	996283.56
2024/11/21	3.725	3.749	3.723	3.747	281889	1054078.75
2024/11/22	3.763	3.763	3.702	3.712	429780	1597781.63
2024/11/25	3.705	3.712	3.690	3.700	245006	906708.69
2024/11/26	3.689	3.698	3.688	3.690	332578	1227157.75
2024/11/27	3.689	3.700	3.660	3.695	206249	760735.25
2024/11/28	3.698	3.760	3.696	3.748	730424	2709962.50
2024/11/29	3.748	3.758	3.701	3.730	194107	724718.44
2024/12/02	3.749	3.749	3.705	3.729	406679	1517044.00
2024/12/03	3.715	3.746	3.715	3.722	432920	1612715.25
2024/12/04	3.722	3.743	3.711	3.724	127356	474243.16
2024/12/05	3.711	3.751	3.710	3.723	475297	1769493.38
2024/12/06	3.711	3.756	3.711	3.736	921493	3433482.50
2024/12/09	3.735	3.760	3.733	3.737	373491	1396484.38
2024/12/10	3.737	3.757	3.721	3.741	421478	1573004.38
2024/12/11	3.731	3.758	3.731	3.749	433869	1622894.13
2024/12/12	3.740	3.786	3.739	3.785	595820	2243744.25
2024/12/13	3.785	3.810	3.737	3.794	484727	1835031.38
2024/12/16	3.784	3.796	3.768	3.778	146617	555334.88
2024/12/17	3.770	3.800	3.770	3.778	131849	498978.28
2024/12/18	3.810	3.810	3.762	3.787	339731	1286882.63
2024/12/19	3.791	3.810	3.760	3.802	395263	1494148.38
2024/12/20	3.784	3.800	3.784	3.792	279683	1059454.88
2024/12/23	3.732	3.789	3.732	3.772	131496	496488.47
2024/12/24	3.771	3.781	3.763	3.764	138305	520888.69
2024/12/25	3.763	3.785	3.664	3.737	1094622	4050893.50
2024/12/26	3.678	3.743	3.665	3.726	365682	1357118.50
2024/12/27	3.724	3.745	3.681	3.740	472907	1765157.63
2024/12/30	3.734	3.860	3.734	3.860	1210377	4582694.00
2024/12/31	3.808	3.900	3.808	3.900	1948682	7532517.00
2025/01/02	3.851	3.889	3.851	3.868	1406135	5443205.00
2025/01/03	3.899	3.899	3.802	3.859	608006	2349209.25
2025/01/06	3.900	3.900	3.772	3.772	1073905	4090807.50
2025/01/07	3.772	3.781	3.731	3.732	364590	1363114.00
2025/01/08	3.735	3.758	3.703	3.753	319717	1195310.63
2025/01/09	3.749	3.801	3.704	3.784	1093403	4115339.75
2025/01/10	3.790	3.835	3.751	3.827	492864	1873817.13
2025/01/13	3.827	3.850	3.809	3.809	378791	1452872.13
2025/01/14	3.801	3.850	3.784	3.787	540898	2048913.75
2025/01/15	3.784	3.817	3.784	3.817	109282	415284.75
2025/01/16	3.817	3.850	3.794	3.810	204147	778326.56
2025/01/17	3.814	3.830	3.811	3.827	481965	1841512.75
2025/01/20	3.840	3.900	3.830	3.890	874189	3383068.50
2025/01/21	3.880	3.913	3.854	3.911	842709	3286750.00
2025/01/22	3.912	3.963	3.887	3.953	660657	2607060.75
2025/01/23	3.929	3.969	3.928	3.949	1310463	5175730.50
2025/01/24	3.949	4.039	3.930	4.016	1219206	4846093.50
2025/01/27	3.991	4.065	3.991	4.023	1092238	4406072.50
2025/02/05	4.061	4.061	3.966	4.054	832457	3354695.75
2025/02/06	4.056	4.065	4.015	4.049	992012	4016526.25
2025/02/07	4.049	4.049	3.990	4.041	865165	3484017.25
2025/02/10	4.016	4.096	4.016	4.093	1662183	6770026.00
2025/02/11	4.070	4.203	4.070	4.198	2400795	9988158.00
2025/02/12	4.195	4.215	4.157	4.213	1559221	6541571.00
2025/02/13	4.211	4.211	4.136	4.165	1388938	5795178.00
2025/02/14	4.106	4.200	4.106	4.164	366142	1524820.63
2025/02/17	4.135	4.199	4.103	4.178	412798	1722665.25
2025/02/18	4.178	4.178	4.138	4.170	734167	3059218.25
2025/02/19	4.169	4.169	4.118	4.152	917281	3802582.00
2025/02/20	4.121	4.157	4.117	4.155	263754	1093824.13
2025/02/21	4.120	4.200	4.120	4.174	599369	2493919.25
2025/02/24	4.174	4.208	4.133	4.151	1187549	4947712.50
2025/02/25	4.135	4.172	4.110	4.132	629374	2599526.00
2025/02/26	4.135	4.135	4.066	4.066	1154211	4734012.50
2025/02/27	4.056	4.074	4.050	4.051	1235091	5007652.50
2025/02/28	4.047	4.067	4.026	4.065	723123	2930430.25
2025/03/03	4.085	4.085	3.990	4.015	482305	1943837.13
2025/03/04	4.010	4.070	4.008	4.060	777600	3147089.00
2025/03/05	3.968	4.155	3.968	4.140	1132756	4618674.00
2025/03/06	4.116	4.550	4.116	4.180	2385611	9956334.00
2025/03/07	4.162	4.220	4.148	4.208	2190996	9144561.00
2025/03/10	4.208	4.225	4.170	4.224	1447773	6098265.00
2025/03/11	4.220	4.229	4.210	4.228	269294	1136230.25
2025/03/12	4.219	4.280	4.195	4.230	805438	3413863.00
2025/03/13	4.230	4.357	4.172	4.227	328739	1381665.75
2025/03/14	4.212	4.241	4.194	4.238	1066603	4502524.50
2025/03/17	4.205	4.297	4.204	4.291	498757	2128932.00
2025/03/18	4.258	4.291	4.258	4.286	323365	1382740.50
2025/03/19	4.298	4.377	4.288	4.372	557679	2417924.75
2025/03/20	4.350	4.406	4.340	4.356	302122	1321751.00
2025/03/21	4.356	4.356	4.324	4.347	183731	797376.44
2025/03/24	4.336	4.352	4.254	4.260	456324	1960925.38
2025/03/25	4.300	4.300	4.205	4.283	584132	2499327.75
2025/03/26	4.262	4.282	4.258	4.277	97361	415769.53
2025/03/27	4.283	4.322	4.283	4.297	367292	1580345.88
2025/03/28	4.310	4.361	4.310	4.361	599279	2600532.75
2025/03/31	4.318	4.415	4.318	4.342	482279	2097754.50
2025/04/01	4.330	4.342	4.266	4.298	755505	3243456.75
2025/04/02	4.241	4.250	4.139	4.250	632700	2674802.00
2025/04/03	4.230	4.288	4.230	4.285	155098	659765.31
2025/04/07	4.205	4.282	4.096	4.279	1397026	5805182.50
2025/04/08	4.266	4.266	4.190	4.208	189063	796782.19
2025/04/09	4.199	4.376	4.000	4.160	449190	1856703.75
2025/04/10	4.159	4.300	4.094	4.224	464430	1948511.75
2025/04/11	4.203	4.301	4.182	4.265	373726	1592413.38
2025/04/14	4.245	4.316	4.245	4.294	289055	1238744.13
2025/04/15	4.376	4.376	4.260	4.318	420028	1815113.75
2025/04/16	4.301	4.327	4.268	4.280	240244	1032962.44
2025/04/17	4.280	4.323	4.277	4.323	309911	1332875.75
2025/04/18	4.306	4.448	4.299	4.448	414326	1801815.25
2025/04/21	4.420	4.440	4.323	4.370	448065	1963152.88
2025/04/22	4.350	4.389	4.321	4.330	296100	1290709.25
2025/04/23	4.340	4.399	4.280	4.280	531263	2304231.25
2025/04/24	4.350	4.350	4.255	4.260	587308	2511004.00
2025/04/25	4.270	4.298	4.243	4.265	440063	1870864.00
2025/04/28	4.248	4.269	4.228	4.228	687800	2913812.75
2025/04/29	4.250	4.250	4.172	4.240	45635	192777.02
2025/04/30	4.200	4.381	4.200	4.230	193563	818904.25
2025/05/06	4.232	4.281	4.173	4.249	412752	1755267.00
2025/05/07	4.208	4.279	4.208	4.229	88200	375039.91
2025/05/08	4.212	4.290	4.210	4.248	755866	3214104.25
2025/05/09	4.231	4.310	4.213	4.297	363383	1553791.50
2025/05/12	4.280	4.380	4.280	4.321	429098	1858649.88
2025/05/13	4.304	4.397	4.290	4.300	505204	2190502.00
2025/05/14	4.300	4.326	4.267	4.280	230828	989425.88
2025/05/15	4.263	4.298	4.250	4.256	144079	615399.00
2025/05/16	4.265	4.299	4.222	4.282	253014	1081185.75
2025/05/19	4.265	4.362	4.254	4.297	923381	3981456.25
2025/05/20	4.280	4.360	4.271	4.357	961413	4175673.75
2025/05/21	4.340	4.432	4.324	4.394	1411843	6190713.50
2025/05/22	4.376	4.422	4.347	4.350	858386	3744531.25
2025/05/23	4.334	4.350	4.299	4.339	917175	3972258.00
2025/05/26	4.322	4.421	4.306	4.410	696311	3055418.50
2025/05/27	4.392	4.435	4.333	4.334	1828320	8017733.50
2025/05/28	4.317	4.334	4.301	4.318	487468	2102228.00
2025/05/29	4.300	4.315	4.273	4.314	1133481	4860851.00
2025/05/30	4.298	4.358	4.286	4.355	528338	2296389.25
2025/06/03	4.338	4.419	4.338	4.398	1330964	5850786.50
2025/06/04	4.380	4.428	4.376	4.389	465822	2052747.13
2025/06/05	4.387	4.545	4.368	4.538	1920602	8617536.00
2025/06/06	4.549	4.620	4.500	4.536	1123046	5120290.50
2025/06/09	4.518	4.620	4.483	4.539	381706	1724110.25
2025/06/10	4.521	4.650	4.451	4.594	436636	2006955.63
2025/06/11	4.577	4.694	4.563	4.685	477671	2224216.50
2025/06/12	4.669	4.741	4.600	4.690	342700	1609915.00
2025/06/13	4.671	4.730	4.633	4.670	378878	1770674.00
2025/06/16	4.669	4.750	4.660	4.715	411567	1938946.13
2025/06/17	4.696	4.750	4.680	4.738	225663	1067099.88
2025/06/18	4.719	4.814	4.710	4.760	776730	3693587.00
2025/06/19	4.742	4.815	4.680	4.693	839614	3969975.00
2025/06/20	4.650	4.744	4.650	4.740	661388	3121055.25
2025/06/23	4.759	4.759	4.716	4.754	120185	569783.94
2025/06/24	4.735	4.736	4.572	4.675	1045629	4881808.00
2025/06/25	4.673	4.717	4.597	4.620	401800	1863573.88
2025/06/26	4.620	4.620	4.565	4.611	245833	1130697.75
2025/06/27	4.593	4.650	4.538	4.650	252500	1160983.50
2025/06/30	4.639	4.648	4.540	4.570	758590	3475329.75
2025/07/01	4.569	4.624	4.552	4.613	513400	2364688.50
2025/07/02	4.613	4.646	4.613	4.619	867000	4011007.75
2025/07/03	4.619	4.686	4.619	4.635	839785	3894964.75
2025/07/04	4.633	4.690	4.562	4.594	1091189	5040516.00
2025/07/07	4.591	4.640	4.564	4.570	2433821	11164655.00
2025/07/08	4.577	4.611	4.515	4.561	1616859	7367589.00
2025/07/09	4.559	4.588	4.500	4.501	1279700	5790246.50
2025/07/10	4.500	4.545	4.453	4.513	639952	2878906.75
2025/07/11	4.513	4.570	4.452	4.564	1637370	7331478.50
2025/07/14	4.546	4.560	4.460	4.520	1484200	6653803.50
2025/07/15	4.501	4.529	4.488	4.515	558100	2516508.00
2025/07/16	4.497	4.538	4.490	4.530	663165	2992026.25
2025/07/17	4.512	4.560	4.494	4.532	771770	3493066.75
2025/07/18	4.529	4.550	4.482	4.508	1545100	6964881.50
2025/07/21	4.506	4.538	4.455	4.513	1270549	5704077.00
2025/07/22	4.513	4.531	4.447	4.460	672595	3013748.50
2025/07/23	4.450	4.482	4.355	4.418	1301000	5701286.00
2025/07/24	4.415	4.507	4.358	4.484	1094300	4852433.50
2025/07/25	4.466	4.564	4.437	4.544	1841500	8249752.00
2025/07/28	4.539	4.539	4.446	4.500	1001263	4500601.50
2025/07/29	4.495	4.514	4.470	4.496	1184116	5321941.00
2025/07/30	4.478	4.584	4.478	4.524	1011885	4563373.50
2025/07/31	4.520	4.570	4.515	4.565	1005000	4566326.50
2025/08/01	4.550	4.790	4.543	4.573	646029	2949777.50
2025/08/04	4.564	4.650	4.552	4.599	1126763	5182778.00
2025/08/05	4.599	4.703	4.579	4.703	739589	3424414.50
2025/08/06	4.709	5.169	4.647	4.729	1506156	7102330.50
2025/08/07	4.729	4.786	4.660	4.723	1710987	8090698.50
2025/08/08	4.719	4.772	4.688	4.770	963734	4546406.50
2025/08/11	4.769	4.830	4.751	4.786	602200	2875305.25
2025/08/12	4.767	4.824	4.748	4.769	891526	4263584.00
2025/08/13	4.758	4.835	4.723	4.750	1352065	6419294.00
2025/08/14	4.700	4.840	4.700	4.741	456600	2169730.00
2025/08/15	4.749	4.778	4.651	4.700	879863	4128380.50
2025/08/18	4.687	4.719	4.566	4.648	799517	3705696.25
2025/08/19	4.639	4.725	4.538	4.650	1493193	6902240.50
2025/08/20	4.649	4.790	4.552	4.743	1341900	6238967.50
2025/08/21	4.738	4.795	4.635	4.721	1187863	5597664.00
2025/08/22	4.716	4.801	4.663	4.722	1210733	5690883.00
2025/08/25	4.719	4.729	4.633	4.689	980000	4588126.00
2025/08/26	4.685	4.735	4.649	4.674	565709	2648171.75
2025/08/27	4.700	4.750	4.680	4.725	1769463	8346061.50
2025/08/28	4.726	4.898	4.700	4.868	3119383	15102847.00
2025/08/29	4.869	5.002	4.839	4.900	2644404	13075705.00
2025/09/01	4.812	4.905	4.771	4.814	736849	3556272.00
2025/09/02	4.816	4.893	4.785	4.844	497459	2400211.50
2025/09/03	4.844	4.915	4.801	4.894	858061	4173779.75
2025/09/04	4.894	4.920	4.822	4.842	1117351	5427848.00
2025/09/05	4.838	4.955	4.758	4.843	1213151	5844546.00
2025/09/08	4.840	4.887	4.803	4.830	575800	2781866.25
2025/09/09	4.830	4.873	4.790	4.864	679881	3282414.25
2025/09/10	4.865	4.893	4.787	4.787	682900	3299680.25
2025/09/11	4.786	4.817	4.696	4.727	904900	4278909.00
2025/09/12	4.715	4.761	4.658	4.670	642800	3019319.00
2025/09/15	4.669	4.728	4.630	4.655	862923	4038756.50
2025/09/16	4.652	4.699	4.615	4.633	540800	2512576.00
2025/09/17	4.632	4.659	4.602	4.603	469012	2165239.25
2025/09/18	4.575	4.631	4.543	4.548	705353	3218268.50
2025/09/19	4.548	4.600	4.508	4.596	1350037	6169538.50
2025/09/22	4.580	4.649	4.485	4.600	1536516	7046381.00
2025/09/23	4.598	4.600	4.563	4.596	1047190	4805391.00
2025/09/24	4.596	4.611	4.550	4.583	477553	2189699.00
2025/09/25	4.583	4.620	4.556	4.577	215832	989498.56
2025/09/26	4.578	4.634	4.566	4.587	533016	2448563.00
2025/09/29	4.567	4.620	4.549	4.599	422100	1936924.75
2025/09/30	4.591	4.640	4.556	4.583	667763	3059604.00
2025/10/09	4.556	4.609	4.554	4.580	434221	1987161.50
2025/10/10	4.553	4.615	4.553	4.575	190290	872786.31
2025/10/13	4.561	4.600	4.535	4.580	1055700	4842213.50
2025/10/14	4.558	4.609	4.540	4.572	583133	2659279.00
2025/10/15	4.547	4.590	4.515	4.515	484300	2196580.25
2025/10/16	4.488	4.515	4.372	4.418	1450932	6419346.50
2025/10/17	4.379	4.402	4.353	4.380	562777	2460651.00
2025/10/20	4.380	4.420	4.300	4.309	1031200	4470699.00
2025/10/21	4.300	4.323	4.258	4.262	994000	4253798.50
2025/10/22	4.266	4.287	4.233	4.260	1892123	8067562.50
2025/10/23	4.256	4.310	4.230	4.241	1280153	5439982.50
2025/10/24	4.266	4.409	4.190	4.366	1062563	4557773.00
2025/10/27	4.357	4.366	4.282	4.289	477600	2058710.38
2025/10/28	4.266	4.302	4.266	4.300	997463	4284057.50
2025/10/29	4.274	4.275	4.236	4.267	7221601	30760310.00
2025/10/30	4.240	4.270	4.182	4.239	4475463	18931544.00
2025/10/31	4.238	4.274	4.184	4.184	722200	3032368.50
2025/11/03	4.186	4.207	4.087	4.136	4166534	17132736.00
2025/11/04	4.060	4.135	4.040	4.054	1474243	6008368.50
2025/11/05	4.055	4.055	3.994	4.000	2741190	10975507.00
2025/11/06	4.010	4.010	3.986	4.000	1863390	7447889.50
2025/11/07	4.001	4.021	3.980	4.000	3928263	15707766.00
2025/11/10	4.000	4.024	3.996	4.010	4891926	19613976.00
2025/11/11	4.011	4.105	4.001	4.085	2146253	8690264.00
2025/11/12	4.085	4.124	4.062	4.078	1422240	5821680.00
2025/11/13	4.095	4.100	4.043	4.054	1671026	6786871.00
2025/11/14	4.055	4.116	4.034	4.116	3685200	15001539.00
2025/11/17	4.091	4.178	4.079	4.125	1021806	4216090.50
2025/11/18	4.089	4.168	4.089	4.110	1638290	6755463.00
2025/11/19	4.138	4.138	4.074	4.079	1059063	4338169.00
2025/11/20	4.039	4.098	4.020	4.048	964400	3910517.25
2025/11/21	4.072	4.080	4.035	4.044	279200	1131424.75
2025/11/24	4.043	4.092	3.960	4.040	781900	3144598.25
2025/11/25	4.040	4.088	3.996	4.055	1704226	6853094.00
2025/11/26	4.031	4.126	4.010	4.098	2687200	10977560.00
2025/11/27	4.098	4.125	4.054	4.089	989100	4034925.00
2025/11/28	4.090	4.130	4.070	4.073	820100	3348272.25
2025/12/01	4.056	4.133	4.016	4.102	542526	2206113.75
2025/12/02	4.071	4.123	4.071	4.086	324600	1327541.50
2025/12/03	4.076	4.163	3.927	4.056	3167300	12671609.00
2025/12/04	4.028	4.050	3.986	4.034	1242422	4993082.00
2025/12/05	4.019	4.057	4.001	4.041	1043900	4203348.50
2025/12/08	4.006	4.059	3.980	4.009	1827800	7310795.00
2025/12/09	4.009	4.050	3.980	3.998	1345500	5382764.50
2025/12/10	3.998	4.013	3.917	4.011	1249000	4978811.50
2025/12/11	4.011	4.030	3.990	4.016	1027763	4117663.75
2025/12/12	4.000	4.028	3.973	4.022	1186265	4743919.50
2025/12/15	4.023	4.043	3.931	3.970	1102853	4395355.00
2025/12/16	3.970	4.019	3.938	3.968	1143300	4520737.00
2025/12/17	3.978	3.981	3.927	3.960	1064300	4205847.00
2025/12/18	3.960	3.980	3.922	3.962	2372229	9379842.00
2025/12/19	3.930	3.959	3.899	3.950	3617429	14270851.00
2025/12/22	3.909	3.909	3.865	3.865	727065	2820876.25
2025/12/23	3.826	3.911	3.816	3.909	1994926	7687955.00
2025/12/24	3.869	4.045	3.850	4.020	2684663	10692341.00
2025/12/25	3.982	4.072	3.975	4.070	968763	3910425.25
2025/12/26	4.070	4.087	4.000	4.024	881738	3550373.75
2025/12/29	3.984	4.025	3.891	4.020	2731800	10790150.00
2025/12/30	3.974	4.009	3.913	4.000	2203426	8708765.00
2025/12/31	3.951	3.995	3.922	3.990	1037185	4106256.75
2026/01/05	3.980	4.016	3.918	4.000	1334200	5326649.50
2026/01/06	3.999	4.110	3.966	4.080	1700597	6896467.50
2026/01/07	4.043	4.150	4.043	4.124	1107771	4553679.00
2026/01/08	4.124	4.286	4.081	4.174	1882700	7869003.00
2026/01/09	4.176	4.182	4.103	4.179	1892400	7830518.00
2026/01/12	4.172	4.188	4.090	4.175	2749300	11454059.00
2026/01/13	4.173	4.188	4.080	4.100	1958900	8132953.50
2026/01/14	4.098	4.138	4.060	4.138	4815943	19706198.00
2026/01/15	4.106	4.180	4.069	4.140	786500	3236035.25
2026/01/16	4.100	4.169	4.082	4.169	2115216	8687374.00
2026/01/19	4.129	4.179	4.129	4.176	2381822	9895381.00
2026/01/20	4.151	4.220	4.127	4.193	1822600	7622972.50
2026/01/21	4.193	4.258	4.143	4.250	1383292	5838035.50
2026/01/22	4.238	4.430	4.235	4.423	2883743	12655632.00
2026/01/23	4.468	4.556	4.369	4.472	3643463	16256245.00
2026/01/26	4.490	4.490	4.428	4.453	1020585	4551044.00
2026/01/27	4.448	4.458	4.373	4.457	2048063	9085872.00
2026/01/28	4.446	4.479	4.409	4.440	2160416	9597575.00
2026/01/29	4.441	4.450	4.408	4.443	1802000	7985661.00
2026/01/30	4.418	4.438	4.385	4.398	2122044	9341840.00
2026/02/02	4.359	4.393	4.288	4.305	1315200	5691654.50
2026/02/03	4.300	4.350	4.277	4.331	906605	3917725.75
2026/02/04	4.310	4.365	4.301	4.337	1316332	5695453.50
2026/02/05	4.320	4.352	4.320	4.336	2559679	11114060.00
2026/02/06	4.335	4.350	4.284	4.329	522500	2260088.50
2026/02/09	4.300	4.342	4.300	4.310	593032	2556260.75
2026/02/10	4.307	4.342	4.291	4.318	1577979	6799066.50
2026/02/11	4.318	4.339	4.298	4.317	1154363	4977619.50
2026/02/12	4.324	4.324	4.292	4.293	905400	3898380.75
2026/02/13	4.314	4.314	4.249	4.300	536100	2299514.25
2026/02/24	4.299	4.318	4.254	4.293	272800	1168171.75
2026/02/25	4.295	4.328	4.282	4.321	7382363	31762994.00
2026/02/26	4.325	4.347	4.284	4.327	947800	4091287.00
2026/02/27	4.329	4.338	4.301	4.322	847900	3667371.50
2026/03/02	4.322	4.327	4.257	4.306	698632	3004363.25
2026/03/03	4.305	4.350	4.267	4.350	1885426	8164307.00
2026/03/04	4.353	4.353	4.309	4.321	736695	3188850.75
2026/03/05	4.326	4.362	4.292	4.337	764990	3318943.75
2026/03/06	4.339	4.340	4.303	4.309	738571	3187818.00
2026/03/09	4.316	4.349	4.201	4.328	2598900	11056144.00
2026/03/10	4.316	4.350	4.232	4.323	1205763	5210891.50
2026/03/11	4.326	4.326	4.252	4.296	449828	1931285.63
2026/03/12	4.271	4.288	4.223	4.232	708600	3011026.00
2026/03/13	4.231	4.244	4.148	4.229	387900	1639738.63
2026/03/16	4.228	4.257	4.088	4.127	1555600	6436343.50
2026/03/17	4.100	4.140	4.075	4.090	2125600	8705148.00
2026/03/18	4.104	4.155	4.067	4.144	1934600	7939343.00
2026/03/19	4.123	4.190	4.106	4.160	493200	2043718.25
2026/03/20	4.143	4.192	4.104	4.137	458343	1893979.75
2026/03/23	4.097	4.122	4.028	4.092	1416565	5788360.00
2026/03/24	4.058	4.138	4.057	4.102	595500	2436970.50
2026/04/03	4.041	4.096	4.009	4.066	406490	1641454.88
#鑒앴윱都:繫댐斤
