180601 ЛЊЯФЛЊШѓЩЬвЕREIT ШеЯп ВЛИДШЈ
      ШеЦк	    ПЊХЬ	    зюИп	    зюЕЭ	    ЪеХЬ	    ГЩНЛСП	    ГЩНЛЖю
2024/03/14	6.937	6.940	6.801	6.905	1837668	12714823.00
2024/03/15	6.897	6.899	6.840	6.888	302995	2083177.75
2024/03/18	6.883	6.931	6.821	6.878	306214	2107231.50
2024/03/19	6.878	6.880	6.805	6.849	530480	3633326.50
2024/03/20	6.825	6.848	6.825	6.830	253926	1735121.25
2024/03/21	6.826	6.878	6.825	6.835	358779	2451706.25
2024/03/22	6.825	6.850	6.825	6.827	256844	1754108.25
2024/03/25	6.827	6.827	6.811	6.811	274800	1872377.63
2024/03/26	6.797	6.811	6.765	6.774	174114	1179060.50
2024/03/27	6.800	6.800	6.785	6.789	540900	3673653.50
2024/03/28	6.761	6.761	6.731	6.737	333700	2248420.00
2024/03/29	6.737	6.738	6.717	6.724	262691	1766295.75
2024/04/01	6.723	6.800	6.711	6.748	356634	2413042.25
2024/04/02	6.738	6.767	6.735	6.757	745503	5029142.50
2024/04/03	6.757	6.785	6.757	6.778	169276	1146440.25
2024/04/08	6.772	6.850	6.772	6.797	220638	1501108.13
2024/04/09	6.800	6.860	6.800	6.841	920038	6301102.50
2024/04/10	6.854	6.935	6.853	6.910	1304428	9004809.00
2024/04/11	6.881	7.031	6.881	6.940	880160	6122200.50
2024/04/12	6.911	6.954	6.902	6.904	310700	2152641.50
2024/04/15	6.944	6.944	6.885	6.898	210600	1457921.88
2024/04/16	6.881	6.936	6.822	6.899	821676	5670235.00
2024/04/17	6.899	6.905	6.899	6.902	1059900	7315660.50
2024/04/18	6.902	6.910	6.901	6.902	905552	6250940.50
2024/04/19	6.902	6.906	6.882	6.902	1011349	6980739.00
2024/04/22	6.882	6.927	6.882	6.920	768900	5308630.50
2024/04/23	6.920	6.920	6.901	6.905	1241400	8570565.00
2024/04/24	6.905	6.935	6.905	6.908	301700	2085208.00
2024/04/25	6.885	6.926	6.885	6.905	1325759	9156255.00
2024/04/26	6.901	6.938	6.901	6.918	565100	3907653.75
2024/04/29	6.915	6.930	6.888	6.906	1563017	10793166.00
2024/04/30	6.905	6.915	6.901	6.902	648100	4474951.50
2024/05/06	6.935	6.935	6.871	6.890	49915	344076.41
2024/05/07	6.900	6.917	6.900	6.902	531577	3669275.75
2024/05/08	6.891	6.917	6.891	6.907	1962830	13549868.00
2024/05/09	6.951	6.951	6.900	6.903	251615	1739185.63
2024/05/10	6.918	6.918	6.903	6.915	138938	959369.44
2024/05/13	6.915	6.935	6.908	6.914	436100	3015380.00
2024/05/14	6.914	6.979	6.914	6.977	507973	3525013.25
2024/05/15	6.977	7.000	6.920	6.990	554806	3864956.25
2024/05/16	6.939	6.970	6.905	6.943	411977	2862359.00
2024/05/17	6.963	7.200	6.925	6.949	373200	2594030.50
2024/05/20	6.938	6.938	6.902	6.909	618965	4276689.00
2024/05/21	6.905	6.910	6.869	6.903	813200	5614420.50
2024/05/22	6.900	6.932	6.900	6.916	319200	2205422.25
2024/05/23	6.916	6.916	6.900	6.902	1669314	11524049.00
2024/05/24	6.906	6.915	6.895	6.915	600038	4143038.50
2024/05/27	6.919	6.920	6.900	6.912	340800	2354558.50
2024/05/28	6.912	6.919	6.900	6.907	232738	1608512.00
2024/05/29	6.907	6.917	6.907	6.910	226000	1562386.75
2024/05/30	6.918	6.918	6.904	6.906	134900	931887.31
2024/05/31	6.906	6.955	6.906	6.919	388552	2690786.00
2024/06/03	6.902	6.921	6.902	6.909	875700	6054729.00
2024/06/04	6.902	6.908	6.869	6.907	684938	4725257.00
2024/06/05	6.902	6.910	6.902	6.903	547200	3777439.75
2024/06/06	6.902	6.905	6.902	6.902	1128090	7787200.00
2024/06/07	6.902	6.910	6.902	6.905	420000	2899807.25
2024/06/11	6.890	6.913	6.890	6.908	787538	5439582.50
2024/06/12	6.904	6.908	6.903	6.904	1415179	9770466.00
2024/06/13	6.900	6.919	6.900	6.904	613700	4237330.00
2024/06/14	6.915	6.915	6.902	6.910	756751	5229635.00
2024/06/17	6.899	6.908	6.899	6.903	749138	5172138.50
2024/06/18	6.902	6.906	6.900	6.902	662600	4574167.50
2024/06/19	6.909	6.909	6.901	6.902	7000	48318.80
2024/06/20	6.901	6.905	6.901	6.903	918641	6342186.50
2024/06/21	6.902	6.905	6.901	6.903	671300	4634348.50
2024/06/24	6.873	6.904	6.873	6.900	349076	2408532.50
2024/06/25	6.900	6.909	6.898	6.902	356638	2460931.00
2024/06/26	6.902	6.907	6.899	6.900	1473338	10168560.00
2024/06/27	6.902	6.905	6.896	6.902	1463500	10098592.00
2024/06/28	6.855	6.929	6.855	6.908	698738	4826126.00
2024/07/01	6.888	6.908	6.888	6.902	1143833	7896672.00
2024/07/02	6.903	6.906	6.901	6.902	1302248	8990775.00
2024/07/03	6.903	6.903	6.866	6.898	1228500	8472698.00
2024/07/04	6.897	6.905	6.888	6.897	1354481	9344351.00
2024/07/05	6.900	6.905	6.900	6.902	1018800	7031580.00
2024/07/08	6.903	6.906	6.901	6.904	1354600	9350816.00
2024/07/09	6.900	6.904	6.900	6.904	1462000	10091340.00
2024/07/10	6.901	6.905	6.899	6.904	1286677	8880789.00
2024/07/11	6.904	6.904	6.900	6.900	1264800	8728891.00
2024/07/12	6.900	6.903	6.899	6.899	1064100	7343460.50
2024/07/15	6.900	6.903	6.899	6.900	1538200	10614636.00
2024/07/16	6.902	6.904	6.901	6.903	1193300	8236788.00
2024/07/17	6.903	6.903	6.900	6.901	1324091	9137337.00
2024/07/18	6.902	6.919	6.900	6.906	1116938	7716323.00
2024/07/19	6.903	6.905	6.901	6.904	1169262	8071306.50
2024/07/22	6.904	6.908	6.901	6.903	810400	5596386.50
2024/07/23	6.902	6.907	6.902	6.906	794212	5483626.50
2024/07/24	6.907	6.916	6.904	6.910	898700	6209562.00
2024/07/25	6.905	6.933	6.904	6.910	636500	4399374.50
2024/07/26	6.903	6.931	6.903	6.910	699000	4831431.50
2024/07/29	6.879	6.929	6.879	6.910	1337500	9250924.00
2024/07/30	6.910	6.917	6.901	6.912	1835700	12687382.00
2024/07/31	6.905	6.915	6.905	6.910	1545177	10677341.00
2024/08/01	6.910	6.976	6.909	6.945	2569164	17833652.00
2024/08/02	6.941	6.980	6.932	6.967	1432100	9948556.00
2024/08/05	6.967	7.023	6.967	7.014	1600582	11199465.00
2024/08/06	6.956	7.180	6.911	7.158	1413838	9899043.00
2024/08/07	7.150	7.450	7.015	7.400	2114238	15503346.00
2024/08/08	7.400	7.400	7.218	7.302	2404538	17659630.00
2024/08/09	7.262	7.281	7.100	7.260	1516976	10983155.00
2024/08/12	7.221	7.259	7.221	7.240	869738	6307890.00
2024/08/13	7.200	7.445	7.161	7.223	912938	6611972.00
2024/08/14	7.200	7.255	7.185	7.222	728000	5264589.50
2024/08/15	7.190	7.255	7.190	7.250	1526714	11039698.00
2024/08/16	7.250	7.280	7.236	7.260	1360600	9894799.00
2024/08/19	7.255	7.305	7.190	7.302	2064300	15055257.00
2024/08/20	7.300	7.317	7.277	7.296	910734	6649301.50
2024/08/21	7.400	7.400	7.167	7.275	1135700	8264271.00
2024/08/22	7.275	7.279	7.261	7.276	1076700	7829059.00
2024/08/23	7.275	7.391	7.262	7.385	739799	5422596.00
2024/08/26	7.350	7.390	7.339	7.381	1098100	8105635.50
2024/08/27	7.378	7.378	7.295	7.298	853300	6240137.00
2024/08/28	7.330	7.334	7.266	7.318	1131700	8288007.00
2024/08/29	7.259	7.317	7.259	7.278	1066500	7772513.00
2024/08/30	7.278	7.300	7.214	7.300	1958800	14174820.00
2024/09/02	7.249	7.289	7.249	7.274	648015	4714395.50
2024/09/03	7.270	7.273	7.249	7.249	500300	3632310.00
2024/09/04	7.209	7.290	7.209	7.288	593000	4301293.50
2024/09/05	7.288	7.314	7.214	7.305	1139138	8297877.50
2024/09/06	7.233	7.300	7.233	7.280	470600	3425071.75
2024/09/09	7.260	7.282	7.250	7.255	107400	779358.69
2024/09/10	7.230	7.260	7.230	7.250	259800	1884038.88
2024/09/11	7.250	7.304	7.250	7.285	466100	3398026.50
2024/09/12	7.101	7.251	7.101	7.235	369700	2677171.25
2024/09/13	7.150	7.276	7.150	7.253	660900	4788962.00
2024/09/18	7.213	7.249	7.213	7.245	347600	2518236.75
2024/09/19	7.207	7.371	7.160	7.230	1415800	10209358.00
2024/09/20	7.159	7.215	7.005	7.178	516160	3721077.50
2024/09/23	7.177	7.177	7.076	7.104	677400	4842160.50
2024/09/24	7.081	7.183	7.081	7.182	331753	2371041.50
2024/09/25	7.012	7.315	7.012	7.288	619077	4485779.00
2024/09/26	7.248	7.319	7.092	7.289	595500	4346393.50
2024/09/27	7.291	7.303	7.190	7.214	947900	6902112.00
2024/09/30	7.182	7.250	6.900	7.210	487303	3511060.00
2024/10/08	7.195	7.210	7.100	7.210	349291	2503338.25
2024/10/09	7.210	7.238	7.102	7.232	650428	4698183.50
2024/10/10	7.232	7.235	7.140	7.211	279500	2017531.50
2024/10/11	7.211	7.234	7.155	7.176	365500	2638393.75
2024/10/14	7.240	7.240	7.170	7.216	183800	1322674.50
2024/10/15	7.216	7.299	7.188	7.291	282800	2045846.50
2024/10/16	7.291	7.358	7.268	7.300	513977	3760104.75
2024/10/17	7.300	7.368	7.212	7.242	1017838	7370675.00
2024/10/18	7.242	7.284	7.242	7.274	816435	5935178.00
2024/10/21	7.336	7.336	7.283	7.330	843500	6169425.50
2024/10/22	7.335	7.368	7.311	7.351	554076	4061591.25
2024/10/23	7.337	7.358	7.337	7.347	408138	2997914.25
2024/10/24	7.337	7.346	7.323	7.334	971100	7121483.50
2024/10/25	7.336	7.370	7.336	7.355	751215	5521486.50
2024/10/28	7.337	7.450	7.337	7.448	476961	3530701.50
2024/10/29	7.448	7.508	7.337	7.502	796485	5951376.00
2024/10/30	7.500	7.559	7.470	7.556	477800	3599444.75
2024/10/31	7.500	7.536	7.496	7.503	584229	4382466.00
2024/11/01	7.470	7.529	7.468	7.529	155100	1161732.50
2024/11/04	7.529	7.618	7.491	7.618	325581	2466479.50
2024/11/05	7.618	7.659	7.491	7.610	710300	5408662.00
2024/11/06	7.610	7.655	7.548	7.588	649438	4946363.00
2024/11/07	7.588	7.600	7.550	7.600	482900	3651105.00
2024/11/08	7.560	7.649	7.523	7.631	378700	2889597.75
2024/11/11	7.692	7.692	7.590	7.630	502000	3830565.50
2024/11/12	7.626	7.635	7.570	7.579	836576	6360590.00
2024/11/13	7.539	7.591	7.539	7.555	495000	3744791.25
2024/11/14	7.591	7.600	7.540	7.553	832000	6296828.00
2024/11/15	7.553	7.599	7.553	7.569	933100	7071243.50
2024/11/18	7.591	7.600	7.500	7.500	625200	4738671.50
2024/11/19	7.575	7.575	7.495	7.500	974100	7326065.00
2024/11/20	7.466	7.466	7.373	7.394	693992	5146427.50
2024/11/21	7.467	7.467	7.328	7.346	449500	3319122.00
2024/11/22	7.347	7.388	7.343	7.345	522900	3844096.00
2024/11/25	7.429	7.431	7.320	7.325	125700	925408.63
2024/11/26	7.325	7.398	7.307	7.313	135100	988389.13
2024/11/27	7.273	7.386	7.126	7.309	536900	3916242.50
2024/11/28	7.269	7.326	7.269	7.315	1188700	8682706.00
2024/11/29	7.310	7.323	7.310	7.314	221300	1618871.00
2024/12/02	7.314	7.402	7.276	7.402	350900	2571849.00
2024/12/03	7.366	7.515	7.366	7.479	931938	6911334.50
2024/12/04	7.479	7.479	7.447	7.447	417100	3111142.25
2024/12/05	7.459	7.459	7.415	7.418	513600	3810887.75
2024/12/06	7.436	7.436	7.430	7.432	84400	627351.50
2024/12/09	7.432	7.551	7.432	7.503	769100	5736028.50
2024/12/10	7.503	7.690	7.503	7.642	1360438	10338783.00
2024/12/11	7.642	7.861	7.642	7.833	1092700	8393972.00
2024/12/12	7.833	7.890	7.705	7.845	1189638	9329587.00
2024/12/13	7.845	7.854	7.812	7.853	927100	7263898.50
2024/12/16	7.844	8.115	7.813	8.115	535315	4295216.50
2024/12/17	8.075	8.885	8.075	8.282	727400	6007119.50
2024/12/18	8.282	8.412	8.272	8.340	1139800	9494331.00
2024/12/19	8.380	8.399	8.262	8.282	1576638	13112705.00
2024/12/20	8.242	8.490	7.888	8.250	1172500	9682361.00
2024/12/23	8.210	8.973	8.210	8.235	624400	5169979.00
2024/12/24	8.260	8.269	8.120	8.230	2537300	20722266.00
2024/12/25	8.190	8.200	8.070	8.178	1410627	11433918.00
2024/12/26	8.138	8.211	8.136	8.181	423400	3454799.50
2024/12/27	8.415	8.460	8.179	8.400	823310	6822294.00
2024/12/30	8.888	8.888	8.369	8.504	466700	3966000.00
2024/12/31	8.480	8.480	8.393	8.400	1909100	16090029.00
2025/01/02	8.400	8.625	8.360	8.603	858377	7288375.50
2025/01/03	8.618	8.854	8.618	8.839	883300	7803416.50
2025/01/06	8.839	9.699	8.839	8.998	902400	8237187.00
2025/01/07	8.994	9.002	8.731	8.861	1286138	11521280.00
2025/01/08	8.821	9.152	8.740	9.071	1541700	13935151.00
2025/01/09	9.320	9.320	8.990	9.019	481800	4384325.00
2025/01/10	9.100	9.100	8.930	8.980	1500900	13450918.00
2025/01/13	8.961	8.963	8.860	8.870	680000	6049872.50
2025/01/14	8.830	8.885	8.830	8.876	876873	7772767.00
2025/01/15	8.836	9.006	8.836	8.968	546500	4896365.50
2025/01/16	8.928	9.003	8.928	9.002	872344	7840288.50
2025/01/17	9.001	9.016	9.000	9.001	838300	7549519.00
2025/01/20	9.003	9.004	8.991	8.999	556700	5010353.00
2025/01/21	8.998	9.142	8.998	9.120	965976	8777371.00
2025/01/22	9.390	9.399	9.082	9.390	862648	7952030.00
2025/01/23	9.380	9.443	9.350	9.400	1571200	14775907.00
2025/01/24	9.368	9.435	9.340	9.409	1910500	17891182.00
2025/01/27	9.408	9.429	9.370	9.424	527600	4967553.50
2025/02/05	9.400	9.471	9.400	9.410	990300	9326737.00
2025/02/06	9.410	9.565	9.400	9.540	678000	6410674.00
2025/02/07	9.500	9.500	9.413	9.470	668000	6317792.00
2025/02/10	9.470	9.750	9.470	9.510	564000	5356540.00
2025/02/11	9.500	9.605	9.330	9.448	632800	5995747.00
2025/02/12	9.425	9.437	9.300	9.370	1140900	10702712.00
2025/02/13	9.370	9.370	9.260	9.290	1645000	15304357.00
2025/02/14	9.250	9.325	9.200	9.320	630100	5838055.00
2025/02/17	9.320	9.410	9.280	9.371	1076100	10090863.00
2025/02/18	9.465	9.465	9.331	9.345	1345200	12624360.00
2025/02/19	9.305	9.390	9.302	9.345	782792	7321367.50
2025/02/20	9.349	9.349	9.251	9.290	688100	6399250.50
2025/02/21	9.383	9.437	9.280	9.303	882800	8218490.50
2025/02/24	9.310	9.395	9.271	9.280	564900	5254367.50
2025/02/25	9.324	9.324	9.209	9.241	869800	8056479.00
2025/02/26	9.248	9.401	9.248	9.297	2078015	19447178.00
2025/02/27	9.301	9.334	9.301	9.320	1956168	18247618.00
2025/02/28	9.300	9.309	9.249	9.252	1760900	16335587.00
2025/03/03	9.252	9.252	9.163	9.163	733200	6738588.50
2025/03/04	9.165	9.220	9.165	9.174	832300	7657504.00
2025/03/05	9.173	9.174	9.068	9.080	1011900	9218654.00
2025/03/06	9.080	9.080	8.915	8.915	1563765	14004054.00
2025/03/07	8.910	8.913	8.778	8.872	1600596	14128149.00
2025/03/10	8.866	8.890	8.776	8.876	945492	8368492.50
2025/03/11	8.876	8.899	8.820	8.899	1032007	9149732.00
2025/03/12	8.899	9.018	8.861	8.972	3192410	28577100.00
2025/03/13	8.979	8.979	8.882	8.885	2461253	21902952.00
2025/03/14	8.860	8.973	8.770	8.917	7695677	68194520.00
2025/03/17	8.917	9.003	8.877	8.952	3357038	30064320.00
2025/03/18	8.979	8.979	8.913	8.960	6627000	59322132.00
2025/03/19	8.990	8.990	8.838	8.910	5715900	51017472.00
2025/03/20	8.910	8.955	8.828	8.880	7005900	62126692.00
2025/03/21	8.879	8.914	8.845	8.873	3273900	29072294.00
2025/03/24	8.873	8.880	8.838	8.870	2941000	26042700.00
2025/03/25	8.871	9.047	8.871	9.000	6038053	54336524.00
2025/03/26	8.999	9.015	8.965	9.015	6018300	54082952.00
2025/03/27	9.000	9.142	8.990	9.125	863783	7848563.50
2025/03/28	9.128	9.160	9.111	9.124	4239600	38751496.00
2025/03/31	9.124	9.182	9.102	9.120	1104100	10075719.00
2025/04/01	9.124	9.124	9.028	9.120	614655	5575437.50
2025/04/02	9.080	9.174	9.053	9.170	1033400	9453051.00
2025/04/03	9.170	9.254	9.170	9.245	5250800	48508624.00
2025/04/07	9.247	9.327	9.176	9.231	2128438	19629356.00
2025/04/08	9.231	9.281	9.193	9.231	1793900	16541146.00
2025/04/09	9.231	9.232	9.150	9.164	675400	6199198.00
2025/04/10	9.137	9.230	9.060	9.130	1463100	13354277.00
2025/04/11	9.129	9.175	9.102	9.159	764665	6995026.00
2025/04/14	9.160	9.207	9.110	9.200	871300	7992047.00
2025/04/15	9.200	9.272	9.162	9.272	1812900	16720283.00
2025/04/16	9.236	9.296	9.218	9.254	6041800	56031012.00
2025/04/17	9.232	9.288	9.232	9.277	5052000	46874988.00
2025/04/18	9.314	9.314	9.243	9.250	1302700	12075785.00
2025/04/21	9.250	9.250	9.139	9.206	573200	5272514.00
2025/04/22	9.228	9.228	9.172	9.184	3103100	28538412.00
2025/04/23	9.199	9.199	9.145	9.147	1209200	11071972.00
2025/04/24	9.147	9.147	9.123	9.129	1224100	11175811.00
2025/04/25	9.129	9.215	9.115	9.202	1196800	10926329.00
2025/04/28	9.211	9.245	9.187	9.241	1456924	13405097.00
2025/04/29	9.298	9.310	9.202	9.310	1379000	12772286.00
2025/04/30	9.337	9.450	9.300	9.450	1063349	9958686.00
2025/05/06	9.450	9.468	9.358	9.467	1199300	11261249.00
2025/05/07	9.467	9.470	9.427	9.440	656200	6197627.50
2025/05/08	9.441	9.476	9.358	9.451	264838	2492605.00
2025/05/09	9.451	9.470	9.413	9.463	437400	4136042.50
2025/05/12	9.463	9.620	9.458	9.620	1181700	11201006.00
2025/05/13	9.623	9.815	9.535	9.600	1221487	11799567.00
2025/05/14	9.629	9.824	9.629	9.700	1644543	16016434.00
2025/05/15	9.707	9.790	9.610	9.740	995500	9613440.00
2025/05/16	9.740	9.770	9.702	9.739	843600	8214352.50
2025/05/19	9.739	9.740	9.690	9.740	1348700	13110869.00
2025/05/20	9.739	9.810	9.739	9.805	2219000	21696844.00
2025/05/21	9.820	9.881	9.820	9.866	2012400	19833648.00
2025/05/22	9.868	9.890	9.865	9.880	2246073	22184454.00
2025/05/23	9.880	9.880	9.786	9.810	2270500	22268482.00
2025/05/26	9.791	9.791	9.682	9.714	1869300	18150676.00
2025/05/27	9.724	9.724	9.680	9.700	1246900	12094183.00
2025/05/28	9.700	9.700	9.604	9.665	1193677	11497730.00
2025/05/29	9.667	9.667	9.586	9.626	1500000	14426906.00
2025/05/30	9.626	9.644	9.610	9.638	2276000	21899196.00
2025/06/03	9.634	9.736	9.633	9.732	1554600	15034976.00
2025/06/04	9.732	9.769	9.717	9.744	956700	9311794.00
2025/06/05	9.780	9.840	9.740	9.840	1700615	16591593.00
2025/06/06	9.843	9.870	9.796	9.870	917700	9024696.00
2025/06/09	9.877	9.913	9.853	9.913	1105044	10913681.00
2025/06/10	9.913	9.960	9.880	9.913	1190400	11792660.00
2025/06/11	9.953	9.968	9.884	9.905	1007300	9972419.00
2025/06/12	9.907	9.907	9.841	9.860	1372500	13533230.00
2025/06/13	9.854	9.860	9.830	9.846	830400	8177329.50
2025/06/16	9.885	9.885	9.835	9.848	1480100	14571329.00
2025/06/17	9.880	9.880	9.846	9.880	1922200	18951258.00
2025/06/18	9.915	9.936	9.881	9.910	1127800	11166331.00
2025/06/19	9.912	9.944	9.911	9.940	2179500	21619810.00
2025/06/20	9.940	10.000	9.920	9.973	1270100	12635086.00
2025/06/23	9.973	10.159	9.970	10.125	2422800	24372952.00
2025/06/24	10.130	10.160	9.971	10.103	2281600	23011258.00
2025/06/25	10.105	10.122	10.000	10.020	2544938	25563120.00
2025/06/26	10.020	10.060	9.996	10.006	2500500	25029596.00
2025/06/27	10.046	10.126	9.989	10.037	1962400	19647998.00
2025/06/30	10.037	10.045	9.990	9.990	1901800	19026806.00
2025/07/01	9.990	10.030	9.970	9.996	1415800	14138245.00
2025/07/02	10.036	10.100	9.995	10.060	4319000	43341760.00
2025/07/03	10.070	10.082	10.030	10.055	1901500	19104928.00
2025/07/04	10.057	10.120	9.984	10.054	2219300	22215632.00
2025/07/07	10.150	10.150	10.000	10.080	540900	5435150.00
2025/07/08	10.099	10.099	9.977	10.040	1909600	19101128.00
2025/07/09	10.241	10.250	10.000	10.080	4429400	44768892.00
2025/07/10	10.081	10.110	10.002	10.060	3349000	33664380.00
2025/07/11	10.060	10.084	10.000	10.084	1890600	18968338.00
2025/07/14	10.044	10.100	10.024	10.090	2090500	21037824.00
2025/07/15	10.090	10.119	10.050	10.110	1397800	14118252.00
2025/07/16	10.070	10.130	10.070	10.130	1310900	13259054.00
2025/07/17	10.130	10.131	10.075	10.120	2860500	28858246.00
2025/07/18	10.121	10.124	10.085	10.120	1760200	17777382.00
2025/07/21	10.072	10.119	10.072	10.112	949700	9596697.00
2025/07/22	10.116	10.116	10.028	10.028	1312800	13223254.00
2025/07/23	10.002	10.050	9.780	10.048	3497600	34550152.00
2025/07/24	10.040	10.044	9.902	10.038	1737800	17368972.00
2025/07/25	10.035	10.044	9.931	10.022	2699100	26983338.00
2025/07/28	10.021	10.138	9.996	10.130	2576000	25832774.00
2025/07/29	10.130	10.140	10.060	10.129	1145100	11587264.00
2025/07/30	10.128	10.268	10.093	10.268	2000000	20324060.00
2025/07/31	10.268	11.170	10.260	10.899	2055800	21511226.00
2025/08/01	10.722	10.834	10.359	10.600	3094200	32400524.00
2025/08/04	10.559	10.597	10.474	10.512	1401000	14788980.00
2025/08/05	10.536	10.553	10.361	10.500	2382600	24833236.00
2025/08/06	10.482	10.482	10.419	10.449	1556700	16251266.00
2025/08/07	10.446	10.446	10.365	10.408	876100	9114246.00
2025/08/08	10.408	10.408	10.375	10.401	972500	10101900.00
2025/08/11	10.401	10.474	10.370	10.474	1582600	16515148.00
2025/08/12	10.473	10.474	10.400	10.470	694100	7241018.00
2025/08/13	10.482	10.539	10.481	10.491	713100	7484482.00
2025/08/14	10.490	10.575	10.452	10.510	1300200	13632994.00
2025/08/15	10.510	10.551	10.420	10.465	615400	6433563.00
2025/08/18	10.457	10.457	10.114	10.197	1410500	14392885.00
2025/08/19	10.197	10.198	10.000	10.060	3213600	32328542.00
2025/08/20	10.060	10.090	10.000	10.015	3000449	30174164.00
2025/08/21	9.975	10.095	9.975	10.084	1811800	18276730.00
2025/08/22	10.145	10.145	10.084	10.100	1811377	18314256.00
2025/08/25	10.099	10.220	10.020	10.190	2115300	21548056.00
2025/08/26	10.251	10.265	10.189	10.250	3065100	31375874.00
2025/08/27	10.277	10.312	10.243	10.283	1797700	18487472.00
2025/08/28	10.438	10.438	10.283	10.348	1024500	10589643.00
2025/08/29	10.347	10.370	10.286	10.299	986100	10162154.00
2025/09/01	10.268	10.300	10.237	10.300	1856200	19108712.00
2025/09/02	10.300	10.400	10.250	10.321	2677200	27606756.00
2025/09/03	10.320	10.400	10.280	10.341	1753300	18090484.00
2025/09/04	10.341	10.476	10.312	10.389	1788400	18562416.00
2025/09/05	10.389	10.451	10.327	10.410	1160100	12025607.00
2025/09/08	10.370	10.410	10.370	10.399	898100	9334625.00
2025/09/09	10.399	10.479	10.276	10.479	1706500	17697280.00
2025/09/10	10.479	10.479	10.300	10.380	5151616	53508644.00
2025/09/11	10.379	10.380	10.300	10.343	3359300	34668384.00
2025/09/12	10.300	10.356	10.300	10.344	1515000	15620825.00
2025/09/15	10.350	10.380	10.311	10.342	1569600	16242372.00
2025/09/16	10.341	10.343	10.303	10.343	576900	5951873.00
2025/09/17	10.304	10.353	10.304	10.347	684200	7061353.00
2025/09/18	10.347	10.397	10.308	10.397	1162000	12004486.00
2025/09/19	10.397	10.399	10.313	10.375	681100	7050054.00
2025/09/22	10.369	10.369	10.261	10.300	1664500	17153992.00
2025/09/23	10.260	10.339	10.253	10.281	1262300	12959554.00
2025/09/24	10.320	10.320	10.251	10.284	759200	7795466.00
2025/09/25	10.284	10.298	10.230	10.249	1487200	15245770.00
2025/09/26	10.251	10.267	10.200	10.203	1061500	10864504.00
2025/09/29	10.203	10.290	10.163	10.290	2142038	21869334.00
2025/09/30	10.289	10.300	10.200	10.300	671538	6887710.50
2025/10/09	10.314	10.314	10.208	10.235	277200	2837503.50
2025/10/10	10.202	10.233	10.155	10.158	463400	4716741.50
2025/10/13	10.162	10.200	10.053	10.100	1125800	11392971.00
2025/10/14	10.100	10.120	10.057	10.064	738000	7440363.50
2025/10/15	10.064	10.099	10.005	10.049	1319000	13247755.00
2025/10/16	10.049	10.073	9.995	10.048	1633300	16356187.00
2025/10/17	10.048	10.048	9.960	9.986	2546900	25458824.00
2025/10/20	9.987	10.045	9.821	9.869	1979200	19545488.00
2025/10/21	9.869	9.896	9.700	9.720	3181086	30984360.00
2025/10/22	9.720	9.847	9.713	9.749	1527900	14881861.00
2025/10/23	9.770	9.824	9.710	9.805	3016800	29520212.00
2025/10/24	9.805	9.949	9.804	9.897	3269700	32325692.00
2025/10/27	9.897	9.945	9.836	9.869	1925600	19023814.00
2025/10/28	9.889	10.070	9.885	10.050	4682800	46905120.00
2025/10/29	10.089	10.240	10.084	10.235	1528400	15505230.00
2025/10/30	10.235	10.250	10.196	10.235	1033300	10572642.00
2025/10/31	10.235	10.276	10.006	10.120	2201000	22187884.00
2025/11/03	10.120	10.150	10.029	10.149	1063600	10730484.00
2025/11/04	10.149	10.175	10.032	10.117	1075400	10857937.00
2025/11/05	10.117	10.180	10.077	10.175	903438	9155565.00
2025/11/06	10.198	10.198	10.108	10.155	1164500	11810673.00
2025/11/07	10.188	10.250	10.116	10.220	678462	6905912.50
2025/11/10	10.221	10.275	10.215	10.253	678200	6952967.00
2025/11/11	10.263	10.294	10.222	10.228	1605100	16455610.00
2025/11/12	10.273	10.273	10.163	10.200	789300	8048057.50
2025/11/13	10.199	10.220	10.122	10.213	1833900	18660600.00
2025/11/14	10.230	10.235	10.121	10.230	1676300	17068378.00
2025/11/17	10.230	10.230	10.170	10.220	750900	7656242.50
2025/11/18	10.270	10.270	10.162	10.180	1210900	12322056.00
2025/11/19	10.108	10.150	10.008	10.150	1403500	14092454.00
2025/11/20	10.146	10.149	10.019	10.122	1347600	13563477.00
2025/11/21	10.118	10.119	10.028	10.098	1408500	14160324.00
2025/11/24	10.059	10.091	10.030	10.068	1179400	11854979.00
2025/11/25	10.099	10.145	10.008	10.145	943600	9525399.00
2025/11/26	10.139	10.143	10.070	10.092	2239700	22646946.00
2025/11/27	10.053	10.090	10.032	10.039	1471500	14788549.00
2025/11/28	10.087	10.087	9.955	10.000	7915300	79074248.00
2025/12/01	10.000	10.000	9.880	9.943	2121600	21100220.00
2025/12/02	9.998	9.998	9.903	9.936	1065700	10578765.00
2025/12/03	9.936	9.981	9.900	9.936	2533100	25162244.00
2025/12/04	9.990	9.990	9.848	9.930	1874300	18560800.00
2025/12/05	9.930	9.940	9.901	9.930	1710500	16955908.00
2025/12/08	9.987	9.987	9.880	9.890	1864300	18445882.00
2025/12/09	9.860	9.889	9.850	9.870	2966600	29252622.00
2025/12/10	9.871	9.906	9.800	9.852	2672400	26285170.00
2025/12/11	9.852	9.852	9.762	9.802	2318200	22741146.00
2025/12/12	9.802	9.847	9.762	9.821	2720800	26681606.00
2025/12/15	9.821	9.830	9.602	9.740	1888100	18415160.00
2025/12/16	9.730	9.770	9.650	9.740	1330720	12902389.00
2025/12/17	9.808	9.808	9.732	9.740	2045000	19975598.00
2025/12/18	9.785	9.785	9.608	9.720	1034700	10057003.00
2025/12/19	9.700	9.719	9.302	9.655	3931900	37715796.00
2025/12/22	9.600	9.629	9.558	9.594	1645700	15807326.00
2025/12/23	9.593	9.617	9.502	9.600	2533900	24279660.00
2025/12/24	9.620	9.780	9.565	9.750	8327500	80635144.00
2025/12/25	9.750	9.855	9.730	9.812	5103200	49973832.00
2025/12/26	9.812	9.900	9.780	9.818	2477100	24266934.00
2025/12/29	9.818	9.818	9.700	9.814	2152900	21000298.00
2025/12/30	9.774	9.889	9.717	9.825	1490900	14586100.00
2025/12/31	9.812	9.847	9.785	9.820	1251600	12284682.00
2026/01/05	9.824	9.920	9.824	9.920	1278406	12642993.00
2026/01/06	9.925	9.944	9.910	9.935	4462700	44297688.00
2026/01/07	9.935	10.032	9.910	9.990	4560000	45561588.00
2026/01/08	9.985	10.040	9.985	10.000	5894933	59050408.00
2026/01/09	10.000	10.032	9.978	10.009	7200438	72090312.00
2026/01/12	10.000	10.028	9.996	10.022	2129500	21301856.00
2026/01/13	10.022	10.040	9.982	10.022	2334100	23363360.00
2026/01/14	9.982	10.075	9.854	10.008	4917000	49093584.00
2026/01/15	10.008	10.008	9.872	9.919	3835600	37969532.00
2026/01/16	9.918	9.930	9.820	9.926	2891400	28565456.00
2026/01/19	9.886	9.960	9.857	9.939	1830200	18180742.00
2026/01/20	9.900	10.020	9.900	10.000	3215685	32104400.00
2026/01/21	10.026	10.026	9.955	9.997	6725000	67226384.00
2026/01/22	10.018	10.217	9.980	10.216	13984600	141713856.00
2026/01/23	10.216	10.350	10.193	10.350	3632738	37431676.00
2026/01/26	10.357	10.357	10.181	10.350	2033400	20844380.00
2026/01/27	10.348	10.350	10.226	10.333	2297640	23642778.00
2026/01/28	10.332	10.332	10.244	10.286	1619000	16649340.00
2026/01/29	10.286	10.367	10.275	10.310	5202144	53600152.00
2026/01/30	10.309	10.330	10.223	10.280	1320964	13584635.00
2026/02/02	10.240	10.240	10.053	10.197	2208000	22283732.00
2026/02/03	10.157	10.286	10.157	10.215	1888538	19289360.00
2026/02/04	10.215	10.215	10.108	10.147	3109600	31492830.00
2026/02/05	10.146	10.275	10.099	10.152	2061200	20898820.00
2026/02/06	10.130	10.300	10.130	10.300	1323000	13460006.00
2026/02/09	10.300	10.310	10.163	10.308	2052100	20952048.00
2026/02/10	10.294	10.310	10.190	10.310	2901000	29655824.00
2026/02/11	10.196	10.207	10.130	10.170	2241600	22792858.00
2026/02/12	10.170	10.298	10.131	10.298	2058200	20979360.00
2026/02/13	10.298	10.350	10.205	10.350	860500	8862172.00
2026/02/24	10.348	10.348	10.224	10.280	1641300	16812594.00
2026/02/25	10.270	10.299	10.235	10.250	928600	9518206.00
2026/02/26	10.249	10.249	10.124	10.149	1233010	12519214.00
2026/02/27	10.148	10.158	10.115	10.126	1417400	14359219.00
2026/03/02	10.102	10.102	10.013	10.085	2094100	21017802.00
2026/03/03	10.083	10.098	10.001	10.080	1952000	19655164.00
2026/03/04	10.040	10.125	9.998	10.060	1289200	12920433.00
2026/03/05	10.082	10.082	9.975	9.997	1623700	16226044.00
2026/03/06	10.000	10.009	9.899	9.954	1099300	10920224.00
2026/03/09	9.954	9.986	9.900	9.974	935200	9294060.00
2026/03/10	9.980	10.050	9.979	10.026	1712700	17165666.00
2026/03/11	10.093	10.094	9.969	10.023	918600	9178846.00
2026/03/12	10.085	10.088	9.951	10.015	842400	8417607.00
2026/03/13	9.980	10.063	9.980	9.985	1319000	13205309.00
2026/03/16	10.019	10.019	9.873	9.976	1216100	12060218.00
2026/03/17	9.998	10.000	9.887	9.970	1293900	12867566.00
2026/03/18	9.966	10.075	9.930	10.060	1085200	10870493.00
2026/03/19	10.061	10.093	10.049	10.070	1377600	13889838.00
2026/03/20	10.098	10.101	10.000	10.030	1111400	11172183.00
2026/03/23	10.028	10.028	9.942	9.948	2045400	20352370.00
2026/03/24	9.996	10.099	9.941	9.999	1365700	13615943.00
2026/04/03	9.970	10.056	9.970	10.008	1230562	12309129.00
#Ъ§ОнРДдД:ЭЈДяаХ
