180101 ВЉЪБЩпПкВњдАREIT ШеЯп ВЛИДШЈ
      ШеЦк	    ПЊХЬ	    зюИп	    зюЕЭ	    ЪеХЬ	    ГЩНЛСП	    ГЩНЛЖю
2021/06/21	2.541	2.771	2.500	2.650	103900628	275910240.00
2021/06/22	2.650	2.650	2.385	2.464	38270728	94072624.00
2021/06/23	2.460	2.460	2.356	2.393	23856033	57129352.00
2021/06/24	2.393	2.412	2.393	2.400	16630074	39906524.00
2021/06/25	2.401	2.407	2.396	2.407	8095253	19417728.00
2021/06/28	2.407	2.407	2.395	2.398	6892330	16522414.00
2021/06/29	2.397	2.397	2.356	2.373	11198426	26566976.00
2021/06/30	2.373	2.374	2.358	2.374	6012969	14205479.00
2021/07/01	2.374	2.448	2.374	2.443	8408823	20368164.00
2021/07/02	2.440	2.440	2.376	2.395	9720981	23267530.00
2021/07/05	2.394	2.394	2.386	2.387	3568118	8519052.00
2021/07/06	2.387	2.387	2.379	2.381	4886458	11639656.00
2021/07/07	2.381	2.382	2.372	2.374	5764587	13698620.00
2021/07/08	2.373	2.373	2.362	2.364	4931346	11659134.00
2021/07/09	2.363	2.363	2.357	2.359	4355162	10271856.00
2021/07/12	2.358	2.363	2.351	2.351	8025130	18898160.00
2021/07/13	2.351	2.351	2.336	2.338	5455057	12754672.00
2021/07/14	2.338	2.338	2.331	2.332	4189240	9773245.00
2021/07/15	2.332	2.332	2.328	2.332	4433655	10330176.00
2021/07/16	2.332	2.364	2.331	2.363	4991203	11725049.00
2021/07/19	2.363	2.382	2.362	2.375	7293422	17317512.00
2021/07/20	2.376	2.376	2.353	2.367	3785559	8954617.00
2021/07/21	2.367	2.367	2.352	2.361	2964994	6996349.50
2021/07/22	2.361	2.363	2.350	2.361	4163176	9815320.00
2021/07/23	2.361	2.379	2.351	2.373	4715131	11158355.00
2021/07/26	2.373	2.374	2.357	2.358	4457324	10526159.00
2021/07/27	2.358	2.358	2.340	2.341	2943931	6915308.00
2021/07/28	2.341	2.341	2.326	2.335	3498326	8151651.00
2021/07/29	2.335	2.349	2.330	2.346	2756444	6466300.50
2021/07/30	2.345	2.345	2.333	2.341	2928438	6845591.50
2021/08/02	2.340	2.342	2.331	2.340	2759474	6450344.50
2021/08/03	2.340	2.347	2.335	2.345	3607640	8449714.00
2021/08/04	2.345	2.348	2.345	2.345	1928563	4525011.00
2021/08/05	2.345	2.345	2.344	2.344	1422357	3334388.25
2021/08/06	2.342	2.348	2.341	2.347	4363544	10227807.00
2021/08/09	2.347	2.358	2.347	2.352	3541303	8336838.50
2021/08/10	2.352	2.352	2.348	2.349	2326367	5465494.50
2021/08/11	2.349	2.349	2.347	2.348	2386148	5602021.50
2021/08/12	2.347	2.348	2.346	2.347	1861440	4368978.50
2021/08/13	2.350	2.350	2.346	2.346	1559307	3660216.75
2021/08/16	2.346	2.346	2.342	2.344	3029881	7102279.00
2021/08/17	2.343	2.344	2.340	2.341	2528254	5920688.00
2021/08/18	2.341	2.343	2.341	2.343	3475419	8140094.00
2021/08/19	2.343	2.347	2.342	2.345	5561442	13034022.00
2021/08/20	2.345	2.349	2.344	2.349	5189904	12175599.00
2021/08/23	2.348	2.354	2.348	2.353	5821657	13684180.00
2021/08/24	2.354	2.363	2.353	2.361	4959060	11693544.00
2021/08/25	2.361	2.379	2.359	2.379	7106368	16838534.00
2021/08/26	2.380	2.413	2.380	2.410	8828940	21156690.00
2021/08/27	2.410	2.431	2.403	2.430	6283518	15167262.00
2021/08/30	2.430	2.539	2.430	2.492	9050929	22527440.00
2021/08/31	2.493	2.526	2.463	2.481	5787512	14427828.00
2021/09/01	2.480	2.480	2.454	2.455	4452615	10955717.00
2021/09/02	2.455	2.469	2.450	2.465	3646167	8970059.00
2021/09/03	2.465	2.476	2.465	2.472	2785971	6879617.00
2021/09/06	2.473	2.489	2.470	2.489	3049081	7568392.50
2021/09/07	2.490	2.516	2.489	2.513	3888982	9757325.00
2021/09/08	2.513	2.561	2.513	2.561	4325321	11039655.00
2021/09/09	2.561	2.600	2.538	2.539	8287372	21424504.00
2021/09/10	2.539	2.543	2.517	2.535	4431640	11210060.00
2021/09/13	2.535	2.572	2.535	2.564	3565941	9141250.00
2021/09/14	2.565	2.597	2.565	2.591	4717226	12215377.00
2021/09/15	2.592	2.671	2.592	2.671	5777665	15168803.00
2021/09/16	2.670	2.779	2.624	2.628	14489135	38907848.00
2021/09/17	2.628	2.641	2.608	2.626	6299269	16522349.00
2021/09/22	2.627	2.627	2.605	2.611	5242503	13713087.00
2021/09/23	2.611	2.671	2.597	2.627	6739786	17793980.00
2021/09/24	2.627	2.630	2.600	2.600	7990067	20841528.00
2021/09/27	2.600	2.623	2.577	2.605	4433757	11545694.00
2021/09/28	2.606	2.611	2.530	2.568	6134309	15658997.00
2021/09/29	2.557	2.567	2.548	2.550	3323263	8481039.00
2021/09/30	2.550	2.558	2.536	2.558	3344662	8522263.00
2021/10/08	2.559	2.596	2.559	2.595	3451113	8907718.00
2021/10/11	2.595	2.621	2.571	2.591	4111397	10664988.00
2021/10/12	2.592	2.595	2.567	2.573	2908280	7486778.00
2021/10/13	2.572	2.584	2.562	2.570	3721139	9567673.00
2021/10/14	2.571	2.579	2.566	2.568	2039937	5240162.00
2021/10/15	2.568	2.582	2.564	2.581	2502857	6437776.50
2021/10/18	2.581	2.581	2.577	2.580	1756618	4532436.50
2021/10/19	2.580	2.594	2.578	2.592	1937291	5006809.50
2021/10/20	2.592	2.615	2.592	2.614	2034492	5298756.50
2021/10/21	2.614	2.646	2.614	2.641	3402790	8979827.00
2021/10/22	2.641	2.676	2.637	2.642	6839253	18158906.00
2021/10/25	2.642	2.661	2.624	2.651	4396244	11630291.00
2021/10/26	2.652	2.674	2.617	2.629	6371232	16904920.00
2021/10/27	2.629	2.646	2.603	2.637	3027880	7961698.50
2021/10/28	2.637	2.669	2.637	2.655	3842814	10190690.00
2021/10/29	2.656	2.706	2.656	2.692	8067621	21693976.00
2021/11/01	2.693	2.718	2.657	2.660	8509315	22881026.00
2021/11/02	2.660	2.660	2.610	2.631	5395316	14180069.00
2021/11/03	2.630	2.635	2.610	2.613	4392357	11498846.00
2021/11/04	2.612	2.612	2.573	2.575	5943932	15345142.00
2021/11/05	2.576	2.606	2.576	2.606	3015798	7820025.50
2021/11/08	2.606	2.609	2.580	2.592	2591185	6721603.00
2021/11/09	2.590	2.592	2.574	2.584	2601618	6720514.50
2021/11/10	2.584	2.600	2.572	2.578	3669933	9471997.00
2021/11/11	2.573	2.598	2.566	2.597	3406973	8808355.00
2021/11/12	2.597	2.617	2.582	2.597	5037690	13110334.00
2021/11/15	2.596	2.616	2.581	2.597	3033083	7879867.00
2021/11/16	2.597	2.597	2.591	2.594	2343789	6079164.50
2021/11/17	2.594	2.608	2.585	2.589	4167884	10797447.00
2021/11/18	2.590	2.615	2.585	2.608	5802714	15089222.00
2021/11/19	2.608	2.616	2.591	2.602	4468594	11619640.00
2021/11/22	2.602	2.604	2.589	2.593	3790349	9834271.00
2021/11/23	2.590	2.593	2.587	2.589	5809535	15043835.00
2021/11/24	2.589	2.589	2.584	2.588	4091888	10588493.00
2021/11/25	2.588	2.592	2.581	2.591	4677326	12106726.00
2021/11/26	2.591	2.622	2.591	2.617	5946358	15528320.00
2021/11/29	2.622	2.639	2.622	2.636	7790085	20484244.00
2021/11/30	2.636	2.651	2.626	2.645	11219269	29624324.00
2021/12/01	2.635	2.635	2.590	2.611	5266236	13733872.00
2021/12/02	2.611	2.626	2.607	2.610	11040400	28902850.00
2021/12/03	2.611	2.620	2.602	2.617	10309449	26910462.00
2021/12/06	2.617	2.632	2.610	2.620	10268702	26873542.00
2021/12/07	2.621	2.638	2.620	2.635	13075885	34360012.00
2021/12/08	2.636	2.660	2.636	2.660	8678640	23036722.00
2021/12/09	2.660	2.696	2.660	2.690	5994288	16082024.00
2021/12/10	2.690	2.695	2.669	2.691	8514980	22787328.00
2021/12/13	2.692	2.717	2.692	2.709	5847421	15832031.00
2021/12/14	2.709	2.768	2.698	2.737	8435910	23033736.00
2021/12/15	2.738	2.849	2.738	2.832	11183971	31370964.00
2021/12/16	2.834	2.886	2.731	2.777	13910579	38847436.00
2021/12/17	2.777	2.800	2.777	2.792	7426771	20710804.00
2021/12/20	2.793	2.830	2.731	2.753	5036553	13950380.00
2021/12/21	2.754	2.757	2.705	2.721	3770714	10267006.00
2021/12/22	2.720	2.738	2.698	2.738	4532861	12278234.00
2021/12/23	2.739	2.783	2.739	2.757	5739597	15892743.00
2021/12/24	2.758	2.778	2.755	2.765	4016901	11105867.00
2021/12/27	2.765	2.788	2.746	2.786	3691767	10232744.00
2021/12/28	2.800	2.800	2.780	2.791	3284579	9161606.00
2021/12/29	2.791	2.791	2.763	2.770	3359145	9317523.00
2021/12/30	2.760	2.769	2.744	2.752	1724309	4744494.00
2021/12/31	2.752	2.773	2.742	2.771	2189901	6060312.00
2022/01/04	2.772	2.800	2.772	2.800	5582874	15576244.00
2022/01/05	2.800	2.808	2.793	2.800	3219984	9024688.00
2022/01/06	2.800	2.800	2.791	2.796	2562288	7165307.00
2022/01/07	2.796	2.803	2.787	2.790	5150426	14391447.00
2022/01/10	2.790	2.800	2.790	2.798	2651072	7413642.00
2022/01/11	2.798	2.825	2.795	2.825	3557235	9977966.00
2022/01/12	2.826	2.866	2.826	2.864	5408040	15406102.00
2022/01/13	2.864	2.874	2.857	2.859	5900023	16906418.00
2022/01/14	2.856	2.856	2.826	2.831	7494534	21257484.00
2022/01/17	2.831	2.858	2.822	2.854	8180889	23230882.00
2022/01/18	2.854	2.880	2.846	2.850	7886033	22574352.00
2022/01/19	2.839	2.856	2.826	2.851	8632707	24494710.00
2022/01/20	2.851	2.874	2.851	2.874	5489044	15708650.00
2022/01/21	2.875	2.984	2.875	2.956	11357691	33277792.00
2022/01/24	2.960	3.089	2.899	3.058	14063522	42431124.00
2022/01/25	3.058	3.058	2.986	2.986	7827850	23565978.00
2022/01/26	2.985	3.049	2.921	2.999	9283686	27769456.00
2022/01/27	3.005	3.021	2.986	2.990	6052265	18136402.00
2022/01/28	2.991	3.091	2.985	3.089	9237507	27888086.00
2022/02/07	3.090	3.165	3.089	3.136	11151396	34973064.00
2022/02/08	3.136	3.301	3.136	3.301	15077846	49158416.00
2022/02/09	3.304	3.404	3.202	3.290	12623874	41228892.00
2022/02/10	3.279	3.369	3.205	3.369	12401506	41109628.00
2022/02/11	3.359	3.515	3.330	3.510	13905509	48289324.00
2022/02/14	3.510	3.720	3.390	3.646	18978569	68949424.00
2022/02/15	3.646	3.749	3.545	3.670	18609571	68337512.00
2022/02/16	3.670	3.670	3.535	3.582	13101586	47064880.00
2022/02/17	3.578	3.579	3.320	3.416	26011380	89121448.00
2022/02/18	3.370	3.520	3.250	3.493	24235716	80975288.00
2022/02/21	3.493	3.550	3.426	3.490	11728702	40984324.00
2022/02/22	3.474	3.474	3.329	3.330	12259442	41383476.00
2022/02/23	3.310	3.313	3.180	3.262	15668465	50758228.00
2022/02/24	3.200	3.200	3.030	3.126	14965437	47182728.00
2022/02/25	3.126	3.220	3.125	3.192	11462000	36576084.00
2022/02/28	3.193	3.227	3.150	3.168	7303092	23159592.00
2022/03/01	3.168	3.168	3.070	3.123	11801356	36537636.00
2022/03/02	3.089	3.244	3.010	3.217	15283417	47851956.00
2022/03/03	3.217	3.285	3.217	3.281	16384004	53288820.00
2022/03/04	3.285	3.320	3.200	3.270	11997983	39181684.00
2022/03/07	3.222	3.238	3.148	3.148	10217812	32590808.00
2022/03/08	3.132	3.132	3.053	3.057	9870857	30337690.00
2022/03/09	3.042	3.136	3.000	3.076	13623323	41878112.00
2022/03/10	3.120	3.172	3.090	3.110	9189824	28560044.00
2022/03/11	3.090	3.105	3.030	3.105	6424566	19793864.00
2022/03/14	3.101	3.101	3.050	3.078	4121877	12679211.00
2022/03/15	3.070	3.070	2.890	2.890	12001522	35918448.00
2022/03/16	2.892	3.000	2.813	3.000	13704467	39623544.00
2022/03/17	3.008	3.107	3.008	3.079	13254228	40664864.00
2022/03/18	3.085	3.117	3.020	3.100	5966551	18449028.00
2022/03/21	3.105	3.182	3.105	3.178	6145192	19439058.00
2022/03/22	3.179	3.288	3.179	3.288	9567886	31048020.00
2022/03/23	3.288	3.364	3.186	3.192	12652931	41374936.00
2022/03/24	3.166	3.266	3.090	3.209	9849701	31339300.00
2022/03/25	3.209	3.230	3.140	3.154	6041454	19275814.00
2022/03/28	3.123	3.123	3.091	3.102	4811212	14958060.00
2022/03/29	3.094	3.153	3.093	3.111	5573300	17403024.00
2022/03/30	3.159	3.159	3.117	3.127	5199485	16272606.00
2022/03/31	3.134	3.150	3.100	3.106	3402465	10573320.00
2022/04/01	3.106	3.250	3.106	3.247	9092017	29018072.00
2022/04/06	3.250	3.299	3.203	3.271	8742416	28401904.00
2022/04/07	3.254	3.254	3.202	3.207	3999528	12883124.00
2022/04/08	3.150	3.285	3.120	3.281	7445005	24134994.00
2022/04/11	3.280	3.280	3.219	3.226	5337024	17245070.00
2022/04/12	3.224	3.260	3.200	3.237	4794617	15529615.00
2022/04/13	3.223	3.251	3.200	3.228	6047873	19497086.00
2022/04/14	3.218	3.249	3.217	3.228	4293386	13870447.00
2022/04/15	3.220	3.228	3.200	3.220	5248693	16873092.00
2022/04/18	3.220	3.225	3.199	3.222	3838623	12341804.00
2022/04/19	3.200	3.224	3.200	3.212	2097577	6737387.00
2022/04/20	3.212	3.226	3.200	3.218	3245192	10438442.00
2022/04/21	3.217	3.217	3.170	3.170	4211086	13435531.00
2022/04/22	3.170	3.170	3.114	3.134	4317928	13524528.00
2022/04/25	3.131	3.131	3.007	3.007	5860970	17839566.00
2022/04/26	3.007	3.068	2.962	3.022	6344575	19165136.00
2022/04/27	3.021	3.062	2.980	3.059	4978997	15075277.00
2022/04/28	3.061	3.068	3.020	3.022	3803289	11578984.00
2022/04/29	3.022	3.037	3.013	3.035	2741195	8291260.50
2022/05/05	3.033	3.033	3.011	3.016	2439725	7374655.50
2022/05/06	3.016	3.088	2.956	3.054	6009489	18086266.00
2022/05/09	3.040	3.040	3.009	3.014	1885732	5696664.50
2022/05/10	3.001	3.023	2.980	3.005	2297583	6907926.00
2022/05/11	3.004	3.035	2.992	3.025	3153056	9527171.00
2022/05/12	3.024	3.045	3.000	3.037	3105530	9397954.00
2022/05/13	3.037	3.043	3.032	3.043	2760377	8393303.00
2022/05/16	3.043	3.067	3.023	3.035	2051919	6252618.50
2022/05/17	3.034	3.040	3.015	3.036	2379919	7203038.50
2022/05/18	3.036	3.050	3.018	3.023	1633646	4941578.50
2022/05/19	3.018	3.018	2.998	3.004	2972491	8933217.00
2022/05/20	3.004	3.018	3.003	3.016	2160813	6510532.00
2022/05/23	3.016	3.016	2.991	3.007	2765292	8296593.50
2022/05/24	3.007	3.008	2.996	3.000	3206637	9626890.00
2022/05/25	3.001	3.015	3.001	3.015	3628460	10907271.00
2022/05/26	3.015	3.027	3.002	3.004	3289552	9911348.00
2022/05/27	3.004	3.010	2.998	3.003	3405573	10223294.00
2022/05/30	3.001	3.002	2.995	2.996	3303825	9902086.00
2022/05/31	2.996	3.000	2.968	2.969	7166527	21330416.00
2022/06/01	2.969	2.970	2.915	2.916	8448044	24738194.00
2022/06/02	2.916	2.934	2.897	2.931	7500894	21799382.00
2022/06/06	2.931	2.998	2.919	2.997	5986360	17703692.00
2022/06/07	2.998	3.080	2.998	3.071	6681711	20514038.00
2022/06/08	3.072	3.098	2.992	3.025	12179171	36779068.00
2022/06/09	3.021	3.021	2.995	3.008	9202976	27648488.00
2022/06/10	3.006	3.013	2.988	2.998	7476401	22426168.00
2022/06/13	2.994	2.994	2.971	2.985	3999501	11921754.00
2022/06/14	2.983	2.999	2.977	2.994	5070902	15165202.00
2022/06/15	2.994	3.003	2.980	3.001	5229972	15664762.00
2022/06/16	3.000	3.009	2.992	2.998	7226495	21676334.00
2022/06/17	2.998	2.998	2.991	2.998	5785258	17326782.00
2022/06/20	2.998	2.998	2.955	2.961	7134068	21151780.00
2022/06/21	2.955	2.955	2.936	2.954	4966205	14622212.00
2022/06/22	2.954	2.965	2.930	2.963	3975370	11705228.00
2022/06/23	2.963	2.989	2.950	2.989	5275568	15683721.00
2022/06/24	2.989	3.029	2.989	3.023	6661884	20103900.00
2022/06/27	3.022	3.064	2.994	3.060	5119192	15550423.00
2022/06/28	3.060	3.093	3.040	3.084	8948774	27438870.00
2022/06/29	3.084	3.099	3.060	3.080	7372741	22719620.00
2022/06/30	3.070	3.114	3.070	3.113	7488074	23263992.00
2022/07/01	3.113	3.136	3.100	3.118	3907414	12202536.00
2022/07/04	3.118	3.129	3.074	3.125	3432613	10674951.00
2022/07/05	3.125	3.125	3.099	3.099	3596586	11168294.00
2022/07/06	3.097	3.097	3.056	3.087	4364941	13467649.00
2022/07/07	3.070	3.122	3.060	3.122	3716019	11510969.00
2022/07/08	3.122	3.155	3.100	3.151	3140847	9877813.00
2022/07/11	3.151	3.155	3.120	3.154	5455138	17126764.00
2022/07/12	3.154	3.205	3.153	3.198	6071303	19241338.00
2022/07/13	3.195	3.202	3.171	3.186	2669283	8525414.00
2022/07/14	3.168	3.199	3.168	3.195	3212449	10203392.00
2022/07/15	3.193	3.195	3.161	3.194	2791718	8885196.00
2022/07/18	3.173	3.213	3.172	3.203	4353214	13918930.00
2022/07/19	3.201	3.249	3.187	3.245	4778702	15387887.00
2022/07/20	3.245	3.265	3.225	3.262	3635030	11851350.00
2022/07/21	3.259	3.272	3.245	3.259	3653781	11903532.00
2022/07/22	3.258	3.268	3.229	3.236	4735733	15396478.00
2022/07/25	3.233	3.235	3.190	3.193	4909821	15778875.00
2022/07/26	3.180	3.199	3.150	3.183	4470821	14215356.00
2022/07/27	3.176	3.188	3.155	3.188	3057139	9722208.00
2022/07/28	3.187	3.216	3.160	3.205	3693554	11836668.00
2022/07/29	3.202	3.250	3.202	3.249	3537647	11419546.00
2022/08/01	3.241	3.265	3.222	3.258	4350621	14122396.00
2022/08/02	3.246	3.246	3.219	3.228	4376680	14143271.00
2022/08/03	3.208	3.233	3.207	3.230	3955379	12748699.00
2022/08/04	3.228	3.257	3.201	3.257	3689149	11977263.00
2022/08/05	3.254	3.265	3.239	3.255	3663714	11933616.00
2022/08/08	3.253	3.253	3.220	3.236	2470301	7991765.00
2022/08/09	3.236	3.239	3.221	3.235	2394573	7747223.00
2022/08/10	3.229	3.241	3.224	3.235	2225113	7205041.00
2022/08/11	3.236	3.239	3.229	3.230	2316380	7486860.50
2022/08/12	3.228	3.232	3.222	3.226	2466160	7960684.50
2022/08/15	3.226	3.238	3.225	3.227	3050922	9868474.00
2022/08/16	3.202	3.261	3.202	3.235	4285172	13892103.00
2022/08/17	3.228	3.249	3.222	3.246	3446237	11157857.00
2022/08/18	3.252	3.262	3.246	3.249	3048379	9911521.00
2022/08/19	3.252	3.304	3.250	3.300	6736201	22098200.00
2022/08/22	3.307	3.339	3.250	3.261	6786668	22423632.00
2022/08/23	3.257	3.278	3.250	3.274	3958704	12932949.00
2022/08/24	3.274	3.281	3.258	3.277	3054769	10005342.00
2022/08/25	3.277	3.317	3.256	3.316	3007289	9880957.00
2022/08/26	3.316	3.317	3.291	3.300	4417850	14595132.00
2022/08/29	3.286	3.286	3.225	3.256	4681710	15273127.00
2022/08/30	3.245	3.286	3.244	3.278	4513231	14788480.00
2022/08/31	3.277	3.287	3.266	3.280	3175290	10416601.00
2022/09/01	3.278	3.278	3.254	3.255	2317377	7554589.00
2022/09/02	3.248	3.270	3.248	3.265	2418830	7895312.00
2022/09/05	3.265	3.270	3.255	3.261	1124295	3666712.75
2022/09/06	3.260	3.282	3.250	3.280	2476748	8115360.00
2022/09/07	3.277	3.290	3.267	3.278	2042194	6701700.00
2022/09/08	3.278	3.298	3.275	3.294	1807210	5950136.50
2022/09/09	3.293	3.317	3.289	3.315	2998347	9911145.00
2022/09/13	3.315	3.320	3.294	3.305	3311742	10964274.00
2022/09/14	3.307	3.310	3.298	3.300	1989498	6565412.50
2022/09/15	3.300	3.304	3.298	3.300	1710388	5645685.50
2022/09/16	3.298	3.298	3.282	3.285	2262709	7433743.50
2022/09/19	3.285	3.285	3.277	3.281	1687706	5537365.50
2022/09/20	3.280	3.300	3.278	3.281	1435467	4710799.50
2022/09/21	3.280	3.287	3.276	3.286	1559606	5122405.50
2022/09/22	3.286	3.294	3.281	3.294	1579591	5199987.50
2022/09/23	3.293	3.294	3.283	3.288	1631241	5365458.50
2022/09/26	3.288	3.306	3.285	3.300	2941889	9696065.00
2022/09/27	3.297	3.310	3.287	3.308	5099396	16838070.00
2022/09/28	3.330	3.384	3.330	3.360	12730234	42880704.00
2022/09/29	3.350	3.350	3.304	3.307	5371163	17854314.00
2022/09/30	3.280	3.307	3.277	3.298	4957837	16344661.00
2022/10/10	3.288	3.298	3.265	3.266	4655591	15262148.00
2022/10/11	3.263	3.350	3.156	3.303	6154252	19876934.00
2022/10/12	3.293	3.305	3.273	3.286	3761957	12398058.00
2022/10/13	3.286	3.286	3.240	3.267	2760738	8997874.00
2022/10/14	3.267	3.292	3.249	3.283	2420211	7923104.50
2022/10/17	3.282	3.282	3.263	3.265	2903741	9491059.00
2022/10/18	3.265	3.289	3.261	3.285	1559796	5112403.00
2022/10/19	3.285	3.285	3.269	3.282	2864261	9392768.00
2022/10/20	3.281	3.283	3.270	3.283	1173988	3849448.50
2022/10/21	3.284	3.295	3.275	3.288	2102396	6904826.00
2022/10/24	3.288	3.288	3.265	3.273	3528445	11556296.00
2022/10/25	3.260	3.278	3.260	3.269	3198421	10447460.00
2022/10/26	3.268	3.268	3.193	3.197	4092381	13259626.00
2022/10/27	3.197	3.211	3.090	3.108	5155237	16188214.00
2022/10/28	3.108	3.114	3.039	3.111	5662871	17328924.00
2022/10/31	3.101	3.101	3.050	3.072	3276509	10068585.00
2022/11/01	3.072	3.101	3.059	3.095	2523400	7810916.50
2022/11/02	3.112	3.121	3.095	3.121	3263995	10173730.00
2022/11/03	3.121	3.147	3.110	3.134	2192645	6883798.50
2022/11/04	3.134	3.176	3.124	3.171	5682169	17942900.00
2022/11/07	3.172	3.180	3.130	3.176	2113309	6687806.00
2022/11/08	3.176	3.176	3.140	3.150	2170879	6842341.00
2022/11/09	3.171	3.171	3.131	3.141	2023290	6363881.00
2022/11/10	3.141	3.141	3.118	3.125	1632497	5100320.00
2022/11/11	3.124	3.154	3.123	3.126	1596626	4996377.50
2022/11/14	3.126	3.126	3.075	3.094	4731055	14605376.00
2022/11/15	3.094	3.094	3.072	3.080	1437171	4427584.00
2022/11/16	3.079	3.091	3.070	3.082	2292874	7074774.50
2022/11/17	3.080	3.080	3.052	3.059	3298150	10109362.00
2022/11/18	3.058	3.058	3.018	3.027	2563810	7763046.00
2022/11/21	3.026	3.045	3.001	3.027	1959707	5916082.00
2022/11/22	3.028	3.028	3.010	3.015	1091070	3288023.75
2022/11/23	3.014	3.014	3.001	3.002	2186540	6564324.00
2022/11/24	3.002	3.026	3.002	3.019	1870103	5645587.50
2022/11/25	3.020	3.027	3.016	3.026	1836161	5553092.00
2022/11/28	3.026	3.033	3.004	3.011	1522759	4585340.00
2022/11/29	3.011	3.026	3.003	3.026	1514941	4573706.50
2022/11/30	3.027	3.045	3.027	3.034	1384156	4199827.00
2022/12/01	3.036	3.036	3.029	3.034	2154230	6533857.50
2022/12/02	3.034	3.049	3.034	3.048	2234386	6802429.00
2022/12/05	3.049	3.060	3.040	3.057	1667396	5090249.50
2022/12/06	3.058	3.070	3.058	3.066	2700181	8278420.50
2022/12/07	3.068	3.075	3.042	3.055	3206318	9796797.00
2022/12/08	3.055	3.060	3.034	3.050	3200931	9781212.00
2022/12/09	3.050	3.056	3.038	3.052	1160704	3541604.50
2022/12/12	3.052	3.052	3.012	3.028	3121042	9456170.00
2022/12/13	3.019	3.019	3.012	3.016	821017	2475691.25
2022/12/14	3.015	3.025	3.010	3.019	1074241	3244064.00
2022/12/15	3.022	3.061	3.022	3.054	2367267	7218982.50
2022/12/16	3.053	3.108	3.050	3.105	2152099	6630466.00
2022/12/19	3.103	3.105	3.080	3.094	2124272	6564005.50
2022/12/20	3.086	3.086	3.003	3.006	898396	2702194.75
2022/12/21	3.005	3.026	3.000	3.010	819844	2462399.50
2022/12/22	3.009	3.010	2.997	3.002	797236	2392801.75
2022/12/23	3.002	3.005	2.980	2.985	1239052	3697401.50
2022/12/26	2.986	2.999	2.980	2.983	1074008	3204792.75
2022/12/27	2.983	2.998	2.972	2.977	756788	2254119.75
2022/12/28	2.977	2.980	2.953	2.953	2384922	7048029.00
2022/12/29	2.953	2.956	2.944	2.946	1034562	3048986.75
2022/12/30	2.945	2.990	2.940	2.975	2310681	6871052.00
2023/01/03	2.974	2.974	2.955	2.961	2160080	6395283.50
2023/01/04	2.962	2.970	2.949	2.957	1746410	5161196.00
2023/01/05	2.957	2.990	2.924	2.936	3763298	11055635.00
2023/01/06	2.936	2.957	2.928	2.949	3277598	9629299.00
2023/01/09	2.948	2.952	2.929	2.947	1547611	4559727.00
2023/01/10	2.946	2.946	2.925	2.941	1108758	3256665.25
2023/01/11	2.941	2.954	2.935	2.949	1222661	3599869.25
2023/01/12	2.949	2.955	2.946	2.948	2190652	6463112.50
2023/01/13	2.948	2.951	2.936	2.944	1815923	5345202.00
2023/01/16	2.943	2.943	2.929	2.931	1323998	3882358.75
2023/01/17	2.931	2.940	2.924	2.926	798481	2337670.75
2023/01/18	2.926	2.930	2.921	2.923	1574863	4603963.50
2023/01/19	2.923	2.925	2.911	2.916	1867789	5446310.00
2023/01/20	2.916	2.928	2.913	2.926	1565395	4574541.00
2023/01/30	2.927	2.952	2.927	2.938	2621286	7707409.50
2023/01/31	2.938	3.000	2.938	2.998	2660293	7916167.50
2023/02/01	2.998	3.017	2.998	3.015	2437732	7345984.50
2023/02/02	3.016	3.020	2.999	3.001	2793215	8387699.50
2023/02/03	3.001	3.001	2.960	2.975	3268785	9722900.00
2023/02/06	2.963	2.985	2.953	2.980	2394754	7099092.00
2023/02/07	2.979	2.995	2.974	2.992	2596025	7763915.00
2023/02/08	2.992	2.992	2.977	2.986	2174005	6490965.50
2023/02/09	2.986	2.989	2.983	2.989	2589016	7732950.00
2023/02/10	2.989	3.001	2.960	2.999	2637286	7881392.00
2023/02/13	2.998	3.030	2.970	3.026	4254938	12817665.00
2023/02/14	3.025	3.042	3.018	3.041	2107488	6398228.00
2023/02/15	3.041	3.070	3.027	3.028	3421484	10453099.00
2023/02/16	3.028	3.034	3.020	3.027	4418510	13374506.00
2023/02/17	3.027	3.034	3.002	3.033	1576318	4770539.00
2023/02/20	3.033	3.049	3.013	3.038	2199471	6679751.50
2023/02/21	3.040	3.062	3.021	3.060	3291925	10051222.00
2023/02/22	3.060	3.070	3.045	3.048	2911067	8915434.00
2023/02/23	3.048	3.070	3.008	3.020	3007499	9109062.00
2023/02/24	3.019	3.039	2.986	3.006	3762154	11336491.00
2023/02/27	3.006	3.006	2.990	2.994	1942644	5814476.00
2023/02/28	2.993	3.008	2.993	2.999	2758681	8275999.50
2023/03/01	2.999	3.008	2.988	3.004	2341375	7031458.00
2023/03/02	3.002	3.002	2.996	2.997	1091606	3273783.50
2023/03/03	2.997	3.000	2.995	2.998	2121943	6362353.00
2023/03/06	2.998	2.998	2.982	2.983	3217070	9602849.00
2023/03/07	2.982	2.983	2.948	2.954	2540168	7525959.00
2023/03/08	2.954	2.962	2.941	2.943	3159671	9308093.00
2023/03/09	2.943	2.969	2.924	2.931	2725394	7993851.50
2023/03/10	2.931	2.958	2.925	2.940	3806409	11184539.00
2023/03/13	2.940	3.040	2.929	2.985	4774732	14144497.00
2023/03/14	2.985	3.009	2.957	2.965	5365476	16015371.00
2023/03/15	2.965	2.984	2.963	2.965	2070345	6143518.50
2023/03/16	2.964	2.964	2.948	2.950	2522083	7440556.50
2023/03/17	2.950	2.961	2.947	2.956	2075536	6130340.00
2023/03/20	2.956	2.956	2.934	2.934	3423400	10058510.00
2023/03/21	2.934	2.934	2.921	2.922	1918031	5608319.50
2023/03/22	2.922	2.932	2.913	2.915	2050660	5985163.00
2023/03/23	2.915	2.932	2.915	2.918	1851396	5402303.50
2023/03/24	2.915	2.917	2.902	2.906	3146418	9153332.00
2023/03/27	2.910	2.912	2.890	2.892	3406694	9889727.00
2023/03/28	2.892	2.899	2.851	2.861	3256204	9331440.00
2023/03/29	2.880	2.880	2.824	2.825	2212446	6263893.00
2023/03/30	2.824	2.824	2.795	2.801	1532684	4293878.00
2023/03/31	2.801	2.879	2.801	2.861	4551479	12918905.00
2023/04/03	2.868	2.915	2.868	2.914	5102405	14734712.00
2023/04/04	2.914	2.924	2.902	2.907	2180641	6346276.50
2023/04/06	2.890	2.890	2.846	2.848	2783693	7964824.50
2023/04/07	2.838	2.852	2.828	2.838	3052592	8656201.00
2023/04/10	2.838	2.849	2.815	2.831	2563330	7250829.00
2023/04/11	2.830	2.835	2.813	2.815	2838506	8006169.00
2023/04/12	2.815	2.830	2.798	2.803	2889128	8117767.50
2023/04/13	2.803	2.813	2.774	2.778	2925160	8138613.50
2023/04/14	2.778	2.806	2.765	2.795	3669639	10212927.00
2023/04/17	2.791	2.806	2.780	2.802	3623055	10101589.00
2023/04/18	2.802	2.823	2.800	2.812	2076825	5839969.00
2023/04/19	2.812	2.821	2.794	2.801	1768141	4953075.00
2023/04/20	2.800	2.800	2.783	2.790	3229867	9011019.00
2023/04/21	2.792	2.797	2.727	2.742	5514375	15161608.00
2023/04/24	2.736	2.740	2.710	2.721	1567246	4262277.00
2023/04/25	2.721	2.721	2.608	2.648	4260810	11331970.00
2023/04/26	2.648	2.648	2.606	2.638	3017554	7927466.50
2023/04/27	2.638	2.638	2.604	2.606	2275145	5952639.50
2023/04/28	2.606	2.633	2.606	2.608	2293123	5985604.50
2023/05/04	2.611	2.611	2.497	2.530	3730015	9452901.00
2023/05/05	2.530	2.530	2.470	2.482	2580167	6443913.00
2023/05/08	2.482	2.518	2.480	2.502	1996824	4993110.50
2023/05/09	2.502	2.552	2.500	2.552	2330136	5917468.00
2023/05/10	2.553	2.628	2.553	2.620	3617020	9438482.00
2023/05/11	2.619	2.647	2.601	2.643	3168008	8317230.50
2023/05/12	2.642	2.650	2.600	2.647	2709921	7156052.00
2023/05/15	2.648	2.685	2.602	2.670	8224245	21958006.00
2023/05/16	2.670	2.732	2.649	2.729	4252057	11488188.00
2023/05/17	2.729	2.770	2.683	2.749	5568116	15340045.00
2023/05/19	2.749	2.760	2.625	2.733	5019005	13710352.00
2023/05/22	2.729	2.729	2.643	2.650	2252408	5987854.00
2023/05/23	2.646	2.646	2.590	2.600	2636879	6869898.00
2023/05/24	2.599	2.610	2.576	2.610	2288313	5929993.50
2023/05/25	2.610	2.619	2.593	2.619	1611061	4189064.75
2023/05/26	2.620	2.640	2.616	2.627	4720069	12377936.00
2023/05/29	2.625	2.625	2.505	2.548	4049585	10376386.00
2023/05/30	2.554	2.554	2.489	2.495	5865137	14663339.00
2023/05/31	2.495	2.496	2.470	2.471	1956193	4840656.00
2023/06/01	2.471	2.487	2.451	2.474	2560459	6327050.50
2023/06/02	2.476	2.496	2.476	2.478	2202041	5468411.50
2023/06/05	2.477	2.478	2.429	2.433	1756048	4293453.00
2023/06/06	2.437	2.440	2.360	2.380	2275676	5418674.00
2023/06/07	2.380	2.397	2.380	2.391	1408926	3363862.25
2023/06/08	2.391	2.425	2.370	2.424	3988442	9617370.00
2023/06/09	2.425	2.450	2.412	2.420	1804402	4367455.50
2023/06/12	2.418	2.418	2.385	2.410	2342472	5629449.50
2023/06/13	2.410	2.411	2.390	2.399	1681897	4042407.00
2023/06/14	2.399	2.399	2.385	2.390	2576779	6157514.50
2023/06/15	2.390	2.408	2.387	2.407	2072848	4958146.00
2023/06/16	2.425	2.483	2.420	2.470	1494442	3651017.00
2023/06/19	2.466	2.466	2.420	2.448	2244800	5465518.00
2023/06/20	2.448	2.448	2.432	2.432	2261788	5508131.00
2023/06/21	2.433	2.434	2.407	2.412	2322407	5609506.50
2023/06/26	2.405	2.405	2.380	2.385	1728981	4132734.00
2023/06/27	2.384	2.398	2.378	2.390	924657	2212650.25
2023/06/28	2.390	2.397	2.373	2.391	1982960	4727513.50
2023/06/29	2.392	2.392	2.374	2.387	2302430	5480194.00
2023/06/30	2.386	2.386	2.363	2.369	2934030	6952646.00
2023/07/03	2.368	2.380	2.349	2.350	2341541	5515581.00
2023/07/04	2.350	2.350	2.329	2.330	2324972	5435095.50
2023/07/05	2.329	2.329	2.304	2.304	2005954	4637955.00
2023/07/06	2.304	2.357	2.300	2.356	4557932	10652622.00
2023/07/07	2.345	2.408	2.330	2.375	4825767	11505824.00
2023/07/10	2.370	2.406	2.361	2.394	3421750	8184065.00
2023/07/11	2.389	2.392	2.351	2.377	2016621	4773094.00
2023/07/12	2.377	2.377	2.334	2.334	3302918	7738736.00
2023/07/13	2.342	2.354	2.338	2.348	1876195	4404128.50
2023/07/14	2.347	2.379	2.338	2.364	2981127	7055195.00
2023/07/17	2.370	2.420	2.365	2.400	3223241	7717402.00
2023/07/18	2.402	2.492	2.402	2.489	8073201	19968884.00
2023/07/19	2.488	2.488	2.414	2.430	8165111	19912684.00
2023/07/20	2.430	2.449	2.401	2.413	3954131	9577544.00
2023/07/21	2.413	2.441	2.404	2.434	3582321	8701765.00
2023/07/24	2.434	2.448	2.416	2.445	3587500	8721050.00
2023/07/25	2.442	2.476	2.408	2.460	4052984	9969214.00
2023/07/26	2.460	2.460	2.445	2.454	1587538	3890389.50
2023/07/27	2.455	2.476	2.440	2.454	2872242	7027545.00
2023/07/28	2.440	2.460	2.432	2.454	2786601	6810617.00
2023/07/31	2.454	2.460	2.442	2.455	2568028	6300046.00
2023/08/01	2.455	2.478	2.441	2.463	3172033	7799984.00
2023/08/02	2.463	2.478	2.459	2.475	2133190	5272322.00
2023/08/03	2.475	2.475	2.452	2.463	2172704	5349917.50
2023/08/04	2.461	2.468	2.450	2.466	1390293	3423783.00
2023/08/07	2.466	2.466	2.440	2.445	1871012	4581399.50
2023/08/08	2.444	2.465	2.436	2.442	3236739	7927185.00
2023/08/09	2.442	2.443	2.435	2.443	1435441	3503253.50
2023/08/10	2.443	2.467	2.439	2.445	3567438	8746630.00
2023/08/11	2.445	2.450	2.429	2.435	3535302	8614841.00
2023/08/14	2.433	2.444	2.416	2.428	2715696	6588016.50
2023/08/15	2.427	2.455	2.404	2.418	4722582	11457653.00
2023/08/16	2.418	2.432	2.393	2.402	4508675	10850472.00
2023/08/17	2.402	2.405	2.362	2.381	3981059	9478407.00
2023/08/18	2.381	2.381	2.351	2.366	3921303	9289313.00
2023/08/21	2.366	2.385	2.356	2.371	2860613	6774321.50
2023/08/22	2.371	2.381	2.359	2.378	3953303	9350101.00
2023/08/23	2.379	2.388	2.371	2.384	2728861	6484855.00
2023/08/24	2.384	2.396	2.379	2.390	3192526	7621676.00
2023/08/25	2.390	2.400	2.382	2.399	2104733	5042122.50
2023/08/28	2.400	2.425	2.374	2.407	2767381	6679576.00
2023/08/29	2.404	2.418	2.398	2.409	1524632	3666132.25
2023/08/30	2.405	2.410	2.400	2.403	1402461	3374804.75
2023/08/31	2.403	2.406	2.396	2.399	1287817	3088549.00
2023/09/01	2.398	2.406	2.383	2.399	3709368	8888917.00
2023/09/04	2.398	2.411	2.381	2.388	2428680	5811264.50
2023/09/05	2.388	2.388	2.380	2.385	1694597	4040835.75
2023/09/06	2.385	2.399	2.373	2.390	1512474	3603234.25
2023/09/07	2.380	2.396	2.380	2.396	1122046	2681725.00
2023/09/08	2.394	2.399	2.390	2.397	1680940	4028982.50
2023/09/11	2.396	2.404	2.391	2.404	1642674	3946307.50
2023/09/12	2.404	2.412	2.394	2.400	2844706	6837687.50
2023/09/13	2.400	2.402	2.391	2.391	1138636	2729129.00
2023/09/14	2.390	2.391	2.380	2.380	1335271	3180110.75
2023/09/15	2.380	2.385	2.360	2.361	2464655	5840920.00
2023/09/18	2.355	2.361	2.351	2.353	1666525	3921947.00
2023/09/19	2.351	2.355	2.350	2.352	1315252	3092762.75
2023/09/20	2.352	2.358	2.348	2.357	2164655	5088505.50
2023/09/21	2.357	2.358	2.350	2.357	1437998	3386942.50
2023/09/22	2.381	2.381	2.351	2.358	1206188	2843545.00
2023/09/25	2.358	2.358	2.349	2.350	905541	2129504.25
2023/09/26	2.350	2.352	2.336	2.345	1267049	2970530.25
2023/09/27	2.343	2.347	2.340	2.341	1190785	2788304.50
2023/09/28	2.340	2.355	2.339	2.343	2853637	6696862.00
2023/10/09	2.342	2.342	2.333	2.340	1041062	2435289.75
2023/10/10	2.340	2.340	2.326	2.328	1327081	3093386.25
2023/10/11	2.328	2.330	2.316	2.319	1389641	3225670.75
2023/10/12	2.319	2.330	2.318	2.324	1337658	3108694.00
2023/10/13	2.324	2.332	2.319	2.320	1569994	3650738.00
2023/10/16	2.319	2.319	2.308	2.309	1228831	2841123.75
2023/10/17	2.309	2.309	2.277	2.297	4035395	9237672.00
2023/10/18	2.291	2.309	2.285	2.288	1817537	4164944.50
2023/10/19	2.289	2.293	2.248	2.259	2236102	5080310.50
2023/10/20	2.238	2.257	2.206	2.220	2561391	5685773.50
2023/10/23	2.219	2.219	2.122	2.175	4251491	9134800.00
2023/10/24	2.173	2.207	2.139	2.203	2651626	5764407.50
2023/10/25	2.203	2.247	2.200	2.208	3026589	6744909.50
2023/10/26	2.208	2.212	2.178	2.198	2830803	6200585.00
2023/10/27	2.200	2.216	2.180	2.194	4075714	8926216.00
2023/10/30	2.195	2.209	2.168	2.173	3041442	6637131.00
2023/10/31	2.173	2.175	2.159	2.170	1939923	4201745.00
2023/11/01	2.131	2.131	2.095	2.103	2853615	6007428.00
2023/11/02	2.101	2.109	2.083	2.091	1570779	3286316.25
2023/11/03	2.090	2.097	2.081	2.094	2666650	5579610.50
2023/11/06	2.093	2.095	2.083	2.085	2981794	6226786.00
2023/11/07	2.086	2.086	2.072	2.074	2047926	4255304.00
2023/11/08	2.073	2.087	2.072	2.076	2195952	4565715.00
2023/11/09	2.076	2.087	2.076	2.082	2860285	5958061.00
2023/11/10	2.090	2.095	2.065	2.066	2791406	5778456.50
2023/11/13	2.060	2.076	2.040	2.045	3693868	7559735.00
2023/11/14	2.045	2.055	2.026	2.036	2762876	5622201.00
2023/11/15	2.030	2.030	2.012	2.020	3264769	6591129.00
2023/11/16	2.015	2.020	1.999	2.008	2783520	5575452.50
2023/11/17	2.000	2.014	1.987	2.005	1406472	2816566.75
2023/11/20	2.000	2.000	1.982	1.998	3700121	7357707.50
2023/11/21	1.997	1.997	1.965	1.985	5740748	11361260.00
2023/11/22	1.982	1.982	1.946	1.963	4793123	9385678.00
2023/11/23	1.962	1.962	1.924	1.927	5300281	10237095.00
2023/11/24	1.927	1.927	1.891	1.891	2628768	4997991.50
2023/11/27	1.891	1.891	1.839	1.860	3594896	6653061.00
2023/11/28	1.860	1.866	1.832	1.853	3611226	6669761.00
2023/11/29	1.853	1.853	1.829	1.853	4570281	8387372.50
2023/11/30	1.853	1.891	1.837	1.856	5458277	10221344.00
2023/12/01	1.856	1.860	1.832	1.860	3530345	6518223.50
2023/12/04	1.857	1.861	1.840	1.859	4772725	8823425.00
2023/12/05	1.859	1.860	1.810	1.859	7270969	13373759.00
2023/12/06	1.858	1.858	1.822	1.853	5787094	10631733.00
2023/12/07	1.852	1.852	1.810	1.831	5160912	9435217.00
2023/12/08	1.831	1.831	1.802	1.828	5101701	9250110.00
2023/12/11	1.816	1.827	1.801	1.821	4785742	8666398.00
2023/12/12	1.815	1.815	1.763	1.810	6781511	12090934.00
2023/12/13	1.798	1.798	1.745	1.780	7595266	13355079.00
2023/12/14	1.757	1.757	1.731	1.755	4718170	8226502.50
2023/12/15	1.743	1.743	1.717	1.730	4508804	7791571.00
2023/12/18	1.724	1.724	1.691	1.694	4791691	8159345.00
2023/12/19	1.690	1.690	1.630	1.636	5139327	8508951.00
2023/12/20	1.632	1.648	1.606	1.647	8826660	14299940.00
2023/12/21	1.639	1.718	1.630	1.717	12946374	21976692.00
2023/12/22	1.727	1.782	1.689	1.717	17319166	30216712.00
2023/12/25	1.717	1.718	1.672	1.696	9526752	16084354.00
2023/12/26	1.690	1.698	1.638	1.678	12338634	20382030.00
2023/12/27	1.660	1.660	1.619	1.621	15753629	25752336.00
2023/12/28	1.618	1.618	1.593	1.612	14494195	23289412.00
2023/12/29	1.611	1.645	1.599	1.638	13425453	21605566.00
2024/01/02	1.631	1.636	1.609	1.610	11527444	18613056.00
2024/01/03	1.604	1.617	1.591	1.595	10822415	17346440.00
2024/01/04	1.593	1.594	1.553	1.553	11149807	17467576.00
2024/01/05	1.546	1.546	1.501	1.506	10137945	15416564.00
2024/01/08	1.500	1.501	1.452	1.460	9961785	14610785.00
2024/01/09	1.455	1.463	1.431	1.437	9357376	13476751.00
2024/01/10	1.430	1.430	1.400	1.420	12223636	17302314.00
2024/01/11	1.412	1.444	1.402	1.440	12030137	17032902.00
2024/01/12	1.438	1.453	1.420	1.430	7236289	10385158.00
2024/01/15	1.422	1.447	1.418	1.446	7102898	10133274.00
2024/01/16	1.447	1.485	1.442	1.481	10685450	15697366.00
2024/01/17	1.476	1.538	1.476	1.530	14503637	22013314.00
2024/01/18	1.530	1.550	1.490	1.508	11809805	17737930.00
2024/01/19	1.499	1.517	1.482	1.508	8649738	13041673.00
2024/01/22	1.506	1.508	1.453	1.462	7732808	11437313.00
2024/01/23	1.452	1.453	1.420	1.432	12436719	17846946.00
2024/01/24	1.427	1.447	1.418	1.433	11445254	16337130.00
2024/01/25	1.433	1.477	1.425	1.474	10369905	14949494.00
2024/01/26	1.473	1.488	1.460	1.478	6134191	9043820.00
2024/01/29	1.475	1.489	1.470	1.481	6544589	9678448.00
2024/01/30	1.469	1.493	1.463	1.479	5895671	8713843.00
2024/01/31	1.470	1.479	1.452	1.461	7455073	10891607.00
2024/02/01	1.460	1.462	1.450	1.453	6474833	9411563.00
2024/02/02	1.452	1.452	1.435	1.447	6604538	9554185.00
2024/02/05	1.436	1.436	1.412	1.425	9035857	12865783.00
2024/02/06	1.423	1.436	1.410	1.436	5445880	7744622.50
2024/02/07	1.437	1.450	1.426	1.432	8722653	12545434.00
2024/02/08	1.422	1.477	1.422	1.472	9056181	13094369.00
2024/02/19	1.473	1.565	1.473	1.565	13793841	21119420.00
2024/02/20	1.567	1.631	1.564	1.604	16478060	26380964.00
2024/02/21	1.604	1.670	1.598	1.668	13391270	22101592.00
2024/02/22	1.670	1.722	1.668	1.720	21321363	36262980.00
2024/02/23	1.720	1.788	1.720	1.788	16823201	29615704.00
2024/02/26	1.789	1.921	1.789	1.890	20911246	39233468.00
2024/02/28	1.851	1.887	1.802	1.824	18958823	34667324.00
2024/02/29	1.801	1.870	1.750	1.862	16940691	31055250.00
2024/03/01	1.850	1.946	1.838	1.933	18957546	36369824.00
2024/03/04	1.933	2.001	1.933	1.997	15522963	30653788.00
2024/03/05	2.006	2.050	1.966	2.021	20557703	41695064.00
2024/03/06	2.010	2.029	1.965	1.996	18430925	36675856.00
2024/03/07	1.994	2.015	1.955	1.960	13853467	27470240.00
2024/03/08	1.958	1.964	1.900	1.947	14929577	28985952.00
2024/03/11	1.939	1.977	1.934	1.977	10637382	20806310.00
2024/03/12	1.970	1.981	1.930	1.955	12195434	23785392.00
2024/03/13	1.951	1.951	1.911	1.931	12424608	23918146.00
2024/03/14	1.929	1.936	1.900	1.916	10035494	19211574.00
2024/03/15	1.903	1.923	1.895	1.919	6592903	12609543.00
2024/03/18	1.919	1.929	1.905	1.918	8659663	16600601.00
2024/03/19	1.916	1.920	1.904	1.916	6268240	11978730.00
2024/03/20	1.914	1.914	1.890	1.900	5432563	10328993.00
2024/03/21	1.898	1.898	1.866	1.878	10283030	19318504.00
2024/03/22	1.871	1.871	1.830	1.848	9929797	18298786.00
2024/03/25	1.848	1.858	1.809	1.819	6686456	12268366.00
2024/03/26	1.817	1.840	1.801	1.833	9581422	17515810.00
2024/03/27	1.833	1.927	1.833	1.919	12021149	22697376.00
2024/03/28	1.920	1.964	1.890	1.910	10047727	19259670.00
2024/03/29	1.909	1.925	1.881	1.905	13549436	25761310.00
2024/04/01	1.905	1.916	1.880	1.892	12155796	23022850.00
2024/04/02	1.892	1.903	1.849	1.863	8833031	16530794.00
2024/04/03	1.861	1.888	1.860	1.882	5916148	11078979.00
2024/04/08	1.882	1.900	1.873	1.900	4540058	8560973.00
2024/04/09	1.905	1.906	1.873	1.903	3770463	7135633.50
2024/04/10	1.903	1.944	1.903	1.943	16399970	31551168.00
2024/04/11	1.940	1.970	1.929	1.957	18160808	35400952.00
2024/04/12	1.958	1.969	1.927	1.950	21578874	42010144.00
2024/04/15	1.915	1.916	1.870	1.894	5708276	10835877.00
2024/04/16	1.894	1.894	1.828	1.859	8873090	16461503.00
2024/04/17	1.852	1.892	1.835	1.892	6144666	11569297.00
2024/04/18	1.891	1.891	1.848	1.873	8263310	15447043.00
2024/04/19	1.864	1.868	1.854	1.868	2672621	4971866.50
2024/04/22	1.862	1.863	1.847	1.853	4453159	8252720.00
2024/04/23	1.852	1.864	1.828	1.842	16549517	30568556.00
2024/04/24	1.832	1.850	1.826	1.845	2593323	4766441.00
2024/04/25	1.845	1.897	1.838	1.888	5842596	10969545.00
2024/04/26	1.888	1.950	1.883	1.919	9285822	17888882.00
2024/04/29	1.918	1.936	1.900	1.918	5901706	11302423.00
2024/04/30	1.917	1.917	1.874	1.889	13920848	26280426.00
2024/05/06	1.887	1.901	1.875	1.896	4792722	9078506.00
2024/05/07	1.896	1.955	1.890	1.940	15960964	30829842.00
2024/05/08	1.938	1.955	1.922	1.946	9130901	17745200.00
2024/05/09	1.946	1.957	1.932	1.950	11255367	21930586.00
2024/05/10	1.950	1.957	1.930	1.956	6905854	13452741.00
2024/05/13	1.955	1.960	1.942	1.960	5252673	10257132.00
2024/05/14	1.960	1.962	1.940	1.957	6283839	12269319.00
2024/05/15	1.952	1.958	1.939	1.946	3971193	7726580.50
2024/05/16	1.946	1.960	1.940	1.958	2934286	5737741.50
2024/05/17	1.960	1.965	1.957	1.964	3092421	6061475.50
2024/05/20	1.960	1.966	1.953	1.956	2471958	4834794.00
2024/05/21	1.955	1.955	1.940	1.954	4714067	9190599.00
2024/05/22	1.945	1.952	1.923	1.939	3742542	7250250.00
2024/05/23	1.936	1.939	1.911	1.934	5370841	10339270.00
2024/05/24	1.923	1.955	1.923	1.955	3284158	6383974.50
2024/05/27	1.955	1.966	1.955	1.963	3787133	7421629.50
2024/05/28	1.963	1.965	1.945	1.965	4895347	9591441.00
2024/05/29	1.960	1.982	1.954	1.964	5569447	10935102.00
2024/05/30	1.964	1.964	1.927	1.948	6013715	11707517.00
2024/05/31	1.947	1.965	1.934	1.963	3869382	7533775.00
2024/06/03	1.962	1.963	1.947	1.959	4646224	9095110.00
2024/06/04	1.959	1.964	1.947	1.954	3432344	6712502.00
2024/06/05	1.953	1.953	1.920	1.940	12253173	23710532.00
2024/06/06	1.938	1.941	1.917	1.938	11096996	21366602.00
2024/06/07	1.930	1.943	1.922	1.942	2086590	4031647.00
2024/06/11	1.937	1.937	1.879	1.897	18814343	35654816.00
2024/06/12	1.889	1.896	1.863	1.896	3601570	6800646.00
2024/06/13	1.896	1.912	1.891	1.900	3777430	7184078.00
2024/06/14	1.896	1.900	1.873	1.884	4918909	9272856.00
2024/06/17	1.883	1.883	1.860	1.863	5440487	10158906.00
2024/06/18	1.856	1.874	1.855	1.862	3327444	6189890.50
2024/06/19	1.861	1.874	1.856	1.866	3183500	5923226.50
2024/06/20	1.864	1.872	1.847	1.864	5962327	11099325.00
2024/06/21	1.858	1.866	1.847	1.866	5975458	11083731.00
2024/06/24	1.865	1.897	1.849	1.863	5903730	10991207.00
2024/06/25	1.863	1.874	1.840	1.849	7546719	13996367.00
2024/06/26	1.848	1.856	1.824	1.856	4919148	9040178.00
2024/06/27	1.856	1.860	1.840	1.855	11135576	20584180.00
2024/06/28	1.850	1.855	1.825	1.842	7673200	14106918.00
2024/07/01	1.837	1.842	1.824	1.840	3349376	6148598.50
2024/07/02	1.840	1.845	1.834	1.845	3753331	6911133.00
2024/07/03	1.845	1.845	1.831	1.836	3480267	6385689.00
2024/07/04	1.835	1.835	1.826	1.830	2154781	3943645.50
2024/07/05	1.828	1.835	1.821	1.827	5915328	10818407.00
2024/07/08	1.825	1.893	1.825	1.884	10429085	19508164.00
2024/07/09	1.899	1.899	1.856	1.872	5276762	9875180.00
2024/07/10	1.868	1.901	1.858	1.898	8371919	15781190.00
2024/07/11	1.898	1.907	1.875	1.888	8796121	16602429.00
2024/07/12	1.888	1.905	1.881	1.892	4375688	8280645.50
2024/07/15	1.891	1.900	1.873	1.898	4881311	9188526.00
2024/07/16	1.898	1.908	1.878	1.885	7264657	13771764.00
2024/07/17	1.878	1.899	1.875	1.899	6660500	12598264.00
2024/07/18	1.895	1.900	1.885	1.898	5533530	10458578.00
2024/07/19	1.898	1.905	1.883	1.900	11233875	21304430.00
2024/07/22	1.899	1.911	1.894	1.906	5989614	11402273.00
2024/07/23	1.907	1.913	1.894	1.904	5680444	10820573.00
2024/07/24	1.898	1.909	1.894	1.903	6521140	12402634.00
2024/07/25	1.878	1.910	1.878	1.903	4498624	8554778.00
2024/07/26	1.898	1.934	1.894	1.932	6094369	11691286.00
2024/07/29	1.931	1.951	1.921	1.940	6280430	12201621.00
2024/07/30	1.940	1.951	1.932	1.947	6182540	12031986.00
2024/07/31	1.947	1.960	1.925	1.939	5109471	9920416.00
2024/08/01	1.927	1.943	1.925	1.940	4633988	8970025.00
2024/08/02	1.940	1.955	1.933	1.946	6003051	11683084.00
2024/08/05	1.946	1.981	1.946	1.981	12023897	23539570.00
2024/08/06	1.981	2.040	1.971	2.038	7078641	14287257.00
2024/08/07	2.044	2.114	2.034	2.113	6555785	13683051.00
2024/08/08	2.114	2.149	2.078	2.085	8879302	18817400.00
2024/08/09	2.078	2.100	2.019	2.099	6042712	12373673.00
2024/08/12	2.076	2.098	2.035	2.044	9161855	18861876.00
2024/08/13	2.038	2.044	2.009	2.034	5837625	11814879.00
2024/08/14	2.033	2.058	2.021	2.057	6997709	14297759.00
2024/08/15	2.057	2.066	2.033	2.043	6164584	12636224.00
2024/08/16	2.040	2.041	2.024	2.032	6498303	13189011.00
2024/08/19	2.024	2.040	2.018	2.034	4557757	9253450.00
2024/08/20	2.034	2.070	2.034	2.066	6081597	12497257.00
2024/08/21	2.065	2.070	2.022	2.060	10260787	20872668.00
2024/08/22	2.052	2.070	2.035	2.067	5117918	10522532.00
2024/08/23	2.046	2.046	2.014	2.028	4700085	9532974.00
2024/08/26	2.026	2.026	1.977	2.000	5004782	9968290.00
2024/08/27	1.992	1.994	1.961	1.965	4175199	8237832.00
2024/08/28	1.963	1.992	1.943	1.988	4818948	9452441.00
2024/08/29	1.987	2.003	1.960	1.975	3927286	7781520.00
2024/08/30	1.973	1.975	1.945	1.973	6828763	13436214.00
2024/09/02	1.973	1.985	1.966	1.985	3734982	7385794.00
2024/09/03	1.985	1.993	1.960	1.975	5625001	11105783.00
2024/09/04	1.975	1.977	1.951	1.961	4926521	9669548.00
2024/09/05	1.956	1.988	1.951	1.983	5020116	9890921.00
2024/09/06	1.982	1.992	1.973	1.979	1886972	3741710.50
2024/09/09	1.972	1.982	1.967	1.980	4768092	9399642.00
2024/09/10	1.971	1.972	1.942	1.955	5960168	11678801.00
2024/09/11	1.954	1.954	1.930	1.943	5305505	10307283.00
2024/09/12	1.940	1.951	1.931	1.935	2489177	4829297.00
2024/09/13	1.935	1.953	1.935	1.951	1908186	3703093.25
2024/09/18	1.950	1.961	1.938	1.956	3067204	5982633.50
2024/09/19	1.956	1.980	1.940	1.961	9590043	18789752.00
2024/09/20	1.960	1.970	1.946	1.969	2787574	5452213.50
2024/09/23	1.969	1.969	1.948	1.956	2544547	4977253.50
2024/09/24	1.956	1.986	1.948	1.985	2933200	5797672.50
2024/09/25	1.985	2.010	1.969	2.000	4567545	9130422.00
2024/09/26	2.000	2.015	1.985	1.990	7587722	15161539.00
2024/09/27	1.990	1.995	1.978	1.987	2652919	5273419.50
2024/09/30	1.975	1.985	1.935	1.985	8447101	16569314.00
2024/10/08	1.985	2.105	1.985	2.054	7739188	15705248.00
2024/10/09	2.053	2.053	1.993	2.010	6107631	12313318.00
2024/10/10	1.997	2.008	1.975	1.997	5465975	10859444.00
2024/10/11	1.996	2.014	1.983	2.002	4159795	8325106.50
2024/10/14	2.001	2.001	1.984	1.988	5340952	10622780.00
2024/10/15	1.990	1.997	1.985	1.986	3576809	7108051.50
2024/10/16	1.986	1.986	1.974	1.978	4177056	8257063.00
2024/10/17	1.976	1.990	1.975	1.983	4922677	9764753.00
2024/10/18	1.983	1.992	1.969	1.984	4730284	9356724.00
2024/10/21	1.984	1.991	1.967	1.972	4164685	8209169.50
2024/10/22	1.972	1.992	1.967	1.980	3760719	7418639.50
2024/10/23	1.984	1.984	1.970	1.976	2824500	5575934.00
2024/10/24	1.971	1.981	1.961	1.969	3017147	5937290.50
2024/10/25	1.969	1.976	1.965	1.974	3272843	6439335.50
2024/10/28	1.974	1.977	1.960	1.964	3164750	6215754.00
2024/10/29	1.964	1.967	1.955	1.961	4314458	8450526.00
2024/10/30	1.951	1.960	1.933	1.940	8260843	16062374.00
2024/10/31	1.940	1.944	1.922	1.944	6081014	11754455.00
2024/11/01	1.942	1.947	1.934	1.937	3599240	6984865.50
2024/11/04	1.936	1.958	1.929	1.958	1720462	3340998.50
2024/11/05	1.958	1.972	1.948	1.970	2577633	5052207.50
2024/11/06	1.969	1.973	1.963	1.970	2511691	4946905.50
2024/11/07	1.970	1.971	1.960	1.967	1854760	3646099.75
2024/11/08	1.967	1.972	1.960	1.969	2558830	5033827.00
2024/11/11	1.969	1.981	1.961	1.980	1248961	2454728.50
2024/11/12	1.980	1.984	1.970	1.980	8333905	16489952.00
2024/11/13	1.979	1.986	1.963	1.984	4528768	8929620.00
2024/11/14	1.984	2.024	1.978	2.018	4850428	9672891.00
2024/11/15	2.013	2.015	1.990	1.997	4464133	8928232.00
2024/11/18	1.997	1.998	1.981	1.993	4448544	8857825.00
2024/11/19	1.995	1.999	1.968	1.999	5207848	10303817.00
2024/11/20	1.992	2.011	1.987	1.999	2208465	4409736.50
2024/11/21	1.999	2.006	1.985	2.000	3356013	6695181.50
2024/11/22	1.999	2.004	1.989	1.994	2142118	4271843.50
2024/11/25	1.993	2.000	1.975	1.982	1259940	2495515.00
2024/11/26	1.982	1.982	1.964	1.968	3421647	6743069.00
2024/11/27	1.968	1.978	1.962	1.977	3240080	6379469.00
2024/11/28	1.964	1.978	1.964	1.967	3545435	6975772.00
2024/11/29	1.967	1.970	1.961	1.965	3443132	6767735.50
2024/12/02	1.964	1.971	1.961	1.970	987403	1942530.75
2024/12/03	1.965	1.979	1.961	1.975	1328965	2623537.25
2024/12/04	1.975	1.989	1.971	1.978	3693409	7304820.00
2024/12/05	1.978	1.980	1.966	1.972	2879679	5683178.50
2024/12/06	1.972	1.972	1.958	1.972	4348396	8542865.00
2024/12/09	1.967	1.975	1.954	1.970	7718913	15162403.00
2024/12/10	1.961	1.982	1.961	1.978	7296550	14382301.00
2024/12/11	1.975	1.986	1.968	1.985	7688378	15214127.00
2024/12/12	1.985	2.015	1.978	2.014	12033418	24036040.00
2024/12/13	2.014	2.031	2.007	2.017	11334242	22854730.00
2024/12/16	2.017	2.026	2.009	2.020	5800070	11693862.00
2024/12/17	2.018	2.027	1.990	2.000	4910192	9860294.00
2024/12/18	1.976	1.978	1.942	1.954	5671452	11087899.00
2024/12/19	1.954	1.978	1.944	1.978	7011968	13677790.00
2024/12/20	1.974	1.988	1.971	1.986	3592324	7119700.50
2024/12/23	1.986	1.987	1.974	1.986	3123505	6195605.50
2024/12/24	1.984	1.992	1.966	1.985	2409789	4768944.00
2024/12/25	1.984	2.018	1.980	2.014	3879774	7752241.00
2024/12/26	2.014	2.029	2.007	2.014	5205854	10509197.00
2024/12/27	2.013	2.052	2.004	2.049	7459200	15153126.00
2024/12/30	2.047	2.058	2.034	2.050	7088356	14545448.00
2024/12/31	2.049	2.051	2.013	2.019	6255020	12693210.00
2025/01/02	2.017	2.039	2.007	2.026	5264463	10663882.00
2025/01/03	2.025	2.071	2.021	2.056	8384965	17280340.00
2025/01/06	2.064	2.080	2.060	2.080	7321536	15136883.00
2025/01/07	2.079	2.079	2.041	2.068	6831528	14109208.00
2025/01/08	2.064	2.088	2.059	2.086	6357323	13220523.00
2025/01/09	2.086	2.127	2.080	2.123	8201280	17357772.00
2025/01/10	2.120	2.190	2.086	2.175	14009371	30292000.00
2025/01/13	2.175	2.192	2.144	2.162	7856386	17054526.00
2025/01/14	2.158	2.160	2.109	2.124	6351811	13490487.00
2025/01/15	2.121	2.176	2.111	2.171	6804957	14635869.00
2025/01/16	2.161	2.184	2.131	2.172	7551764	16345474.00
2025/01/17	2.170	2.185	2.156	2.175	3407578	7403385.00
2025/01/20	2.175	2.178	2.160	2.168	1650060	3579985.00
2025/01/21	2.164	2.175	2.146	2.171	3275746	7079325.50
2025/01/22	2.171	2.182	2.150	2.173	8736045	18908064.00
2025/01/23	2.174	2.194	2.152	2.193	7317509	15916745.00
2025/01/24	2.182	2.218	2.181	2.206	5439716	12001239.00
2025/01/27	2.206	2.248	2.198	2.240	1221545	2729526.25
2025/02/05	2.238	2.250	2.213	2.239	3036132	6761761.50
2025/02/06	2.236	2.239	2.211	2.236	6451580	14324802.00
2025/02/07	2.224	2.224	2.206	2.221	7712662	17113356.00
2025/02/10	2.214	2.281	2.205	2.277	8233197	18497866.00
2025/02/11	2.277	2.368	2.276	2.353	11553804	26907230.00
2025/02/12	2.370	2.376	2.291	2.300	7204801	16951200.00
2025/02/13	2.294	2.294	2.220	2.260	9662534	21843138.00
2025/02/14	2.245	2.332	2.236	2.312	7854095	18022672.00
2025/02/17	2.340	2.353	2.298	2.352	7873550	18383064.00
2025/02/18	2.352	2.368	2.327	2.348	9640644	22597114.00
2025/02/19	2.341	2.357	2.319	2.357	7797437	18203934.00
2025/02/20	2.357	2.357	2.293	2.348	11715783	27183524.00
2025/02/21	2.342	2.367	2.322	2.342	6267294	14704698.00
2025/02/24	2.337	2.348	2.273	2.294	7955887	18378894.00
2025/02/25	2.291	2.304	2.230	2.273	8046335	18208884.00
2025/02/26	2.269	2.286	2.249	2.264	8111900	18367090.00
2025/02/27	2.260	2.260	2.221	2.243	7183946	16087711.00
2025/02/28	2.239	2.239	2.200	2.227	6893349	15300568.00
2025/03/03	2.227	2.286	2.224	2.275	6018240	13540165.00
2025/03/04	2.275	2.312	2.265	2.300	13475460	30797516.00
2025/03/05	2.300	2.310	2.279	2.304	6905733	15876273.00
2025/03/06	2.303	2.307	2.272	2.303	7532016	17241742.00
2025/03/07	2.303	2.310	2.263	2.293	4734282	10780231.00
2025/03/10	2.292	2.314	2.278	2.300	8518247	19586130.00
2025/03/11	2.299	2.310	2.281	2.308	3195889	7331493.00
2025/03/12	2.307	2.308	2.280	2.290	4791067	10974110.00
2025/03/13	2.290	2.299	2.280	2.296	4025421	9223260.00
2025/03/14	2.292	2.308	2.277	2.307	4147113	9509328.00
2025/03/17	2.314	2.314	2.295	2.301	3580989	8244036.00
2025/03/18	2.294	2.309	2.294	2.303	2826157	6502712.00
2025/03/19	2.300	2.345	2.300	2.344	4934011	11447572.00
2025/03/20	2.341	2.350	2.327	2.349	3567928	8352474.00
2025/03/21	2.349	2.354	2.311	2.339	6028603	14028951.00
2025/03/24	2.330	2.353	2.323	2.337	4948301	11562200.00
2025/03/25	2.338	2.341	2.327	2.330	4615573	10775079.00
2025/03/26	2.327	2.339	2.299	2.328	5716780	13217952.00
2025/03/27	2.328	2.333	2.299	2.329	8978099	20793920.00
2025/03/28	2.328	2.350	2.317	2.337	10353895	24128452.00
2025/03/31	2.340	2.341	2.309	2.320	7101442	16510614.00
2025/04/01	2.320	2.320	2.278	2.286	6390216	14679409.00
2025/04/02	2.284	2.315	2.278	2.310	4937947	11370713.00
2025/04/03	2.307	2.325	2.297	2.308	5499140	12676966.00
2025/04/07	2.305	2.305	2.245	2.291	3428619	7781668.00
2025/04/08	2.290	2.290	2.222	2.243	11323227	25476830.00
2025/04/09	2.229	2.243	2.166	2.188	11297954	24730128.00
2025/04/10	2.200	2.208	2.179	2.206	6750861	14793958.00
2025/04/11	2.206	2.244	2.198	2.236	5869639	13092419.00
2025/04/14	2.227	2.250	2.213	2.242	7197391	16032534.00
2025/04/15	2.242	2.276	2.230	2.264	7975286	17972308.00
2025/04/16	2.264	2.290	2.255	2.287	3573558	8153964.50
2025/04/17	2.286	2.343	2.275	2.316	11034190	25496874.00
2025/04/18	2.315	2.315	2.286	2.299	8900710	20502108.00
2025/04/21	2.299	2.311	2.276	2.305	5174912	11885317.00
2025/04/22	2.309	2.310	2.250	2.269	9515419	21616988.00
2025/04/23	2.269	2.289	2.230	2.246	4638070	10526338.00
2025/04/24	2.243	2.265	2.201	2.220	3850292	8588659.00
2025/04/25	2.207	2.207	2.166	2.178	5321068	11600601.00
2025/04/28	2.178	2.190	2.130	2.138	8381096	17973654.00
2025/04/29	2.137	2.148	2.112	2.120	11842056	25179852.00
2025/04/30	2.122	2.155	2.112	2.142	6213662	13205531.00
2025/05/06	2.146	2.193	2.139	2.173	4007718	8684999.00
2025/05/07	2.173	2.204	2.157	2.200	4528748	9873188.00
2025/05/08	2.202	2.208	2.169	2.177	5703891	12420902.00
2025/05/09	2.174	2.174	2.134	2.150	3887614	8354078.50
2025/05/12	2.150	2.180	2.117	2.175	3672091	7928693.00
2025/05/13	2.178	2.180	2.166	2.171	4210371	9150415.00
2025/05/14	2.169	2.178	2.165	2.173	2106046	4573751.00
2025/05/15	2.172	2.174	2.165	2.172	1928391	4184647.75
2025/05/16	2.172	2.185	2.165	2.181	2714101	5915661.50
2025/05/19	2.180	2.186	2.165	2.166	1785958	3885923.75
2025/05/20	2.166	2.177	2.154	2.159	2573581	5574731.50
2025/05/21	2.159	2.220	2.159	2.217	5973974	13156309.00
2025/05/22	2.217	2.217	2.170	2.179	3946567	8638285.00
2025/05/23	2.186	2.186	2.169	2.169	2080654	4520378.50
2025/05/26	2.173	2.179	2.165	2.172	2150105	4668070.50
2025/05/27	2.169	2.172	2.142	2.148	4767342	10296118.00
2025/05/28	2.150	2.168	2.143	2.161	3701621	7970485.50
2025/05/29	2.160	2.173	2.141	2.159	5006303	10780855.00
2025/05/30	2.152	2.165	2.135	2.145	3876135	8329388.00
2025/06/03	2.145	2.145	2.126	2.128	5707609	12180748.00
2025/06/04	2.128	2.141	2.128	2.134	5718019	12194118.00
2025/06/05	2.126	2.156	2.126	2.155	3657128	7832010.50
2025/06/06	2.155	2.158	2.124	2.150	11774640	25119314.00
2025/06/09	2.144	2.152	2.125	2.149	4039548	8628806.00
2025/06/10	2.148	2.166	2.137	2.159	2870609	6196107.50
2025/06/11	2.157	2.185	2.152	2.182	9748795	21195676.00
2025/06/12	2.182	2.182	2.166	2.174	2286447	4968897.50
2025/06/13	2.174	2.204	2.168	2.196	6064480	13284896.00
2025/06/16	2.196	2.212	2.183	2.198	4537530	9979786.00
2025/06/17	2.192	2.201	2.180	2.185	2389285	5244973.50
2025/06/18	2.175	2.205	2.175	2.205	1365004	2986492.50
2025/06/19	2.199	2.205	2.183	2.190	1182473	2592103.00
2025/06/20	2.190	2.205	2.181	2.204	1684037	3693871.25
2025/06/23	2.200	2.204	2.185	2.190	1443630	3166149.00
2025/06/24	2.190	2.197	2.149	2.182	3980746	8651105.00
2025/06/25	2.180	2.182	2.158	2.170	2744317	5943509.50
2025/06/26	2.166	2.180	2.157	2.169	2770146	6007320.50
2025/06/27	2.171	2.171	2.155	2.164	1138801	2460251.25
2025/06/30	2.161	2.161	2.147	2.153	1753782	3778959.75
2025/07/01	2.151	2.160	2.134	2.141	2979544	6391452.50
2025/07/02	2.141	2.168	2.141	2.164	4197193	9045601.00
2025/07/03	2.164	2.185	2.156	2.178	3758887	8179471.00
2025/07/04	2.178	2.189	2.172	2.188	2356737	5147636.50
2025/07/07	2.188	2.190	2.148	2.149	3445943	7458237.00
2025/07/08	2.149	2.149	2.140	2.145	3407183	7302390.00
2025/07/09	2.145	2.154	2.144	2.145	3720770	7989669.50
2025/07/10	2.146	2.156	2.142	2.145	1796653	3865761.25
2025/07/11	2.143	2.143	2.135	2.142	2073820	4437677.50
2025/07/14	2.140	2.145	2.118	2.128	3770328	8011389.50
2025/07/15	2.128	2.135	2.127	2.134	551023	1174946.50
2025/07/16	2.134	2.145	2.120	2.133	3272986	6988457.00
2025/07/17	2.133	2.133	2.096	2.117	12900417	27211182.00
2025/07/18	2.116	2.116	2.104	2.112	4181373	8812486.00
2025/07/21	2.110	2.110	2.092	2.100	5117399	10748883.00
2025/07/22	2.100	2.100	2.080	2.090	6445645	13477057.00
2025/07/23	2.083	2.093	2.080	2.090	5277310	11007966.00
2025/07/24	2.090	2.098	2.082	2.096	3728535	7806547.00
2025/07/25	2.097	2.106	2.096	2.100	1881133	3948016.75
2025/07/28	2.100	2.104	2.092	2.100	1763915	3701504.50
2025/07/29	2.100	2.103	2.083	2.094	2322905	4859058.50
2025/07/30	2.094	2.100	2.085	2.095	3317596	6934791.50
2025/07/31	2.095	2.098	2.079	2.090	3021585	6313151.50
2025/08/01	2.090	2.093	2.081	2.087	3290063	6866022.50
2025/08/04	2.087	2.089	2.079	2.082	3228355	6721441.00
2025/08/05	2.083	2.088	2.077	2.082	8655396	18016988.00
2025/08/06	2.083	2.084	2.072	2.081	6331319	13147779.00
2025/08/07	2.081	2.089	2.070	2.088	7865929	16351834.00
2025/08/08	2.088	2.089	2.077	2.083	2173655	4525219.50
2025/08/11	2.081	2.086	2.073	2.079	3565741	7405415.00
2025/08/12	2.079	2.083	2.071	2.080	1978842	4111444.50
2025/08/13	2.079	2.081	2.071	2.079	5043144	10474516.00
2025/08/14	2.079	2.079	2.068	2.070	3859128	7991817.50
2025/08/15	2.070	2.075	2.048	2.057	9729904	20049496.00
2025/08/18	2.055	2.056	1.970	2.024	21398908	43120492.00
2025/08/19	2.024	2.025	2.010	2.018	5310348	10709105.00
2025/08/20	2.018	2.026	2.011	2.019	3034771	6128442.00
2025/08/21	2.019	2.025	2.002	2.020	3149390	6341489.50
2025/08/22	2.020	2.024	2.016	2.024	1125454	2275026.25
2025/08/25	2.021	2.024	2.015	2.024	3577911	7224377.50
2025/08/26	2.026	2.068	2.022	2.066	6796692	13874927.00
2025/08/27	2.056	2.069	2.055	2.060	2942086	6063540.50
2025/08/28	2.060	2.065	2.040	2.057	3407669	6985255.00
2025/08/29	2.053	2.058	2.031	2.035	3224134	6568276.50
2025/09/01	2.033	2.044	2.021	2.026	3587181	7267987.00
2025/09/02	2.026	2.036	2.021	2.031	7507424	15237778.00
2025/09/03	2.036	2.037	2.027	2.030	4009918	8143759.50
2025/09/04	2.030	2.053	2.026	2.042	4957686	10112058.00
2025/09/05	2.042	2.050	2.028	2.035	5061485	10320232.00
2025/09/08	2.028	2.035	2.022	2.025	3222790	6528647.00
2025/09/09	2.030	2.059	2.025	2.039	8373512	17077996.00
2025/09/10	2.039	2.046	2.020	2.029	7670107	15590043.00
2025/09/11	2.029	2.036	2.021	2.027	2588100	5243893.00
2025/09/12	1.989	1.989	1.984	1.987	2550560	5067113.00
2025/09/15	1.987	1.992	1.987	1.990	4353995	8662313.00
2025/09/16	1.990	1.996	1.987	1.990	2780357	5535585.00
2025/09/17	1.989	1.998	1.986	1.998	1920377	3823044.50
2025/09/18	1.998	2.000	1.986	1.994	6975675	13905187.00
2025/09/19	1.992	2.004	1.982	2.002	5575907	11148415.00
2025/09/22	2.003	2.005	1.990	1.998	1152624	2298477.00
2025/09/23	1.998	2.003	1.988	2.000	1125292	2241317.25
2025/09/24	1.997	1.998	1.986	1.996	1104258	2198128.25
2025/09/25	1.995	1.995	1.980	1.990	2567504	5097921.00
2025/09/26	1.988	1.998	1.988	1.995	2583722	5151404.50
2025/09/29	1.995	1.996	1.990	1.993	1319007	2629146.50
2025/09/30	1.992	1.997	1.988	1.993	2978137	5940165.00
2025/10/09	1.992	1.993	1.979	1.984	3148245	6257985.00
2025/10/10	1.984	1.985	1.980	1.985	1255384	2489972.00
2025/10/13	1.984	1.989	1.978	1.984	3389863	6724824.50
2025/10/14	1.983	1.989	1.980	1.984	3422135	6787216.50
2025/10/15	1.984	1.989	1.977	1.982	1087406	2157000.75
2025/10/16	1.981	1.986	1.976	1.982	3228431	6391187.00
2025/10/17	1.981	1.984	1.971	1.979	3152761	6236790.00
2025/10/20	1.979	1.982	1.945	1.959	7457249	14624727.00
2025/10/21	1.960	1.960	1.943	1.954	3705812	7221956.00
2025/10/22	1.956	1.961	1.930	1.954	5724044	11138395.00
2025/10/23	1.950	1.960	1.933	1.960	4822346	9362734.00
2025/10/24	1.959	1.965	1.954	1.962	3195269	6262041.50
2025/10/27	1.961	1.963	1.947	1.959	3165439	6182589.00
2025/10/28	1.958	1.965	1.950	1.960	4372307	8552844.00
2025/10/29	1.959	1.966	1.944	1.959	8170846	15965803.00
2025/10/30	1.957	1.957	1.934	1.950	7483587	14556872.00
2025/10/31	1.950	1.950	1.930	1.940	5399779	10481055.00
2025/11/03	1.940	1.940	1.908	1.917	3870695	7432588.50
2025/11/04	1.917	1.921	1.897	1.900	3774139	7186540.50
2025/11/05	1.900	1.910	1.891	1.908	4666509	8900945.00
2025/11/06	1.915	1.920	1.900	1.915	3472462	6640971.00
2025/11/07	1.915	1.930	1.915	1.924	1559032	2999588.75
2025/11/10	1.923	1.945	1.916	1.941	3193515	6169927.00
2025/11/11	1.946	1.946	1.927	1.935	2857030	5526412.00
2025/11/12	1.933	1.934	1.922	1.933	2989966	5769722.50
2025/11/13	1.931	1.940	1.925	1.939	1447019	2797675.50
2025/11/14	1.946	1.946	1.931	1.940	3205843	6230466.50
2025/11/18	1.940	1.942	1.925	1.931	1815704	3514601.50
2025/11/19	1.930	1.930	1.920	1.930	1743951	3357252.50
2025/11/20	1.930	1.932	1.920	1.927	1153696	2220702.50
2025/11/21	1.926	1.926	1.908	1.921	2103389	4027355.00
2025/11/24	1.917	1.921	1.903	1.913	1709089	3262719.00
2025/11/25	1.913	1.927	1.910	1.927	833940	1596350.88
2025/11/26	1.926	1.931	1.914	1.927	904955	1742801.13
2025/11/27	1.926	1.928	1.905	1.910	1285825	2461489.75
2025/11/28	1.911	1.915	1.902	1.915	1319513	2520583.25
2025/12/01	1.915	1.916	1.902	1.911	1324883	2527717.25
2025/12/02	1.908	1.911	1.902	1.911	1468240	2799658.25
2025/12/03	1.910	1.931	1.907	1.913	3739699	7157383.00
2025/12/04	1.914	1.920	1.909	1.916	6200605	11872582.00
2025/12/05	1.915	1.920	1.908	1.917	3361932	6425513.50
2025/12/08	1.918	1.919	1.913	1.918	1577535	3022782.25
2025/12/09	1.913	1.913	1.878	1.886	2139898	4045965.50
2025/12/10	1.883	1.893	1.878	1.891	2863760	5407062.00
2025/12/11	1.891	1.895	1.888	1.890	2316558	4382156.00
2025/12/12	1.890	1.891	1.882	1.889	4891155	9220225.00
2025/12/15	1.884	1.886	1.872	1.880	1561732	2934142.75
2025/12/16	1.880	1.882	1.871	1.879	903271	1693908.25
2025/12/17	1.876	1.882	1.862	1.872	1715097	3212186.75
2025/12/18	1.872	1.872	1.859	1.869	895912	1670498.75
2025/12/19	1.866	1.870	1.845	1.866	1736122	3221622.00
2025/12/22	1.860	1.863	1.849	1.858	4266819	7904117.50
2025/12/23	1.854	1.857	1.843	1.850	2239471	4142516.75
2025/12/24	1.850	1.892	1.847	1.885	3369792	6306983.00
2025/12/25	1.890	1.891	1.869	1.887	4534986	8525792.00
2025/12/26	1.886	1.886	1.866	1.875	2155080	4036347.25
2025/12/29	1.875	1.877	1.867	1.874	2206667	4136379.75
2025/12/30	1.874	1.875	1.863	1.871	3338529	6241379.50
2025/12/31	1.871	1.882	1.864	1.880	2207059	4125072.50
2026/01/05	1.880	1.909	1.876	1.905	1927282	3646637.50
2026/01/06	1.900	1.931	1.900	1.920	7540852	14460541.00
2026/01/07	1.917	1.936	1.912	1.935	3279023	6321900.00
2026/01/08	1.932	1.948	1.928	1.932	3958445	7667649.50
2026/01/09	1.932	1.938	1.918	1.930	3972466	7677326.50
2026/01/12	1.925	1.944	1.915	1.938	6319560	12226767.00
2026/01/13	1.938	1.946	1.923	1.938	7169829	13871215.00
2026/01/14	1.935	1.935	1.922	1.928	7289869	14053541.00
2026/01/15	1.928	1.928	1.920	1.925	2953569	5683257.00
2026/01/16	1.925	1.940	1.921	1.936	5803043	11207885.00
2026/01/19	1.937	1.944	1.933	1.943	7739384	15000529.00
2026/01/20	1.943	1.977	1.942	1.949	9901512	19389800.00
2026/01/21	1.949	1.965	1.939	1.961	7777431	15200456.00
2026/01/22	1.960	1.973	1.952	1.971	1739467	3409881.00
2026/01/23	1.971	1.975	1.947	1.952	8940337	17483522.00
2026/01/26	1.950	1.968	1.941	1.965	6713133	13120346.00
2026/01/27	1.965	1.978	1.952	1.964	5849162	11489204.00
2026/01/28	1.964	1.980	1.958	1.979	5164095	10162123.00
2026/01/29	1.980	2.046	1.973	2.041	12440106	25095124.00
2026/01/30	2.041	2.044	2.008	2.015	5807063	11800698.00
2026/02/02	2.003	2.017	1.976	1.994	4417780	8789860.00
2026/02/03	1.984	1.997	1.984	1.993	4584038	9131636.00
2026/02/04	1.993	2.022	1.993	2.017	4568194	9179241.00
2026/02/05	2.017	2.028	2.000	2.008	5375009	10792642.00
2026/02/06	2.009	2.020	1.991	1.994	5914692	11822337.00
2026/02/09	1.993	1.993	1.972	1.980	3192172	6316698.00
2026/02/10	1.980	1.995	1.974	1.993	3852063	7643615.00
2026/02/11	1.994	2.000	1.986	1.992	5530264	11011997.00
2026/02/12	1.996	2.000	1.991	1.999	1591827	3179650.75
2026/02/13	1.999	2.002	1.997	1.999	985109	1969143.38
2026/02/24	2.002	2.003	1.976	1.984	3985718	7922193.00
2026/02/25	1.984	1.994	1.979	1.993	990358	1969333.63
2026/02/26	1.992	1.992	1.980	1.986	979921	1943128.75
2026/02/27	1.982	1.991	1.980	1.981	1070251	2120988.25
2026/03/02	1.980	1.980	1.969	1.975	3542705	7000112.00
2026/03/03	1.971	1.982	1.970	1.975	2036472	4026281.00
2026/03/04	1.969	1.975	1.966	1.969	1964868	3869557.00
2026/03/05	1.968	1.977	1.965	1.977	362859	715214.00
2026/03/06	1.977	1.984	1.967	1.981	785504	1553195.63
2026/03/09	1.981	1.987	1.961	1.964	1481284	2915214.50
2026/03/10	1.964	1.980	1.961	1.976	1904365	3762097.75
2026/03/11	1.972	1.980	1.937	1.943	3967427	7722760.00
2026/03/12	1.943	1.943	1.900	1.910	4165341	7987150.00
2026/03/13	1.908	1.908	1.891	1.904	4563582	8668052.00
2026/03/16	1.901	1.904	1.890	1.894	2226508	4218611.00
2026/03/17	1.894	1.899	1.888	1.895	3740800	7088872.50
2026/03/18	1.893	1.902	1.888	1.895	1423467	2699615.25
2026/03/19	1.895	1.900	1.884	1.887	646558	1222458.00
2026/03/20	1.887	1.891	1.883	1.885	1464395	2762027.00
2026/03/23	1.882	1.882	1.870	1.871	1201419	2248075.25
2026/03/24	1.871	1.880	1.868	1.877	1121792	2102600.50
2026/04/03	1.879	1.897	1.878	1.896	1439013	2709619.25
#Ъ§ОнРДдД:ЭЈДяаХ
