180605 ТЧ·Ѕґп»ЄНюКРіЎRE ИХПЯ І»ёґИЁ
      ИХЖЪ	    їЄЕМ	    ЧоёЯ	    ЧоµН	    КХЕМ	    іЙЅ»Бї	    іЙЅ»¶о
2025/01/24	3.935	3.935	3.935	3.935	6773818	26654974.00
2025/01/27	4.329	4.329	4.150	4.244	17439204	74327432.00
2025/02/05	4.200	4.253	4.160	4.250	5509695	23256502.00
2025/02/06	4.215	4.305	4.196	4.288	9082958	38481420.00
2025/02/07	4.287	4.315	4.254	4.308	6527823	28045648.00
2025/02/10	4.308	4.358	4.280	4.357	5618141	24337736.00
2025/02/11	4.357	4.459	4.357	4.455	6404811	28346130.00
2025/02/12	4.455	4.460	4.410	4.460	7246063	32116386.00
2025/02/13	4.462	4.465	4.420	4.446	3219895	14327296.00
2025/02/14	4.446	4.450	4.391	4.446	3369350	14903240.00
2025/02/17	4.446	4.478	4.407	4.461	1411335	6284801.50
2025/02/18	4.444	4.500	4.440	4.474	720558	3226529.50
2025/02/19	4.455	4.492	4.430	4.482	1081269	4824821.00
2025/02/20	4.482	4.500	4.458	4.487	464792	2083837.63
2025/02/21	4.487	4.500	4.467	4.500	858506	3851622.75
2025/02/24	4.502	4.502	4.445	4.467	1373920	6139674.00
2025/02/25	4.460	4.500	4.378	4.440	1034702	4590895.50
2025/02/26	4.406	4.454	4.406	4.424	1576337	6996714.00
2025/02/27	4.424	4.424	4.371	4.411	1522428	6690992.00
2025/02/28	4.410	4.411	4.374	4.391	1061325	4667504.50
2025/03/03	4.391	4.418	4.377	4.406	696177	3067928.75
2025/03/04	4.407	4.431	4.407	4.426	1870018	8266793.00
2025/03/05	4.405	4.478	4.405	4.420	1227617	5441487.00
2025/03/06	4.420	4.431	4.401	4.410	666769	2943085.75
2025/03/07	4.411	4.451	4.377	4.399	1188711	5227099.50
2025/03/10	4.365	4.446	4.361	4.417	1590597	6992352.00
2025/03/11	4.420	4.420	4.361	4.388	540154	2370133.00
2025/03/12	4.395	4.448	4.361	4.380	933343	4094241.25
2025/03/13	4.361	4.403	4.360	4.368	797097	3483511.75
2025/03/14	4.368	4.425	4.365	4.425	1122545	4910039.50
2025/03/17	4.425	4.485	4.390	4.439	1706394	7590391.00
2025/03/18	4.441	4.464	4.430	4.448	697737	3102024.25
2025/03/19	4.426	4.490	4.426	4.449	1330608	5923932.50
2025/03/20	4.449	4.468	4.434	4.448	1737037	7722622.50
2025/03/21	4.450	4.488	4.402	4.434	765008	3388802.00
2025/03/24	4.434	4.449	4.400	4.416	1580624	6988007.00
2025/03/25	4.416	4.447	4.400	4.406	929723	4104879.25
2025/03/26	4.406	4.460	4.406	4.460	1320671	5847929.50
2025/03/27	4.438	4.481	4.417	4.453	1130488	5042555.50
2025/03/28	4.453	4.468	4.446	4.462	1215502	5416149.50
2025/03/31	4.431	4.482	4.417	4.433	532234	2364756.00
2025/04/01	4.433	4.460	4.405	4.418	439000	1944378.00
2025/04/02	4.418	4.492	4.410	4.469	949420	4221246.00
2025/04/03	4.434	4.583	4.434	4.554	783027	3555577.00
2025/04/07	4.550	4.550	4.479	4.540	802066	3621921.00
2025/04/08	4.540	4.540	4.490	4.527	299332	1350893.00
2025/04/09	4.527	4.540	4.475	4.500	338846	1528095.38
2025/04/10	4.495	4.621	4.452	4.540	202559	923549.38
2025/04/11	4.517	4.584	4.517	4.571	200344	916580.63
2025/04/14	4.541	4.644	4.541	4.635	431876	1994133.75
2025/04/15	4.612	4.700	4.612	4.650	708612	3297786.75
2025/04/16	4.650	4.682	4.643	4.660	370618	1727066.00
2025/04/17	4.629	4.784	4.629	4.759	1240895	5879817.50
2025/04/18	4.778	4.779	4.687	4.700	783402	3691914.00
2025/04/21	4.699	4.721	4.627	4.718	470834	2195441.00
2025/04/22	4.720	4.851	4.718	4.833	664544	3179512.00
2025/04/23	4.833	4.864	4.813	4.830	646251	3124613.50
2025/04/24	4.830	4.863	4.794	4.828	355379	1717628.63
2025/04/25	4.827	4.900	4.827	4.900	279160	1361096.63
2025/04/28	4.908	4.909	4.708	4.788	1714297	8193884.50
2025/04/29	4.716	4.845	4.716	4.798	665220	3187167.25
2025/04/30	4.797	4.856	4.797	4.852	1108415	5364754.00
2025/05/06	4.851	4.853	4.810	4.846	179606	869719.38
2025/05/07	4.846	4.978	4.846	4.949	1880936	9296831.00
2025/05/08	4.960	4.989	4.890	4.898	2423209	11916180.00
2025/05/09	4.898	4.957	4.898	4.904	1838127	9047961.00
2025/05/12	4.835	4.880	4.779	4.876	361711	1747512.88
2025/05/13	4.888	4.925	4.842	4.919	1352315	6607132.50
2025/05/14	4.910	5.046	4.910	5.009	1397923	6983766.50
2025/05/15	5.009	5.027	4.969	4.979	778208	3887371.50
2025/05/16	4.959	5.036	4.959	5.010	613590	3078873.50
2025/05/19	5.011	5.086	5.011	5.067	1157179	5858090.00
2025/05/20	5.068	5.210	5.068	5.188	1478703	7624866.50
2025/05/22	5.167	5.293	5.130	5.135	1295242	6726103.50
2025/05/23	5.140	5.140	5.078	5.098	1206702	6158270.00
2025/05/26	5.097	5.174	5.068	5.148	2332046	11967587.00
2025/05/27	5.169	5.212	5.071	5.105	1189993	6096875.50
2025/05/28	5.105	5.121	5.087	5.091	376648	1919749.88
2025/05/29	5.093	5.130	5.091	5.110	884405	4517885.00
2025/05/30	5.109	5.151	5.109	5.127	678006	3476328.00
2025/06/03	5.127	5.136	5.119	5.131	234608	1203916.63
2025/06/04	5.131	5.200	5.131	5.195	540013	2797844.00
2025/06/05	5.194	5.289	5.194	5.201	1119914	5890307.50
2025/06/06	5.201	5.288	5.127	5.166	1136002	5861434.50
2025/06/09	5.166	5.205	5.081	5.164	652602	3344171.25
2025/06/10	5.163	5.205	5.120	5.205	991592	5144252.00
2025/06/11	5.226	5.269	5.175	5.268	881707	4589350.00
2025/06/12	5.269	5.329	5.240	5.270	970902	5119084.50
2025/06/13	5.260	5.321	5.260	5.320	819992	4341138.00
2025/06/16	5.320	5.403	5.320	5.366	1232702	6620472.50
2025/06/17	5.367	5.410	5.260	5.360	1289400	6880712.00
2025/06/18	5.356	5.396	5.324	5.355	689300	3696296.00
2025/06/19	5.376	5.414	5.302	5.371	742635	3980061.75
2025/06/20	5.371	5.492	5.318	5.492	1183931	6404657.50
2025/06/23	5.493	5.622	5.493	5.620	862890	4814323.00
2025/06/24	5.620	5.732	5.428	5.500	1156935	6394722.00
2025/06/25	5.499	5.546	5.387	5.455	1064858	5840717.00
2025/06/26	5.448	5.536	5.400	5.404	791458	4305341.00
2025/06/27	5.404	5.404	5.280	5.280	915802	4866179.00
2025/06/30	5.280	5.355	5.261	5.325	1343070	7142718.00
2025/07/01	5.325	5.405	5.320	5.400	920848	4943426.50
2025/07/02	5.400	5.592	5.400	5.558	2051749	11372778.00
2025/07/03	5.556	5.600	5.556	5.560	1221877	6810609.00
2025/07/04	5.550	5.575	5.531	5.557	655900	3642457.50
2025/07/07	5.559	5.721	5.559	5.711	1595334	9035610.00
2025/07/08	5.765	5.765	5.570	5.599	1502396	8470851.00
2025/07/09	5.599	5.599	5.515	5.530	926648	5155512.50
2025/07/10	5.552	5.602	5.484	5.527	956301	5304362.00
2025/07/11	5.527	5.550	5.445	5.490	879908	4838433.00
2025/07/14	5.488	5.551	5.446	5.490	1450309	7968909.00
2025/07/15	5.491	5.558	5.400	5.558	718627	3928714.25
2025/07/16	5.558	5.569	5.503	5.549	663304	3675135.25
2025/07/17	5.527	5.592	5.510	5.549	633910	3519334.00
2025/07/18	5.549	5.565	5.511	5.511	661579	3660759.25
2025/07/21	5.511	5.518	5.405	5.420	1036628	5638830.00
2025/07/22	5.420	5.425	5.341	5.342	1059847	5727317.50
2025/07/23	5.338	5.338	5.183	5.284	3201699	16767095.00
2025/07/24	5.263	5.309	5.238	5.260	1383143	7269303.50
2025/07/25	5.250	5.270	5.203	5.227	1478100	7754714.50
2025/07/28	5.235	5.378	5.189	5.376	1954056	10460356.00
2025/07/29	5.375	5.410	5.312	5.330	1034682	5536302.00
2025/07/30	5.346	5.378	5.338	5.357	595659	3190100.25
2025/07/31	5.359	5.478	5.359	5.478	801627	4365584.00
2025/08/01	5.532	5.539	5.445	5.509	1114550	6120230.00
2025/08/04	5.509	5.568	5.483	5.500	1194158	6589440.00
2025/08/05	5.501	5.515	5.415	5.441	722100	3921991.00
2025/08/06	5.419	5.515	5.419	5.445	867468	4734055.00
2025/08/07	5.447	5.488	5.438	5.463	194702	1063668.13
2025/08/08	5.463	5.519	5.430	5.484	187575	1024963.19
2025/08/11	5.485	5.487	5.460	5.465	84111	460524.13
2025/08/12	5.465	5.556	5.436	5.458	176653	970300.31
2025/08/13	5.457	5.550	5.416	5.430	624744	3416402.25
2025/08/14	5.429	5.444	5.395	5.431	691564	3755720.50
2025/08/15	5.453	5.453	5.360	5.366	277014	1495890.13
2025/08/18	5.387	5.409	5.169	5.186	522123	2724966.50
2025/08/19	5.171	5.202	5.071	5.110	1667028	8523053.00
2025/08/20	5.141	5.202	5.070	5.110	1857178	9580742.00
2025/08/21	5.070	5.161	5.070	5.150	788182	4029020.75
2025/08/22	5.119	5.239	5.100	5.238	354243	1836368.50
2025/08/25	5.260	5.349	5.140	5.290	1104646	5840357.50
2025/08/26	5.271	5.433	5.258	5.389	1546400	8323283.50
2025/08/27	5.411	5.411	5.303	5.382	1193549	6410824.00
2025/08/28	5.381	5.382	5.342	5.343	486561	2605114.25
2025/08/29	5.375	5.398	5.248	5.360	910308	4867103.50
2025/09/01	5.345	5.448	5.335	5.336	908601	4852584.50
2025/09/02	5.368	5.380	5.336	5.350	643532	3446826.25
2025/09/03	5.351	5.370	5.329	5.355	225304	1205442.13
2025/09/04	5.356	5.432	5.355	5.398	678002	3658217.00
2025/09/05	5.400	5.465	5.366	5.385	425404	2303390.00
2025/09/08	5.383	5.486	5.270	5.372	271463	1455209.88
2025/09/09	5.373	5.477	5.297	5.389	362602	1944180.63
2025/09/10	5.388	5.434	5.380	5.380	854505	4602810.00
2025/09/11	5.432	5.435	5.271	5.414	47683	257820.75
2025/09/12	5.414	5.489	5.392	5.418	311904	1694160.88
2025/09/15	5.419	5.500	5.418	5.493	631240	3447340.50
2025/09/16	5.493	5.530	5.440	5.469	354202	1942982.75
2025/09/17	5.469	5.499	5.377	5.419	711407	3861097.50
2025/09/18	5.418	5.470	5.369	5.393	1674825	9028063.00
2025/09/19	5.393	5.434	5.356	5.434	417901	2259730.75
2025/09/22	5.434	5.526	5.407	5.456	686105	3748105.50
2025/09/23	5.456	5.489	5.405	5.434	255671	1389066.00
2025/09/24	5.432	5.558	5.354	5.393	369771	2000803.75
2025/09/25	5.400	5.500	5.373	5.373	247368	1333712.88
2025/09/26	5.373	5.382	5.322	5.323	144302	771373.75
2025/09/29	5.312	5.312	5.256	5.291	571702	3020801.75
2025/09/30	5.260	5.260	5.206	5.214	811700	4248315.00
2025/10/09	5.200	5.227	5.185	5.197	576266	2998232.00
2025/10/10	5.196	5.301	5.135	5.243	428508	2230461.00
2025/10/13	5.223	5.295	5.223	5.247	515380	2706584.50
2025/10/14	5.277	5.277	5.230	5.237	462314	2422451.25
2025/10/15	5.235	5.235	5.185	5.187	88451	460345.13
2025/10/16	5.218	5.290	5.113	5.131	781804	4022513.75
2025/10/17	5.144	5.226	5.050	5.139	571125	2909275.75
2025/10/20	5.113	5.201	5.110	5.110	300802	1539510.00
2025/10/21	5.141	5.189	5.079	5.080	695334	3538619.00
2025/10/22	5.080	5.134	5.050	5.100	492586	2513274.75
2025/10/23	5.109	5.159	5.069	5.114	746662	3833917.50
2025/10/24	5.164	5.269	5.084	5.240	517513	2700605.00
2025/10/27	5.240	5.269	5.214	5.250	780686	4092716.25
2025/10/28	5.267	5.345	5.189	5.345	577002	3059795.75
2025/10/29	5.333	5.418	5.240	5.405	405304	2180857.00
2025/10/30	5.409	5.433	5.318	5.388	733200	3955312.00
2025/10/31	5.381	5.381	5.317	5.324	182291	971246.00
2025/11/03	5.350	5.350	5.277	5.277	88600	470061.69
2025/11/04	5.285	5.288	5.222	5.226	234275	1225250.63
2025/11/05	5.257	5.355	5.201	5.225	330502	1727331.13
2025/11/06	5.203	5.262	5.203	5.234	103100	540920.63
2025/11/07	5.234	5.339	5.234	5.328	429851	2284451.00
2025/11/10	5.329	5.461	5.253	5.261	845875	4487893.00
2025/11/11	5.260	5.435	5.233	5.240	719420	3777635.50
2025/11/12	5.219	5.230	5.209	5.214	294810	1538192.25
2025/11/13	5.243	5.260	5.205	5.255	403397	2115352.50
2025/11/14	5.256	5.291	5.230	5.289	793897	4189634.00
2025/11/17	5.293	5.293	5.258	5.278	477004	2517742.75
2025/11/18	5.257	5.346	5.235	5.297	270400	1431179.50
2025/11/19	5.283	5.392	5.249	5.288	419902	2234862.00
2025/11/20	5.257	5.430	5.250	5.256	166451	877819.06
2025/11/21	5.225	5.293	5.225	5.250	411900	2167364.50
2025/11/24	5.251	5.351	5.184	5.215	645800	3372685.00
2025/11/25	5.190	5.279	5.167	5.258	945000	4936804.50
2025/11/26	5.259	5.349	5.229	5.290	830081	4393850.50
2025/11/27	5.291	5.380	5.242	5.260	291700	1545463.00
2025/11/28	5.261	5.324	5.232	5.247	391500	2054603.38
2025/12/01	5.249	5.285	5.197	5.199	232339	1212782.75
2025/12/02	5.199	5.204	5.186	5.191	51036	265100.28
2025/12/03	5.196	5.201	5.113	5.150	716900	3697229.75
2025/12/04	5.150	5.170	5.065	5.100	1024656	5213680.00
2025/12/05	5.100	5.123	5.050	5.076	2192100	11140896.00
2025/12/08	5.077	5.101	4.968	5.007	1342751	6771030.00
2025/12/09	5.007	5.060	4.980	5.030	540800	2709003.00
2025/12/10	5.000	5.098	4.963	5.076	642681	3257542.00
2025/12/11	5.076	5.149	5.076	5.099	347502	1778979.13
2025/12/12	5.101	5.237	5.101	5.145	639500	3294969.75
2025/12/15	5.124	5.179	5.092	5.110	250806	1284859.75
2025/12/16	5.113	5.198	5.046	5.060	419102	2140524.25
2025/12/17	5.061	5.097	4.971	5.030	486537	2436966.00
2025/12/18	4.989	5.028	4.966	4.979	1148622	5719724.00
2025/12/19	4.979	4.979	4.896	4.955	582442	2867996.50
2025/12/22	4.956	5.053	4.917	5.022	641797	3214703.75
2025/12/23	5.025	5.100	4.957	4.993	674700	3393916.75
2025/12/24	4.995	5.056	4.953	5.026	1748443	8775171.00
2025/12/25	5.029	5.116	5.026	5.045	1892631	9557104.00
2025/12/26	5.047	5.118	4.954	4.973	915700	4578137.50
2025/12/29	4.964	5.045	4.888	4.889	652100	3218723.25
2025/12/30	4.893	4.946	4.750	4.794	1619468	7792061.00
2025/12/31	4.795	4.832	4.741	4.760	1020602	4868268.00
2026/01/05	4.763	4.845	4.761	4.776	3070600	14669365.00
2026/01/06	4.777	4.913	4.765	4.899	2380606	11551637.00
2026/01/07	4.859	5.033	4.859	5.026	1739848	8686014.00
2026/01/08	5.030	5.142	5.006	5.137	992300	5069428.00
2026/01/09	5.135	5.195	5.115	5.133	1681502	8639254.00
2026/01/12	5.136	5.187	5.094	5.129	1367338	7015601.00
2026/01/13	5.089	5.130	5.010	5.054	1920008	9750771.00
2026/01/14	5.053	5.152	5.014	5.089	2169406	11067512.00
2026/01/15	5.089	5.157	5.001	5.038	1768802	8928949.00
2026/01/16	5.039	5.101	4.981	5.047	1022611	5150962.00
2026/01/19	5.016	5.094	4.990	5.094	1356932	6846179.50
2026/01/20	5.099	5.137	5.043	5.098	1800532	9192371.00
2026/01/21	5.103	5.167	5.038	5.149	1613115	8280408.00
2026/01/22	5.148	5.433	5.112	5.238	2472064	13101351.00
2026/01/23	5.198	5.325	5.198	5.239	1359900	7135674.00
2026/01/26	5.208	5.238	5.100	5.139	1530205	7891692.50
2026/01/27	5.136	5.145	5.081	5.135	2125509	10854499.00
2026/01/28	5.139	5.196	5.090	5.146	1262953	6503091.00
2026/01/29	5.149	5.268	5.149	5.243	2481506	12911351.00
2026/01/30	5.244	5.268	5.204	5.229	1472602	7720622.00
2026/02/02	5.226	5.228	4.990	5.121	10289138	51772776.00
2026/02/03	5.081	5.135	5.050	5.125	1684002	8611715.00
2026/02/04	5.094	5.125	5.094	5.115	2571004	13139692.00
2026/02/05	5.091	5.121	5.042	5.111	1491833	7589520.00
2026/02/06	5.071	5.119	5.071	5.100	891902	4544926.50
2026/02/09	5.100	5.113	5.013	5.100	1139842	5815263.50
2026/02/10	5.110	5.116	5.069	5.104	1704000	8692054.00
2026/02/11	5.120	5.199	5.104	5.190	1510200	7756570.50
2026/02/12	5.166	5.300	5.139	5.199	1115102	5792428.50
2026/02/13	5.197	5.280	5.189	5.226	858844	4490439.00
2026/02/24	5.228	5.280	5.171	5.191	1521348	7909241.00
2026/02/25	5.166	5.221	5.136	5.191	962804	4996423.00
2026/02/26	5.190	5.221	5.150	5.152	785604	4060322.50
2026/02/27	5.152	5.214	5.100	5.170	1174707	6070658.50
2026/03/02	5.141	5.210	5.131	5.167	1312197	6755421.00
2026/03/03	5.198	5.198	5.133	5.155	2855696	14700032.00
2026/03/04	5.159	5.166	5.078	5.090	2245600	11457831.00
2026/03/05	5.090	5.158	5.025	5.060	2093700	10582198.00
2026/03/06	5.023	5.150	4.984	5.093	2868272	14398271.00
2026/03/09	5.093	5.125	5.006	5.053	1529706	7714114.50
2026/03/10	5.013	5.116	5.004	5.066	1844602	9368704.00
2026/03/11	5.096	5.100	5.002	5.039	1378100	6932757.00
2026/03/12	5.060	5.080	4.990	5.024	1940609	9734617.00
2026/03/13	5.069	5.069	5.001	5.016	1479412	7427195.50
2026/03/16	5.055	5.055	4.946	4.998	1701502	8456933.00
2026/03/17	4.962	5.095	4.962	5.068	1339408	6767148.50
2026/03/18	5.079	5.109	4.971	5.090	1769077	8967651.00
2026/03/19	5.064	5.138	4.990	5.108	1195400	6096674.00
2026/03/20	5.107	5.113	5.033	5.063	786700	4004373.50
2026/03/23	5.077	5.098	5.024	5.040	602200	3031994.75
2026/03/24	5.140	5.140	5.020	5.058	1040444	5255750.00
2026/04/03	4.946	4.961	4.866	4.911	2074300	10162631.00
#КэѕЭАґФґ:НЁґпРЕ
