180606 中金中国绿发商业 日线 不复权
      日期	    开盘	    最高	    最低	    收盘	    成交量	    成交额
2025/06/27	4.108	4.108	4.108	4.108	1069697	4394315.50
2025/06/30	4.519	4.519	4.200	4.299	35015401	152033104.00
2025/07/01	4.298	4.298	4.229	4.246	13908529	59077564.00
2025/07/02	4.236	4.338	4.230	4.316	7164689	30747690.00
2025/07/03	4.317	4.367	4.278	4.330	6456593	27982250.00
2025/07/04	4.323	4.388	4.320	4.375	2609220	11379782.00
2025/07/07	4.375	4.424	4.375	4.380	1725056	7583464.00
2025/07/08	4.380	4.391	4.357	4.390	7065050	30906752.00
2025/07/09	4.390	4.406	4.371	4.387	2491539	10932329.00
2025/07/10	4.386	4.410	4.372	4.390	2635955	11586896.00
2025/07/11	4.390	4.420	4.372	4.419	6342144	27900318.00
2025/07/14	4.419	4.430	4.375	4.377	2605477	11457049.00
2025/07/15	4.378	4.402	4.351	4.391	5655609	24800886.00
2025/07/16	4.390	4.392	4.378	4.381	1605180	7038928.50
2025/07/17	4.381	4.415	4.370	4.384	4614751	20266298.00
2025/07/18	4.380	4.385	4.370	4.380	830667	3636889.75
2025/07/21	4.381	4.382	4.357	4.360	1041205	4542755.00
2025/07/22	4.350	4.360	4.303	4.304	1345176	5825828.00
2025/07/23	4.304	4.304	4.165	4.199	6177221	25998134.00
2025/07/24	4.199	4.199	4.138	4.161	4004645	16649272.00
2025/07/25	4.158	4.188	4.121	4.169	2514556	10437783.00
2025/07/28	4.171	4.225	4.171	4.208	3826720	16083714.00
2025/07/29	4.220	4.220	4.174	4.184	1263622	5299988.00
2025/07/30	4.171	4.220	4.150	4.204	2544005	10664234.00
2025/07/31	4.203	4.245	4.201	4.238	2005609	8477925.00
2025/08/01	4.221	4.272	4.210	4.250	2636745	11201221.00
2025/08/04	4.238	4.267	4.203	4.225	1289273	5465580.00
2025/08/05	4.212	4.241	4.146	4.230	1397181	5874876.50
2025/08/06	4.213	4.241	4.186	4.240	1693866	7150254.00
2025/08/07	4.239	4.239	4.214	4.231	1012692	4283036.00
2025/08/08	4.214	4.215	4.190	4.209	1032937	4337567.50
2025/08/11	4.193	4.200	4.170	4.182	564304	2360696.00
2025/08/12	4.179	4.205	4.170	4.194	1797889	7549236.00
2025/08/13	4.210	4.210	4.177	4.200	532677	2232237.00
2025/08/14	4.183	4.201	4.175	4.186	508681	2130236.50
2025/08/15	4.180	4.199	4.110	4.115	1541053	6372997.50
2025/08/18	4.130	4.130	3.980	3.980	2324582	9346294.00
2025/08/19	3.980	3.992	3.880	3.981	8093082	31679268.00
2025/08/20	3.930	4.028	3.930	3.980	2534896	10141309.00
2025/08/21	3.980	4.100	3.979	4.060	1760089	7140497.00
2025/08/22	4.065	4.065	4.037	4.044	804230	3251021.75
2025/08/25	4.040	4.116	4.011	4.109	868752	3537055.00
2025/08/26	4.105	4.147	4.105	4.133	1355953	5591216.00
2025/08/27	4.122	4.149	4.122	4.139	517553	2143998.50
2025/08/28	4.114	4.148	4.103	4.126	419251	1727897.50
2025/08/29	4.103	4.125	4.098	4.116	240098	985727.63
2025/09/01	4.129	4.129	4.080	4.082	672545	2752616.00
2025/09/02	4.071	4.111	4.060	4.100	473923	1938159.75
2025/09/03	4.101	4.124	4.072	4.124	665463	2725202.50
2025/09/04	4.122	4.140	4.108	4.132	754032	3113204.50
2025/09/05	4.132	4.137	4.100	4.127	797588	3284685.50
2025/09/08	4.124	4.127	4.042	4.090	1479194	6020777.50
2025/09/09	4.090	4.090	4.060	4.083	277254	1131005.88
2025/09/10	4.079	4.079	4.020	4.049	1210117	4889091.50
2025/09/11	4.046	4.046	4.012	4.031	1202536	4836879.00
2025/09/12	4.010	4.040	4.008	4.031	1097546	4418395.50
2025/09/15	4.010	4.060	4.007	4.048	974447	3940136.00
2025/09/16	4.049	4.062	4.020	4.024	531564	2144677.25
2025/09/17	4.023	4.025	3.984	4.015	1929593	7741568.50
2025/09/18	3.993	4.024	3.980	4.020	1291710	5168358.00
2025/09/19	4.021	4.028	4.012	4.020	297525	1195199.75
2025/09/22	4.021	4.022	3.991	4.012	323880	1299106.25
2025/09/23	3.991	4.022	3.990	4.017	120798	484036.88
2025/09/24	4.009	4.015	3.994	4.002	274488	1098981.25
2025/09/25	3.995	4.008	3.984	4.000	845564	3376904.75
2025/09/26	3.991	4.049	3.976	4.040	1468897	5924213.50
2025/09/29	4.016	4.040	4.010	4.011	292951	1175948.88
2025/09/30	4.001	4.008	3.992	3.996	225538	901811.88
2025/10/09	3.996	4.001	3.985	3.988	251904	1004727.88
2025/10/10	3.980	4.010	3.974	3.985	47963	191002.56
2025/10/13	3.982	4.016	3.977	4.007	417879	1672600.63
2025/10/14	4.000	4.009	3.975	3.980	590048	2355892.75
2025/10/15	4.003	4.004	3.966	3.966	309589	1230940.88
2025/10/16	3.975	3.975	3.940	3.951	391290	1545986.75
2025/10/17	3.939	3.956	3.924	3.955	749175	2944043.50
2025/10/20	3.964	3.964	3.894	3.908	869807	3399210.00
2025/10/21	3.902	3.950	3.890	3.950	1994469	7840887.00
2025/10/22	3.965	3.965	3.912	3.959	691710	2721267.00
2025/10/23	3.935	3.977	3.914	3.960	1440487	5697142.50
2025/10/24	3.970	3.984	3.936	3.980	251930	1001186.69
2025/10/27	3.956	3.995	3.956	3.972	276808	1098930.75
2025/10/28	3.952	4.044	3.952	4.044	1168337	4684616.00
2025/10/29	4.044	4.085	4.035	4.071	1952729	7952109.00
2025/10/30	4.075	4.095	4.050	4.085	921514	3763149.00
2025/10/31	4.086	4.086	4.045	4.045	208528	844698.63
2025/11/03	4.040	4.070	4.031	4.066	1470090	5961092.00
2025/11/04	4.042	4.065	4.007	4.023	678924	2733187.25
2025/11/05	4.002	4.036	4.000	4.030	634689	2554537.75
2025/11/06	4.037	4.039	4.011	4.016	313295	1258314.63
2025/11/07	4.038	4.038	4.008	4.029	335237	1350944.25
2025/11/10	4.009	4.060	4.009	4.045	565786	2287482.50
2025/11/11	4.043	4.080	4.043	4.069	1472732	5973624.00
2025/11/12	4.075	4.079	4.065	4.070	911701	3713739.00
2025/11/13	4.067	4.087	4.067	4.079	1048685	4273582.50
2025/11/14	4.069	4.100	4.069	4.096	705468	2888552.00
2025/11/17	4.080	4.153	4.080	4.143	1198858	4947853.50
2025/11/18	4.131	4.149	4.128	4.141	359682	1488276.88
2025/11/19	4.141	4.150	4.128	4.130	371367	1535396.25
2025/11/20	4.135	4.148	4.097	4.116	446643	1837278.75
2025/11/21	4.130	4.130	4.055	4.080	276122	1131261.63
2025/11/24	4.070	4.100	4.070	4.078	367642	1499418.25
2025/11/25	4.061	4.122	4.061	4.110	278611	1144572.38
2025/11/26	4.113	4.168	4.099	4.150	730657	3031139.00
2025/11/27	4.151	4.170	4.131	4.137	389743	1613238.75
2025/11/28	4.137	4.149	4.120	4.130	199100	821761.00
2025/12/01	4.111	4.130	4.083	4.086	209676	858457.38
2025/12/02	4.106	4.106	4.078	4.087	34400	140445.50
2025/12/03	4.077	4.100	4.065	4.086	198450	811430.44
2025/12/04	4.075	4.111	4.075	4.109	791107	3241330.50
2025/12/05	4.084	4.120	4.080	4.100	498531	2047511.13
2025/12/08	4.080	4.122	4.052	4.052	1042145	4268179.00
2025/12/09	4.052	4.085	4.041	4.042	798954	3236868.00
2025/12/10	4.048	4.089	4.048	4.077	179944	731777.38
2025/12/11	4.075	4.098	4.064	4.076	229913	937662.06
2025/12/12	4.089	4.106	4.083	4.100	143826	589171.00
2025/12/15	4.076	4.110	4.057	4.075	295248	1206486.88
2025/12/16	4.095	4.095	4.050	4.050	551509	2240337.75
2025/12/17	4.080	4.080	4.033	4.033	455087	1849302.50
2025/12/18	4.038	4.057	4.011	4.028	531635	2142995.25
2025/12/19	4.057	4.058	3.975	4.019	395720	1588339.00
2025/12/22	4.018	4.048	3.993	4.035	405405	1626845.63
2025/12/23	4.042	4.042	4.000	4.002	597615	2393937.25
2025/12/24	3.993	4.125	3.985	4.123	585755	2388739.25
2025/12/25	4.123	4.200	4.119	4.150	1638478	6845046.50
2025/12/26	4.151	4.151	4.121	4.138	284899	1177479.25
2025/12/29	4.125	4.125	4.092	4.112	281519	1156365.38
2025/12/30	4.093	4.116	4.034	4.095	715807	2914822.50
2025/12/31	4.085	4.150	4.045	4.150	1557655	6375188.00
2026/01/05	4.148	4.179	4.095	4.178	1437195	5975338.00
2026/01/06	4.138	4.223	4.138	4.220	3922032	16438086.00
2026/01/07	4.219	4.228	4.184	4.218	3378750	14219056.00
2026/01/08	4.198	4.249	4.183	4.249	2361060	9935548.00
2026/01/09	4.213	4.266	4.200	4.259	938762	3983334.75
2026/01/12	4.259	4.264	4.200	4.249	1331314	5658554.50
2026/01/13	4.237	4.283	4.210	4.250	1117947	4754343.00
2026/01/14	4.265	4.270	4.224	4.244	536859	2282366.00
2026/01/15	4.233	4.250	4.215	4.241	327219	1383236.75
2026/01/16	4.235	4.249	4.216	4.243	398925	1692597.25
2026/01/19	4.220	4.264	4.220	4.260	661344	2810591.25
2026/01/20	4.247	4.275	4.247	4.268	2015663	8577767.00
2026/01/21	4.268	4.343	4.245	4.332	1317573	5672904.00
2026/01/22	4.335	4.362	4.295	4.320	3935242	17054246.00
2026/01/23	4.299	4.320	4.287	4.288	1922883	8272101.50
2026/01/26	4.263	4.284	4.209	4.261	1082800	4602417.50
2026/01/27	4.235	4.270	4.235	4.259	1025183	4362102.00
2026/01/28	4.235	4.284	4.235	4.250	1183588	5057258.00
2026/01/29	4.239	4.311	4.239	4.278	704072	3019768.50
2026/01/30	4.277	4.284	4.240	4.248	1752517	7453029.00
2026/02/02	4.226	4.226	4.138	4.155	2054215	8536355.00
2026/02/03	4.171	4.225	4.126	4.224	1131885	4734376.00
2026/02/04	4.201	4.249	4.201	4.246	443495	1878198.50
2026/02/05	4.221	4.235	4.215	4.235	93645	395452.03
2026/02/06	4.221	4.229	4.207	4.219	148803	627555.75
2026/02/09	4.185	4.210	4.141	4.189	241170	1011771.13
2026/02/10	4.167	4.283	4.167	4.273	729553	3060370.00
2026/02/11	4.273	4.299	4.253	4.275	185465	793270.06
2026/02/12	4.250	4.298	4.250	4.285	139626	598331.31
2026/02/13	4.251	4.325	4.251	4.290	386401	1661891.00
2026/02/24	4.277	4.288	4.248	4.253	237300	1012611.81
2026/02/25	4.265	4.265	4.236	4.250	235101	998935.06
2026/02/26	4.261	4.261	4.189	4.208	540929	2275056.50
2026/02/27	4.187	4.208	4.172	4.188	461180	1934889.75
2026/03/02	4.158	4.199	4.106	4.169	1153101	4775088.00
2026/03/03	4.144	4.219	4.144	4.201	486697	2045220.63
2026/03/04	4.170	4.200	4.156	4.165	387767	1621874.00
2026/03/05	4.144	4.197	4.139	4.156	334477	1393367.13
2026/03/06	4.150	4.150	4.117	4.124	626723	2584688.75
2026/03/09	4.107	4.107	4.049	4.062	733398	2984144.75
2026/03/10	4.033	4.171	4.033	4.098	842200	3477616.00
2026/03/11	4.073	4.130	4.073	4.120	619109	2546876.00
2026/03/12	4.097	4.147	4.081	4.099	1092449	4479265.00
2026/03/13	4.083	4.134	4.060	4.128	442388	1811907.50
2026/03/16	4.088	4.144	4.088	4.117	336589	1383719.63
2026/03/17	4.097	4.160	4.097	4.136	733739	3025459.75
2026/03/18	4.097	4.194	4.097	4.128	689892	2865269.25
2026/03/19	4.097	4.167	4.097	4.127	417815	1725036.75
2026/03/20	4.098	4.165	4.098	4.107	116335	480815.38
2026/03/23	4.107	4.119	4.074	4.086	1424043	5829668.50
2026/03/24	4.113	4.148	4.072	4.086	448100	1831923.75
2026/04/03	3.933	3.933	3.905	3.913	425928	1668779.38
#数据来源:通达信
