180602 ЦРҪрУЎБҰПы·СREIT ИХПЯ І»ёҙИЁ
      ИХЖЪ	    ҝӘЕМ	    ЧоёЯ	    ЧоөН	    КХЕМ	    іЙҪ»Бҝ	    іЙҪ»¶о
2024/04/30	3.261	3.264	3.162	3.260	10179953	32846158.00
2024/05/06	3.225	3.225	3.180	3.199	2986266	9558066.00
2024/05/07	3.190	3.195	3.170	3.187	3404945	10848524.00
2024/05/08	3.185	3.185	3.170	3.175	2677930	8512239.00
2024/05/09	3.172	3.195	3.170	3.185	2766585	8801561.00
2024/05/10	3.184	3.225	3.175	3.220	2505031	8052589.00
2024/05/13	3.223	3.262	3.223	3.259	12760668	41589536.00
2024/05/14	3.260	3.260	3.246	3.258	5185727	16891774.00
2024/05/15	3.260	3.260	3.230	3.256	1255982	4088921.00
2024/05/16	3.241	3.258	3.232	3.240	1295802	4212132.00
2024/05/17	3.240	3.249	3.201	3.236	2616756	8466983.00
2024/05/20	3.201	3.238	3.201	3.216	1288973	4149909.25
2024/05/21	3.216	3.230	3.201	3.230	1250796	4020685.75
2024/05/22	3.229	3.236	3.210	3.220	726171	2338114.25
2024/05/23	3.202	3.220	3.185	3.190	1836916	5864891.50
2024/05/24	3.180	3.222	3.166	3.208	1433898	4603067.00
2024/05/27	3.207	3.222	3.206	3.222	1548107	4975982.50
2024/05/28	3.220	3.236	3.184	3.236	2477825	7995002.50
2024/05/29	3.236	3.236	3.205	3.221	3475987	11204363.00
2024/05/30	3.221	3.222	3.202	3.203	1898681	6096841.00
2024/05/31	3.242	3.242	3.203	3.223	949296	3057041.25
2024/06/03	3.212	3.229	3.204	3.220	597438	1921830.13
2024/06/04	3.220	3.225	3.205	3.224	1129846	3640816.00
2024/06/05	3.209	3.225	3.209	3.213	2045864	6592381.50
2024/06/06	3.213	3.220	3.202	3.216	1263431	4060182.25
2024/06/07	3.204	3.223	3.204	3.218	1259099	4050004.75
2024/06/11	3.205	3.218	3.205	3.213	2629112	8452293.00
2024/06/12	3.206	3.223	3.206	3.209	1192080	3825244.00
2024/06/13	3.206	3.220	3.203	3.209	1309700	4205611.50
2024/06/14	3.200	3.211	3.200	3.206	808500	2592749.25
2024/06/17	3.205	3.216	3.200	3.203	2766300	8870062.00
2024/06/18	3.201	3.210	3.197	3.205	1626382	5206945.50
2024/06/19	3.197	3.207	3.194	3.201	1445830	4628168.50
2024/06/20	3.201	3.202	3.191	3.199	1215346	3888245.50
2024/06/21	3.190	3.207	3.190	3.206	2037042	6523308.50
2024/06/24	3.206	3.211	3.199	3.206	715664	2294441.50
2024/06/25	3.201	3.209	3.193	3.202	1786698	5725626.50
2024/06/26	3.191	3.203	3.191	3.201	1583081	5064558.00
2024/06/27	3.194	3.209	3.194	3.207	2325400	7449534.00
2024/06/28	3.204	3.210	3.175	3.206	1743300	5573457.50
2024/07/01	3.194	3.206	3.186	3.193	2049308	6546516.00
2024/07/02	3.171	3.204	3.171	3.196	2127800	6806613.00
2024/07/03	3.196	3.200	3.178	3.195	1409950	4506165.50
2024/07/04	3.182	3.195	3.182	3.192	1187782	3785668.25
2024/07/05	3.173	3.201	3.173	3.189	295082	941321.44
2024/07/08	3.174	3.191	3.170	3.174	1738762	5517099.50
2024/07/09	3.170	3.183	3.150	3.167	1151700	3644659.50
2024/07/10	3.158	3.172	3.154	3.166	132653	419806.53
2024/07/11	3.194	3.268	3.150	3.159	2358688	7451889.50
2024/07/12	3.150	3.180	3.145	3.146	1181663	3723296.25
2024/07/15	3.140	3.150	3.136	3.149	380197	1195909.25
2024/07/16	3.185	3.185	3.145	3.149	427700	1349188.25
2024/07/17	3.149	3.149	3.140	3.147	491988	1546537.00
2024/07/18	3.141	3.148	3.135	3.146	730764	2296212.25
2024/07/19	3.140	3.151	3.140	3.149	1455451	4573416.00
2024/07/22	3.144	3.149	3.135	3.148	633800	1992492.00
2024/07/23	3.145	3.154	3.134	3.144	943882	2967922.50
2024/07/24	3.141	3.149	3.136	3.149	1458119	4579708.00
2024/07/25	3.149	3.149	3.140	3.140	829700	2607135.25
2024/07/26	3.140	3.162	3.140	3.156	2153063	6793565.50
2024/07/29	3.156	3.168	3.142	3.166	1780400	5630236.50
2024/07/30	3.190	3.199	3.169	3.179	2142564	6825356.00
2024/07/31	3.195	3.205	3.157	3.175	1223900	3884528.75
2024/08/01	3.187	3.198	3.156	3.160	1618000	5149903.00
2024/08/02	3.187	3.187	3.150	3.155	1051191	3319755.75
2024/08/05	3.175	3.175	3.151	3.160	1800330	5686812.50
2024/08/06	3.161	3.179	3.155	3.178	2370817	7505842.00
2024/08/07	3.178	3.299	3.170	3.286	7825537	25536208.00
2024/08/08	3.279	3.351	3.246	3.280	4883477	16171320.00
2024/08/09	3.201	3.300	3.200	3.274	3491861	11433016.00
2024/08/12	3.240	3.279	3.240	3.268	1847200	6036715.00
2024/08/13	3.203	3.277	3.203	3.257	2545008	8304070.00
2024/08/14	3.250	3.280	3.250	3.260	730000	2382953.00
2024/08/15	3.265	3.265	3.212	3.220	1511700	4892587.50
2024/08/16	3.220	3.261	3.200	3.259	2122400	6862993.50
2024/08/19	3.254	3.263	3.210	3.238	1642400	5333886.50
2024/08/20	3.240	3.258	3.190	3.194	3692882	11818340.00
2024/08/21	3.210	3.210	3.187	3.188	1504300	4800055.00
2024/08/22	3.212	3.222	3.189	3.200	451900	1447466.50
2024/08/23	3.200	3.243	3.182	3.210	983782	3149646.25
2024/08/26	3.200	3.232	3.188	3.210	900600	2897328.00
2024/08/27	3.188	3.221	3.188	3.211	1478300	4753461.00
2024/08/28	3.193	3.222	3.193	3.201	1135700	3635350.25
2024/08/29	3.199	3.224	3.175	3.195	1715900	5480420.00
2024/08/30	3.193	3.200	3.184	3.190	1299500	4144992.25
2024/09/02	3.218	3.218	3.189	3.193	458900	1467096.88
2024/09/03	3.193	3.209	3.190	3.198	991300	3170555.50
2024/09/04	3.179	3.204	3.179	3.197	1326582	4241770.00
2024/09/05	3.209	3.209	3.197	3.198	938400	3003410.75
2024/09/06	3.210	3.290	3.210	3.230	4118885	13388446.00
2024/09/09	3.227	3.258	3.205	3.224	993237	3200253.00
2024/09/10	3.219	3.227	3.208	3.219	987800	3179023.75
2024/09/11	3.183	3.200	3.179	3.179	536864	1709695.00
2024/09/12	3.179	3.200	3.170	3.175	644900	2049197.63
2024/09/13	3.175	3.199	3.175	3.178	327017	1039208.44
2024/09/18	3.174	3.188	3.150	3.161	512600	1621585.38
2024/09/19	3.160	3.175	3.136	3.140	992882	3126995.50
2024/09/20	3.140	3.167	3.131	3.142	893500	2808667.50
2024/09/23	3.178	3.178	3.125	3.127	652795	2045074.25
2024/09/24	3.119	3.179	3.119	3.168	3864182	12190706.00
2024/09/25	3.190	3.190	3.138	3.159	1618251	5113110.00
2024/09/26	3.155	3.185	3.155	3.178	1496099	4752106.50
2024/09/27	3.180	3.202	3.146	3.191	2172699	6945019.50
2024/09/30	3.191	3.195	3.134	3.180	1256114	3983975.00
2024/10/08	3.181	3.215	3.181	3.210	1913085	6112411.00
2024/10/09	3.203	3.203	3.178	3.190	1070963	3412868.75
2024/10/10	3.161	3.220	3.161	3.179	690782	2196798.00
2024/10/11	3.179	3.207	3.152	3.190	438400	1398651.63
2024/10/14	3.177	3.195	3.177	3.187	667909	2130907.00
2024/10/15	3.177	3.197	3.177	3.187	523099	1667018.88
2024/10/16	3.180	3.200	3.176	3.194	602642	1923592.13
2024/10/17	3.190	3.200	3.180	3.190	618800	1974037.25
2024/10/18	3.190	3.200	3.179	3.191	679212	2167004.50
2024/10/21	3.191	3.199	3.185	3.197	620400	1981055.00
2024/10/22	3.195	3.228	3.195	3.197	414335	1324902.63
2024/10/23	3.196	3.207	3.182	3.188	964700	3081781.50
2024/10/24	3.180	3.195	3.169	3.179	1008700	3211057.50
2024/10/25	3.182	3.193	3.180	3.188	1113064	3549069.00
2024/10/28	3.208	3.208	3.168	3.191	336582	1074866.88
2024/10/29	3.185	3.200	3.180	3.180	1107900	3526774.00
2024/10/30	3.184	3.191	3.170	3.187	881500	2807931.50
2024/10/31	3.185	3.216	3.181	3.212	848782	2722490.00
2024/11/01	3.215	3.222	3.196	3.208	677482	2169468.50
2024/11/04	3.208	3.217	3.195	3.204	552764	1770559.50
2024/11/05	3.215	3.215	3.191	3.206	692600	2222053.25
2024/11/06	3.224	3.224	3.190	3.210	1110326	3562009.00
2024/11/07	3.191	3.220	3.191	3.209	780500	2503793.00
2024/11/08	3.209	3.210	3.176	3.209	1420635	4543409.50
2024/11/11	3.215	3.215	3.180	3.203	820408	2623898.00
2024/11/12	3.190	3.224	3.186	3.219	2790363	8974707.00
2024/11/13	3.201	3.234	3.201	3.224	703172	2266873.00
2024/11/14	3.230	3.230	3.190	3.200	695400	2228141.50
2024/11/15	3.196	3.240	3.188	3.203	534400	1708152.25
2024/11/18	3.203	3.227	3.188	3.211	2419100	7773652.50
2024/11/19	3.220	3.227	3.194	3.210	1639500	5270914.50
2024/11/20	3.188	3.219	3.188	3.200	1164244	3726313.25
2024/11/21	3.219	3.219	3.191	3.205	1322264	4234085.00
2024/11/22	3.205	3.205	3.192	3.200	1533100	4906744.50
2024/11/25	3.190	3.201	3.167	3.180	1248400	3968227.75
2024/11/26	3.170	3.185	3.168	3.180	1821700	5786874.50
2024/11/27	3.178	3.199	3.171	3.189	518700	1652662.75
2024/11/28	3.200	3.200	3.174	3.188	351900	1119054.75
2024/11/29	3.193	3.193	3.182	3.190	26600	84856.70
2024/12/02	3.207	3.210	3.178	3.210	1293464	4133286.50
2024/12/03	3.181	3.212	3.181	3.211	400566	1283223.38
2024/12/04	3.212	3.215	3.195	3.208	447400	1434068.75
2024/12/05	3.184	3.208	3.170	3.202	1644182	5253410.00
2024/12/06	3.206	3.228	3.206	3.226	1105634	3561915.00
2024/12/09	3.233	3.233	3.206	3.216	1261382	4055713.50
2024/12/10	3.210	3.231	3.210	3.231	4129800	13303296.00
2024/12/11	3.180	3.271	3.170	3.250	3547007	11427958.00
2024/12/12	3.253	3.286	3.246	3.285	9154612	29948238.00
2024/12/13	3.285	3.288	3.245	3.270	4112217	13455396.00
2024/12/16	3.260	3.276	3.233	3.276	8737782	28509482.00
2024/12/17	3.270	3.330	3.267	3.329	12997314	43078760.00
2024/12/18	3.329	3.347	3.266	3.287	5356246	17714086.00
2024/12/19	3.257	3.270	3.225	3.233	3147100	10208051.00
2024/12/20	3.209	3.266	3.204	3.220	3309708	10656995.00
2024/12/23	3.218	3.269	3.218	3.235	3464725	11210400.00
2024/12/24	3.215	3.334	3.215	3.261	1790400	5809216.00
2024/12/25	3.261	3.282	3.242	3.281	1477807	4813423.50
2024/12/26	3.269	3.315	3.231	3.283	2780259	9112378.00
2024/12/27	3.266	3.322	3.246	3.320	4871409	16127071.00
2024/12/30	3.319	3.337	3.280	3.336	1161146	3846655.75
2024/12/31	3.339	3.363	3.289	3.346	1800350	5975649.50
2025/01/02	3.333	3.445	3.308	3.420	7417846	25101316.00
2025/01/03	3.426	3.520	3.385	3.513	5437805	19036220.00
2025/01/06	3.515	3.567	3.478	3.510	2641127	9288367.00
2025/01/07	3.510	3.549	3.447	3.464	1434800	4996690.50
2025/01/08	3.463	3.528	3.446	3.520	1215982	4233744.50
2025/01/09	3.530	3.619	3.530	3.595	1867734	6691880.00
2025/01/10	3.584	3.588	3.519	3.575	5828000	20758798.00
2025/01/13	3.543	3.560	3.520	3.532	3933646	13944214.00
2025/01/14	3.529	3.532	3.430	3.485	2010300	7029344.50
2025/01/15	3.488	3.517	3.478	3.491	1545900	5409056.00
2025/01/16	3.499	3.499	3.400	3.400	11972500	40944672.00
2025/01/17	3.397	3.397	3.240	3.365	14633834	48434348.00
2025/01/20	3.330	3.435	3.312	3.429	2841253	9602476.00
2025/01/21	3.401	3.508	3.401	3.439	2866900	9900602.00
2025/01/22	3.410	3.515	3.410	3.515	5750200	20113604.00
2025/01/23	3.513	3.619	3.513	3.575	4141416	14840888.00
2025/01/24	3.575	3.685	3.575	3.684	1920227	7004825.00
2025/01/27	3.680	3.790	3.648	3.790	2146745	8055873.50
2025/02/05	3.790	3.975	3.749	3.935	2943244	11377594.00
2025/02/06	3.935	3.958	3.881	3.946	3147617	12393935.00
2025/02/07	3.909	3.947	3.909	3.931	3418534	13458680.00
2025/02/10	3.897	3.930	3.897	3.919	4036300	15823925.00
2025/02/11	3.900	4.129	3.877	4.098	7848729	31729188.00
2025/02/12	4.148	4.148	4.052	4.097	3073082	12551107.00
2025/02/13	4.081	4.507	3.986	4.020	3740663	15119042.00
2025/02/14	4.020	4.052	3.978	4.051	2213982	8904646.00
2025/02/17	4.011	4.068	4.011	4.058	3201018	12965160.00
2025/02/18	4.063	4.072	4.028	4.036	2832945	11484299.00
2025/02/19	4.021	4.056	3.980	4.054	2586882	10433507.00
2025/02/20	4.054	4.100	4.020	4.100	1801800	7328168.00
2025/02/21	4.060	4.149	4.060	4.109	1788470	7351539.00
2025/02/24	4.105	4.149	4.060	4.060	1576300	6437919.50
2025/02/25	4.060	4.100	3.988	4.024	2957951	11975457.00
2025/02/26	3.984	4.050	3.984	4.026	1857700	7503325.00
2025/02/27	4.074	4.074	3.990	3.996	2281982	9149250.00
2025/02/28	3.995	3.995	3.916	3.933	2363672	9295012.00
2025/03/03	3.972	4.000	3.890	3.900	2511935	9858748.00
2025/03/04	3.925	3.925	3.891	3.901	2772800	10822817.00
2025/03/05	3.951	3.951	3.890	3.923	1698653	6654884.50
2025/03/06	3.902	3.933	3.855	3.897	2256782	8778728.00
2025/03/07	3.859	3.897	3.830	3.855	3635198	14011086.00
2025/03/10	3.855	3.899	3.845	3.853	3906300	15061679.00
2025/03/11	3.889	3.889	3.830	3.837	2092182	8022626.00
2025/03/12	3.859	3.859	3.824	3.839	1119700	4296015.00
2025/03/13	3.849	3.870	3.839	3.866	1763982	6801519.00
2025/03/14	3.866	3.953	3.850	3.950	2285982	8849792.00
2025/03/17	3.952	4.018	3.951	3.976	3862400	15336972.00
2025/03/18	3.966	4.015	3.939	3.960	3400200	13459720.00
2025/03/19	3.960	3.964	3.940	3.950	1532900	6060795.00
2025/03/20	3.968	3.968	3.917	3.930	1392800	5491300.50
2025/03/21	3.930	3.930	3.894	3.906	1039400	4061120.25
2025/03/24	3.906	3.933	3.900	3.910	1150700	4509254.50
2025/03/25	3.919	3.949	3.919	3.932	1461900	5752268.00
2025/03/26	3.951	3.952	3.932	3.940	2044300	8045616.50
2025/03/27	3.941	3.971	3.930	3.950	4161500	16434208.00
2025/03/28	3.970	4.073	3.970	4.000	1774164	7108025.50
2025/03/31	4.001	4.040	3.994	4.005	3505600	14032219.00
2025/04/01	4.000	4.030	3.965	3.988	1364300	5437007.50
2025/04/02	3.950	3.995	3.942	3.993	894100	3548040.75
2025/04/03	3.993	4.069	3.961	4.069	1261162	5091697.00
2025/04/07	4.069	4.151	4.014	4.029	1341300	5400150.50
2025/04/08	4.029	4.060	3.995	4.018	1610000	6473900.50
2025/04/09	4.078	4.078	3.900	4.017	1263462	5056155.50
2025/04/10	4.024	4.058	3.997	4.049	993700	3992313.00
2025/04/11	4.069	4.085	4.049	4.076	675400	2749942.75
2025/04/14	4.050	4.120	4.036	4.118	1112800	4556470.00
2025/04/15	4.118	4.176	4.118	4.168	798282	3315383.50
2025/04/16	4.174	4.202	4.151	4.198	1530600	6417627.50
2025/04/17	4.204	4.270	4.186	4.244	1024000	4346946.00
2025/04/18	4.248	4.286	4.188	4.205	1845317	7793496.50
2025/04/21	4.205	4.260	4.119	4.240	827382	3428726.00
2025/04/22	4.225	4.290	4.225	4.282	833063	3553218.75
2025/04/23	4.291	4.291	4.222	4.227	2781799	11860782.00
2025/04/24	4.210	4.250	4.189	4.226	878700	3708836.50
2025/04/25	4.243	4.260	4.200	4.209	1750900	7385969.50
2025/04/28	4.199	4.199	4.131	4.163	1674045	6958745.00
2025/04/29	4.160	4.200	4.159	4.189	189000	792164.38
2025/04/30	4.202	4.239	4.160	4.218	1173800	4947741.00
2025/05/06	4.234	4.234	4.193	4.202	701400	2943348.25
2025/05/07	4.228	4.258	4.165	4.242	1917900	8114367.50
2025/05/08	4.210	4.233	4.180	4.180	1736878	7277012.00
2025/05/09	4.180	4.237	4.180	4.215	1225349	5166403.00
2025/05/12	4.200	4.258	4.187	4.240	1795900	7603774.00
2025/05/13	4.257	4.270	4.201	4.208	3289000	13881842.00
2025/05/14	4.207	4.300	4.205	4.300	3601882	15395093.00
2025/05/15	4.317	4.360	4.242	4.270	2421382	10346458.00
2025/05/16	4.253	4.321	4.253	4.321	2292000	9845968.00
2025/05/19	4.338	4.370	4.310	4.361	2225490	9677423.00
2025/05/20	4.378	4.399	4.355	4.399	3743200	16360967.00
2025/05/21	4.399	4.420	4.363	4.404	1977000	8690838.00
2025/05/22	4.404	4.404	4.360	4.385	1679400	7349346.00
2025/05/23	4.385	4.420	4.384	4.400	2669000	11745545.00
2025/05/26	4.418	4.436	4.380	4.400	1526182	6704173.00
2025/05/27	4.416	4.416	4.363	4.370	352300	1540390.75
2025/05/28	4.353	4.369	4.352	4.367	691782	3014708.25
2025/05/29	4.367	4.379	4.347	4.354	542600	2367685.25
2025/05/30	4.337	4.354	4.314	4.350	1403800	6082928.50
2025/06/03	4.350	4.364	4.311	4.345	925000	3998713.00
2025/06/04	4.345	4.350	4.317	4.349	716182	3104380.25
2025/06/05	4.349	4.413	4.340	4.360	1686400	7360060.00
2025/06/06	4.374	4.446	4.315	4.342	1461300	6361276.50
2025/06/09	4.340	4.401	4.325	4.383	550655	2405432.00
2025/06/10	4.401	4.428	4.350	4.385	1075800	4716300.50
2025/06/11	4.398	4.403	4.359	4.383	2898200	12710377.00
2025/06/12	4.383	4.394	4.365	4.382	1035500	4536047.00
2025/06/13	4.393	4.393	4.371	4.381	639700	2803679.75
2025/06/16	4.391	4.434	4.370	4.408	991300	4362175.00
2025/06/17	4.407	4.431	4.378	4.395	1308300	5759899.50
2025/06/18	4.395	4.445	4.390	4.427	1116000	4942658.50
2025/06/19	4.427	4.461	4.427	4.446	2793745	12423809.00
2025/06/20	4.457	4.470	4.440	4.457	595145	2649378.25
2025/06/23	4.492	4.545	4.445	4.468	1096200	4900987.00
2025/06/24	4.466	4.490	4.335	4.416	2122410	9355693.00
2025/06/25	4.398	4.449	4.380	4.409	1308363	5766239.00
2025/06/26	4.409	4.409	4.353	4.379	916700	4019330.50
2025/06/27	4.397	4.415	4.348	4.374	678600	2956904.75
2025/06/30	4.357	4.370	4.340	4.360	1194245	5206776.50
2025/07/01	4.360	4.409	4.350	4.409	435896	1911004.63
2025/07/02	4.427	4.450	4.403	4.440	844601	3745995.25
2025/07/03	4.450	4.498	4.393	4.427	1368200	6074501.00
2025/07/04	4.427	4.427	4.368	4.390	885900	3902077.00
2025/07/07	4.375	4.405	4.353	4.390	447300	1962074.63
2025/07/08	4.417	4.417	4.330	4.391	2813127	12298270.00
2025/07/09	4.373	4.391	4.356	4.386	957900	4197648.50
2025/07/10	4.368	4.392	4.339	4.385	992300	4333894.00
2025/07/11	4.367	4.398	4.367	4.380	694700	3042295.25
2025/07/14	4.362	4.400	4.360	4.375	509500	2226250.50
2025/07/15	4.360	4.410	4.317	4.401	1637700	7183018.50
2025/07/16	4.408	4.408	4.396	4.400	971800	4278542.00
2025/07/17	4.412	4.412	4.389	4.397	784700	3451007.25
2025/07/18	4.400	4.407	4.395	4.397	1025400	4511321.00
2025/07/21	4.390	4.398	4.374	4.390	1221800	5352916.00
2025/07/22	4.379	4.390	4.367	4.385	2454400	10744159.00
2025/07/23	4.360	4.400	4.280	4.385	3592864	15524242.00
2025/07/24	4.367	4.367	4.293	4.350	1872900	8112742.50
2025/07/25	4.333	4.363	4.301	4.319	1899800	8195617.50
2025/07/28	4.308	4.384	4.302	4.374	4005106	17316722.00
2025/07/29	4.379	4.379	4.295	4.333	1820500	7865073.00
2025/07/30	4.316	4.370	4.315	4.361	682000	2957359.75
2025/07/31	4.361	4.487	4.361	4.474	2876100	12688446.00
2025/08/01	4.457	4.457	4.421	4.450	719500	3191728.75
2025/08/04	4.448	4.449	4.390	4.416	374800	1654040.50
2025/08/05	4.434	4.466	4.370	4.410	1211300	5318375.00
2025/08/06	4.423	4.423	4.389	4.409	3350300	14734272.00
2025/08/07	4.406	4.440	4.391	4.439	384300	1702169.00
2025/08/08	4.450	4.450	4.401	4.440	1371800	6068403.50
2025/08/11	4.440	4.440	4.413	4.425	280000	1238469.75
2025/08/12	4.407	4.415	4.386	4.410	1852400	8164653.00
2025/08/13	4.392	4.450	4.374	4.449	1571500	6931803.50
2025/08/14	4.460	4.477	4.449	4.466	1176200	5243459.00
2025/08/15	4.484	4.500	4.396	4.428	2471227	10917826.00
2025/08/18	4.429	4.429	4.293	4.336	1796200	7771662.00
2025/08/19	4.291	4.291	4.260	4.281	1237500	5294679.50
2025/08/20	4.282	4.320	4.265	4.283	2301000	9867122.00
2025/08/21	4.317	4.326	4.287	4.326	1334764	5744213.50
2025/08/22	4.300	4.360	4.300	4.347	253982	1102841.38
2025/08/25	4.340	4.470	4.340	4.441	846200	3713920.25
2025/08/26	4.459	4.550	4.450	4.474	2550500	11460374.00
2025/08/27	4.545	4.545	4.422	4.452	475500	2122835.75
2025/08/28	4.425	4.455	4.413	4.430	416500	1849762.13
2025/08/29	4.422	4.456	4.403	4.454	504000	2237960.25
2025/09/01	4.481	4.805	4.440	4.450	843500	3758835.25
2025/09/02	4.477	4.490	4.451	4.489	1169400	5230032.00
2025/09/03	4.487	4.579	4.450	4.529	441400	1991632.00
2025/09/04	4.547	4.569	4.534	4.561	1091653	4978107.00
2025/09/05	4.570	4.588	4.534	4.552	1489338	6787099.50
2025/09/08	4.532	4.552	4.490	4.504	657300	2972010.50
2025/09/09	4.497	4.531	4.497	4.520	87100	393336.50
2025/09/10	4.547	4.580	4.481	4.499	337200	1525389.13
2025/09/11	4.499	4.521	4.449	4.476	287800	1285995.88
2025/09/12	4.476	4.493	4.461	4.470	211545	945844.75
2025/09/15	4.469	4.512	4.469	4.500	1665000	7479069.00
2025/09/16	4.527	4.543	4.461	4.472	395100	1774740.75
2025/09/17	4.486	4.495	4.470	4.471	364500	1632583.25
2025/09/18	4.488	4.491	4.435	4.450	551700	2453445.25
2025/09/19	4.423	4.466	4.411	4.460	708000	3158420.00
2025/09/22	4.487	4.509	4.415	4.435	789300	3492744.75
2025/09/23	4.434	4.465	4.408	4.438	87700	388875.59
2025/09/24	4.438	4.450	4.426	4.450	265382	1176194.25
2025/09/25	4.472	4.520	4.435	4.436	1212700	5391771.00
2025/09/26	4.436	4.486	4.423	4.452	950732	4223251.00
2025/09/29	4.452	4.452	4.425	4.426	218300	968936.19
2025/09/30	4.427	4.440	4.408	4.408	327500	1448365.75
2025/10/09	4.382	4.419	4.369	4.380	309289	1357355.13
2025/10/10	4.380	4.420	4.360	4.362	625101	2732968.75
2025/10/13	4.360	4.407	4.283	4.395	686309	2990917.50
2025/10/14	4.370	4.385	4.356	4.382	1269600	5537641.00
2025/10/15	4.383	4.383	4.353	4.361	1882400	8212942.00
2025/10/16	4.372	4.423	4.341	4.360	2245600	9786701.00
2025/10/17	4.386	4.400	4.325	4.334	521500	2264459.25
2025/10/20	4.359	4.386	4.280	4.294	1924700	8297408.00
2025/10/21	4.320	4.342	4.272	4.292	2743400	11780180.00
2025/10/22	4.309	4.310	4.250	4.282	1904500	8141436.00
2025/10/23	4.270	4.294	4.235	4.248	3710582	15798920.00
2025/10/24	4.256	4.341	4.223	4.285	411632	1768295.88
2025/10/27	4.285	4.330	4.259	4.281	631533	2712709.75
2025/10/28	4.281	4.370	4.256	4.351	1356100	5900161.00
2025/10/29	4.336	4.475	4.336	4.474	3633327	16130325.00
2025/10/30	4.470	4.487	4.430	4.442	1394000	6194522.00
2025/10/31	4.451	4.469	4.402	4.450	2075300	9220288.00
2025/11/03	4.477	4.500	4.420	4.432	3299200	14683025.00
2025/11/04	4.405	4.450	4.354	4.385	1422900	6249645.50
2025/11/05	4.407	4.469	4.280	4.340	3331618	14576778.00
2025/11/06	4.314	4.445	4.301	4.334	1685500	7345195.50
2025/11/07	4.332	4.500	4.332	4.392	1208066	5317635.50
2025/11/10	4.418	4.500	4.361	4.485	2419400	10784674.00
2025/11/11	4.485	4.540	4.445	4.452	2160845	9666163.00
2025/11/12	4.450	4.450	4.408	4.428	1712600	7575281.00
2025/11/13	4.416	4.429	4.401	4.411	377900	1668838.13
2025/11/14	4.407	4.442	4.372	4.410	2028600	8966288.00
2025/11/17	4.410	4.480	4.370	4.408	269800	1189042.38
2025/11/18	4.410	4.444	4.388	4.388	1634800	7195033.50
2025/11/19	4.383	4.442	4.348	4.374	1259600	5520282.50
2025/11/20	4.348	4.429	4.329	4.348	1519900	6620677.50
2025/11/21	4.373	4.386	4.322	4.348	1019100	4427251.50
2025/11/24	4.340	4.370	4.308	4.343	1492551	6471627.00
2025/11/25	4.369	4.440	4.311	4.420	1684582	7318089.00
2025/11/26	4.400	4.411	4.368	4.375	2522200	11068805.00
2025/11/27	4.375	4.375	4.170	4.259	11200400	47651184.00
2025/11/28	4.209	4.258	4.170	4.258	4480900	18894312.00
2025/12/01	4.254	4.265	4.170	4.265	324900	1381216.38
2025/12/02	4.239	4.265	4.225	4.250	1073900	4566316.50
2025/12/03	4.258	4.298	4.215	4.250	2314600	9841458.00
2025/12/04	4.250	4.360	4.210	4.245	2155382	9151788.00
2025/12/05	4.220	4.345	4.205	4.237	1657200	7038803.00
2025/12/08	4.212	4.262	4.114	4.195	2022100	8487749.00
2025/12/09	4.190	4.228	4.163	4.196	459400	1919351.50
2025/12/10	4.195	4.212	4.168	4.212	2069982	8672291.00
2025/12/11	4.214	4.214	4.173	4.178	1447100	6058198.00
2025/12/12	4.178	4.230	4.162	4.207	704900	2970238.00
2025/12/15	4.167	4.219	4.165	4.202	285900	1200924.88
2025/12/16	4.201	4.269	4.170	4.200	215200	900154.50
2025/12/17	4.260	4.269	4.170	4.208	1894000	7936367.50
2025/12/18	4.200	4.214	4.178	4.190	267800	1124830.25
2025/12/19	4.227	4.227	4.130	4.169	999600	4154446.50
2025/12/22	4.129	4.189	4.129	4.160	520800	2168179.25
2025/12/23	4.122	4.159	4.038	4.059	1576600	6418455.50
2025/12/24	4.059	4.184	4.058	4.180	1677400	6957219.00
2025/12/25	4.180	4.250	4.170	4.210	2062551	8693169.00
2025/12/26	4.210	4.218	4.170	4.196	1892700	7947882.50
2025/12/29	4.200	4.200	4.165	4.169	1622500	6772678.00
2025/12/30	4.169	4.248	4.129	4.170	803319	3365112.75
2025/12/31	4.250	4.250	4.127	4.157	914000	3801364.50
2026/01/05	4.199	4.200	4.121	4.187	2556800	10684551.00
2026/01/06	4.150	4.275	4.150	4.220	2845200	12017739.00
2026/01/07	4.278	4.279	4.184	4.222	8432700	35530328.00
2026/01/08	4.210	4.221	4.171	4.194	5175200	21745550.00
2026/01/09	4.199	4.214	4.170	4.197	2252600	9443982.00
2026/01/12	4.197	4.197	4.169	4.197	2432900	10178811.00
2026/01/13	4.158	4.215	4.158	4.169	2744757	11466300.00
2026/01/14	4.169	4.207	4.157	4.187	2089057	8748794.00
2026/01/15	4.187	4.204	4.158	4.161	2633126	10965772.00
2026/01/16	4.161	4.198	4.149	4.170	2018700	8406808.00
2026/01/19	4.170	4.175	4.130	4.139	4337100	18041888.00
2026/01/20	4.139	4.180	4.120	4.169	1983600	8262961.50
2026/01/21	4.169	4.245	4.165	4.178	5138700	21567568.00
2026/01/22	4.177	4.296	4.157	4.294	6000700	25455108.00
2026/01/23	4.290	4.384	4.255	4.356	6885200	29967784.00
2026/01/26	4.356	4.379	4.316	4.360	12709022	55347548.00
2026/01/27	4.334	4.380	4.294	4.365	2886200	12540819.00
2026/01/28	4.370	4.390	4.327	4.365	3030600	13246314.00
2026/01/29	4.387	4.405	4.365	4.395	1013200	4446701.00
2026/01/30	4.395	4.405	4.318	4.344	2042400	8933332.00
2026/02/02	4.342	4.342	4.204	4.247	3173593	13457241.00
2026/02/03	4.235	4.287	4.235	4.273	415500	1777589.50
2026/02/04	4.295	4.295	4.222	4.245	5712718	24224670.00
2026/02/05	4.240	4.255	4.180	4.209	5628800	23698698.00
2026/02/06	4.205	4.205	4.170	4.185	5587500	23416812.00
2026/02/09	4.185	4.190	4.162	4.185	2925800	12227740.00
2026/02/10	4.186	4.196	4.161	4.188	3515500	14690047.00
2026/02/11	4.199	4.233	4.170	4.188	3664824	15422088.00
2026/02/12	4.213	4.213	4.166	4.180	3411300	14249424.00
2026/02/13	4.184	4.226	4.164	4.224	893900	3760629.25
2026/02/24	4.223	4.259	4.180	4.201	4543900	19068092.00
2026/02/25	4.187	4.214	4.170	4.205	1593300	6697193.00
2026/02/26	4.200	4.235	4.200	4.217	483282	2035543.25
2026/02/27	4.193	4.238	4.193	4.220	2032100	8558442.00
2026/03/02	4.220	4.226	4.161	4.192	2676300	11207766.00
2026/03/03	4.190	4.218	4.170	4.200	2513500	10543718.00
2026/03/04	4.198	4.226	4.151	4.179	1415000	5905210.00
2026/03/05	4.192	4.200	4.139	4.191	589100	2466855.25
2026/03/06	4.200	4.200	4.152	4.169	930300	3872249.25
2026/03/09	4.147	4.169	4.142	4.162	1028300	4277716.50
2026/03/10	4.162	4.207	4.160	4.169	2830700	11824668.00
2026/03/11	4.192	4.192	4.151	4.173	845400	3521984.00
2026/03/12	4.173	4.185	4.161	4.164	797600	3323038.00
2026/03/13	4.162	4.181	4.148	4.181	1181300	4924874.00
2026/03/16	4.193	4.197	4.157	4.170	428100	1781280.38
2026/03/17	4.170	4.190	4.156	4.177	2089900	8710477.00
2026/03/18	4.189	4.189	4.168	4.178	2246600	9372904.00
2026/03/19	4.170	4.197	4.151	4.169	2685500	11209722.00
2026/03/20	4.155	4.280	4.146	4.169	1120025	4670898.00
2026/03/23	4.172	4.172	4.130	4.144	1454766	6027649.00
2026/03/24	4.180	4.180	4.133	4.163	1448500	6011013.50
2026/04/03	4.186	4.208	4.126	4.200	2511900	10527286.00
#КэҫЭАҙФҙ:НЁҙпРЕ
