180103 ЛЊЯФКЭДяИпПЦREIT ШеЯп ВЛИДШЈ
      ШеЦк	    ПЊХЬ	    зюИп	    зюЕЭ	    ЪеХЬ	    ГЩНЛСП	    ГЩНЛЖю
2022/12/27	3.000	3.149	3.000	3.059	52842543	163208608.00
2022/12/28	3.040	3.058	3.000	3.040	13630239	41275696.00
2022/12/29	3.035	3.052	3.003	3.049	7963115	24194502.00
2022/12/30	3.049	3.080	3.049	3.069	5620523	17230530.00
2023/01/03	3.069	3.069	3.050	3.067	1757216	5386854.00
2023/01/04	3.067	3.077	3.060	3.070	3333358	10227670.00
2023/01/05	3.070	3.078	3.020	3.047	5991351	18321946.00
2023/01/06	3.046	3.064	3.039	3.060	4341450	13230652.00
2023/01/09	3.057	3.070	3.024	3.064	4408537	13492572.00
2023/01/10	3.064	3.084	3.060	3.070	4297723	13198410.00
2023/01/11	3.075	3.086	3.067	3.086	2874108	8856425.00
2023/01/12	3.086	3.090	3.068	3.069	3182718	9786694.00
2023/01/13	3.069	3.087	3.069	3.074	1168852	3595662.75
2023/01/16	3.074	3.076	3.060	3.074	2634715	8097732.00
2023/01/17	3.074	3.076	3.065	3.074	2194187	6743933.50
2023/01/18	3.073	3.081	3.069	3.077	2251485	6921907.50
2023/01/19	3.076	3.081	3.070	3.080	1925109	5920970.50
2023/01/20	3.079	3.092	3.060	3.079	2127464	6547016.50
2023/01/30	3.080	3.080	3.070	3.072	3060094	9409675.00
2023/01/31	3.072	3.128	3.070	3.111	3160488	9774773.00
2023/02/01	3.114	3.120	3.076	3.120	5126485	15934047.00
2023/02/02	3.200	3.200	3.104	3.113	4651914	14497157.00
2023/02/03	3.113	3.133	3.106	3.132	5496816	17145892.00
2023/02/06	3.132	3.152	3.120	3.133	8819766	27717106.00
2023/02/07	3.133	3.133	3.120	3.126	4295537	13421818.00
2023/02/08	3.126	3.139	3.093	3.138	4319661	13499683.00
2023/02/09	3.136	3.136	3.103	3.129	3053869	9550253.00
2023/02/10	3.129	3.135	3.113	3.131	4365126	13661511.00
2023/02/13	3.132	3.160	3.132	3.148	4912104	15461730.00
2023/02/14	3.148	3.168	3.141	3.164	4560187	14389370.00
2023/02/15	3.164	3.176	3.148	3.156	5651955	17895286.00
2023/02/16	3.149	3.156	3.132	3.154	3579864	11286150.00
2023/02/17	3.140	3.166	3.140	3.156	2321799	7333296.50
2023/02/20	3.157	3.177	3.148	3.151	3582374	11308284.00
2023/02/21	3.160	3.170	3.152	3.161	4200329	13284695.00
2023/02/22	3.161	3.180	3.155	3.163	1948809	6170941.00
2023/02/23	3.163	3.180	3.151	3.152	1485724	4695522.50
2023/02/24	3.153	3.153	3.128	3.134	2023847	6351039.00
2023/02/27	3.134	3.139	3.130	3.135	3165933	9927425.00
2023/02/28	3.113	3.140	3.113	3.139	2420745	7597829.50
2023/03/01	3.139	3.146	3.139	3.142	3647658	11464402.00
2023/03/02	3.142	3.154	3.134	3.141	3273801	10280221.00
2023/03/03	3.141	3.148	3.136	3.141	5322256	16715735.00
2023/03/06	3.141	3.143	3.136	3.139	4194648	13169999.00
2023/03/07	3.140	3.147	3.117	3.123	5232734	16432573.00
2023/03/08	3.125	3.129	3.123	3.126	3086589	9648819.00
2023/03/09	3.126	3.128	3.121	3.127	4197398	13116907.00
2023/03/10	3.127	3.139	3.119	3.133	2894036	9069772.00
2023/03/13	3.134	3.136	3.127	3.134	4789219	15002852.00
2023/03/14	3.132	3.134	3.125	3.131	2474813	7748714.50
2023/03/15	3.128	3.136	3.113	3.124	3072500	9609067.00
2023/03/16	3.124	3.124	3.091	3.106	3456130	10763321.00
2023/03/17	3.106	3.118	3.100	3.105	495109	1539214.63
2023/03/20	3.106	3.106	3.096	3.096	3233786	10028238.00
2023/03/21	3.096	3.096	3.082	3.090	6017099	18573334.00
2023/03/22	3.087	3.108	3.087	3.107	4592990	14242382.00
2023/03/23	3.106	3.119	3.104	3.113	4966348	15452063.00
2023/03/24	3.112	3.120	3.111	3.120	4967212	15473522.00
2023/03/27	3.120	3.141	3.111	3.129	6955872	21779586.00
2023/03/28	3.129	3.132	3.107	3.110	4815581	15040483.00
2023/03/29	3.089	3.111	3.086	3.088	1528577	4731755.50
2023/03/30	3.087	3.087	3.068	3.069	4013712	12346020.00
2023/03/31	3.072	3.108	3.069	3.096	3208731	9917573.00
2023/04/03	3.088	3.115	3.086	3.105	3990544	12398046.00
2023/04/04	3.099	3.111	3.090	3.098	2152835	6675819.50
2023/04/06	3.099	3.128	3.058	3.067	4009688	12306779.00
2023/04/07	3.065	3.085	3.065	3.085	4027688	12376226.00
2023/04/10	3.085	3.085	3.071	3.076	3428423	10565787.00
2023/04/11	3.075	3.082	3.068	3.076	1852190	5698163.50
2023/04/12	3.076	3.078	3.060	3.068	1750766	5374013.00
2023/04/13	3.068	3.068	3.037	3.038	3143490	9576212.00
2023/04/14	3.038	3.050	3.016	3.028	4141744	12551518.00
2023/04/17	3.028	3.075	3.017	3.060	3242431	9845152.00
2023/04/18	3.026	3.095	3.026	3.075	4209228	12947963.00
2023/04/19	3.075	3.095	3.031	3.075	3237318	9955622.00
2023/04/20	3.091	3.093	3.050	3.051	3916688	11986349.00
2023/04/21	3.051	3.051	2.982	2.997	3236522	9762977.00
2023/04/24	2.995	3.027	2.990	3.010	3337563	10054616.00
2023/04/25	3.009	3.013	3.004	3.011	3178780	9566968.00
2023/04/26	3.011	3.022	2.996	2.999	2388889	7178207.00
2023/04/27	2.999	3.001	2.981	2.985	2684137	8034071.00
2023/04/28	2.985	2.999	2.984	2.993	1049969	3140804.75
2023/05/04	2.990	2.990	2.942	2.943	1974640	5862688.00
2023/05/05	2.942	2.965	2.931	2.933	782470	2299234.25
2023/05/08	2.932	2.941	2.920	2.936	2259627	6620415.00
2023/05/09	2.934	2.934	2.915	2.922	2541598	7432378.00
2023/05/10	2.922	3.008	2.900	2.985	3709078	11018266.00
2023/05/11	2.985	3.023	2.985	3.004	1992204	5981999.50
2023/05/12	3.007	3.011	2.997	3.009	2176393	6535962.00
2023/05/15	3.007	3.017	2.980	2.983	2100573	6283425.00
2023/05/16	2.980	3.020	2.900	3.000	1501509	4471165.50
2023/05/17	2.980	3.011	2.980	2.983	4694866	14052360.00
2023/05/18	2.982	2.984	2.955	2.975	2389779	7110976.50
2023/05/19	2.950	2.980	2.950	2.968	1852086	5500730.50
2023/05/22	2.956	2.975	2.929	2.973	1774505	5260680.00
2023/05/23	2.938	2.995	2.933	2.973	1565100	4658631.00
2023/05/24	2.973	2.973	2.967	2.970	1258472	3739313.75
2023/05/25	2.960	2.972	2.950	2.952	1649943	4886189.50
2023/05/26	2.952	2.952	2.912	2.927	1961443	5764104.00
2023/05/29	2.920	2.924	2.906	2.912	3050624	8893451.00
2023/05/30	2.910	2.910	2.860	2.867	1982265	5733033.50
2023/05/31	2.865	2.867	2.810	2.828	2444645	6934920.50
2023/06/01	2.820	2.850	2.800	2.835	3102297	8814037.00
2023/06/02	2.834	2.839	2.815	2.833	2966536	8387906.00
2023/06/05	2.830	2.830	2.715	2.729	1279392	3563342.50
2023/06/06	2.729	2.800	2.466	2.741	6486885	16739797.00
2023/06/07	2.686	2.745	2.585	2.713	4075309	10892826.00
2023/06/08	2.706	2.802	2.641	2.760	3159485	8569253.00
2023/06/09	2.762	2.806	2.740	2.745	1258080	3474184.00
2023/06/12	2.730	2.747	2.707	2.713	1199797	3257857.00
2023/06/13	2.698	2.729	2.698	2.720	1920639	5225320.50
2023/06/14	2.701	2.744	2.701	2.715	885987	2414027.00
2023/06/15	2.719	2.745	2.719	2.721	1051296	2865918.25
2023/06/16	2.744	2.750	2.654	2.705	4722810	12682274.00
2023/06/19	2.695	2.695	2.662	2.664	1194211	3191040.00
2023/06/20	2.664	2.668	2.641	2.664	1425499	3794628.25
2023/06/21	2.653	2.678	2.652	2.664	4235026	11293056.00
2023/06/26	2.662	2.664	2.589	2.619	1830294	4803686.50
2023/06/27	2.619	2.619	2.592	2.613	3459238	9013336.00
2023/06/28	2.605	2.619	2.576	2.588	4043239	10480579.00
2023/06/29	2.566	2.566	2.535	2.554	3314298	8480120.00
2023/06/30	2.554	2.574	2.520	2.525	4756688	12009459.00
2023/07/03	2.526	2.528	2.485	2.490	3090402	7718001.00
2023/07/04	2.473	2.494	2.458	2.471	1848511	4564370.00
2023/07/05	2.467	2.467	2.386	2.410	5266673	12764485.00
2023/07/06	2.415	2.431	2.390	2.422	6400205	15410747.00
2023/07/07	2.410	2.526	2.395	2.525	5886982	14542680.00
2023/07/10	2.529	2.529	2.485	2.498	3695656	9215323.00
2023/07/11	2.498	2.498	2.471	2.485	2457932	6093193.00
2023/07/12	2.470	2.482	2.468	2.472	3089262	7635396.50
2023/07/13	2.468	2.484	2.441	2.482	3159978	7825591.50
2023/07/14	2.481	2.521	2.470	2.508	4160055	10432231.00
2023/07/17	2.509	2.615	2.508	2.587	4050607	10416674.00
2023/07/18	2.588	2.699	2.588	2.684	6004482	15933400.00
2023/07/19	2.684	2.697	2.607	2.688	7598501	20246000.00
2023/07/20	2.675	2.675	2.621	2.643	4755936	12566202.00
2023/07/21	2.620	2.698	2.620	2.680	4224176	11314105.00
2023/07/24	2.653	2.694	2.643	2.679	4301813	11530242.00
2023/07/25	2.652	2.710	2.652	2.682	4679703	12599626.00
2023/07/26	2.682	2.685	2.663	2.666	4079614	10915873.00
2023/07/27	2.681	2.681	2.639	2.650	3850989	10238283.00
2023/07/28	2.630	2.674	2.630	2.666	2440514	6482601.00
2023/07/31	2.666	2.690	2.640	2.658	4779334	12700837.00
2023/08/01	2.655	2.693	2.639	2.676	3907148	10422775.00
2023/08/02	2.666	2.700	2.666	2.699	4849658	13025293.00
2023/08/03	2.688	2.721	2.688	2.719	3281680	8893269.00
2023/08/04	2.718	2.798	2.714	2.769	4386721	12062752.00
2023/08/07	2.769	2.784	2.758	2.770	3886593	10771802.00
2023/08/08	2.769	2.784	2.750	2.758	5018263	13903795.00
2023/08/09	2.768	2.769	2.729	2.739	2351659	6486889.50
2023/08/10	2.739	2.754	2.724	2.733	4047427	11087594.00
2023/08/11	2.733	2.741	2.727	2.727	4410165	12051154.00
2023/08/14	2.728	2.735	2.691	2.730	3632054	9797556.00
2023/08/15	2.738	2.754	2.720	2.733	3095889	8489426.00
2023/08/16	2.734	2.734	2.727	2.729	2467588	6736908.50
2023/08/17	2.724	2.727	2.687	2.691	3052727	8281683.50
2023/08/18	2.687	2.701	2.675	2.681	2552663	6862294.00
2023/08/21	2.683	2.703	2.662	2.677	3921242	10519409.00
2023/08/22	2.664	2.670	2.645	2.666	1801995	4784534.50
2023/08/23	2.659	2.659	2.630	2.650	3117846	8238806.50
2023/08/24	2.610	2.615	2.556	2.605	4275854	11055035.00
2023/08/25	2.595	2.645	2.585	2.641	2861828	7490861.00
2023/08/28	2.642	2.674	2.642	2.654	3429343	9128676.00
2023/08/29	2.665	2.665	2.613	2.618	3266484	8626720.00
2023/08/30	2.615	2.632	2.601	2.625	1413349	3708319.00
2023/08/31	2.624	2.640	2.624	2.634	2850191	7507119.00
2023/09/01	2.643	2.650	2.625	2.634	2250489	5936711.00
2023/09/04	2.633	2.635	2.625	2.635	1330108	3501815.75
2023/09/05	2.645	2.653	2.636	2.644	2556523	6762321.00
2023/09/06	2.635	2.652	2.635	2.651	2523775	6688004.50
2023/09/07	2.651	2.651	2.642	2.651	2139255	5666553.50
2023/09/08	2.651	2.678	2.651	2.675	2088281	5552763.50
2023/09/11	2.674	2.697	2.674	2.685	2918432	7847020.50
2023/09/12	2.684	2.699	2.682	2.699	1781179	4785673.00
2023/09/13	2.698	2.718	2.698	2.701	2134543	5776761.50
2023/09/14	2.726	2.726	2.691	2.695	2198259	5944974.50
2023/09/15	2.660	2.695	2.660	2.695	3560026	9577876.00
2023/09/18	2.687	2.687	2.675	2.676	2095651	5608464.00
2023/09/19	2.655	2.700	2.643	2.699	2240841	5989090.50
2023/09/20	2.693	2.697	2.685	2.691	1940543	5219331.50
2023/09/21	2.673	2.694	2.673	2.690	2412860	6464044.50
2023/09/22	2.703	2.703	2.680	2.699	2970716	7996588.50
2023/09/25	2.688	2.712	2.679	2.702	4180533	11270472.00
2023/09/26	2.688	2.713	2.688	2.705	2623000	7086240.50
2023/09/27	2.694	2.728	2.684	2.697	2469769	6678059.50
2023/09/28	2.697	2.697	2.665	2.682	4242276	11393975.00
2023/10/09	2.679	2.700	2.661	2.680	2934689	7863353.50
2023/10/10	2.649	2.688	2.649	2.670	2562974	6833194.00
2023/10/11	2.668	2.669	2.646	2.665	2423504	6433386.00
2023/10/12	2.664	2.740	2.641	2.650	1906702	5069802.50
2023/10/13	2.650	2.668	2.615	2.661	3127441	8244494.00
2023/10/16	2.661	2.685	2.630	2.662	3701371	9829691.00
2023/10/17	2.635	2.665	2.600	2.645	3019657	7978174.00
2023/10/18	2.611	2.730	2.597	2.630	2916916	7666224.50
2023/10/19	2.618	2.680	2.588	2.615	3158462	8241240.50
2023/10/20	2.604	2.625	2.575	2.620	3338273	8716540.00
2023/10/23	2.610	2.643	2.585	2.585	2229248	5800178.50
2023/10/24	2.550	2.630	2.545	2.624	3507951	9110307.00
2023/10/25	2.616	2.675	2.592	2.597	3559072	9406809.00
2023/10/26	2.585	2.594	2.551	2.572	4592946	11850809.00
2023/10/27	2.537	2.598	2.524	2.545	4378467	11165166.00
2023/10/30	2.621	2.621	2.507	2.518	3482539	8788117.00
2023/10/31	2.517	2.517	2.497	2.510	2702303	6779335.50
2023/11/01	2.501	2.515	2.500	2.507	3462462	8681125.00
2023/11/02	2.507	2.527	2.498	2.502	3638227	9115570.00
2023/11/03	2.495	2.512	2.489	2.493	3061596	7644220.50
2023/11/06	2.493	2.503	2.438	2.480	3728178	9269546.00
2023/11/07	2.479	2.479	2.450	2.465	3047334	7505192.50
2023/11/08	2.465	2.485	2.465	2.484	4899715	12160162.00
2023/11/09	2.479	2.516	2.479	2.509	3878532	9695480.00
2023/11/10	2.510	2.517	2.492	2.493	4476533	11229699.00
2023/11/13	2.459	2.511	2.459	2.501	3521749	8770864.00
2023/11/14	2.502	2.520	2.485	2.500	2591046	6488906.50
2023/11/15	2.500	2.514	2.475	2.486	4477036	11193118.00
2023/11/16	2.486	2.486	2.451	2.468	2733306	6757605.50
2023/11/17	2.468	2.468	2.442	2.461	4140989	10164483.00
2023/11/20	2.460	2.485	2.425	2.436	2858810	7013339.00
2023/11/21	2.436	2.436	2.382	2.390	4073726	9831453.00
2023/11/22	2.388	2.417	2.321	2.390	4502993	10568992.00
2023/11/23	2.378	2.378	2.319	2.328	3249284	7587956.00
2023/11/24	2.328	2.362	2.244	2.280	2205300	5011653.50
2023/11/27	2.259	2.260	2.210	2.237	4924133	10922377.00
2023/11/28	2.230	2.230	2.142	2.156	2916109	6337071.50
2023/11/29	2.150	2.150	2.115	2.130	4588918	9748376.00
2023/11/30	2.129	2.161	2.110	2.153	7349475	15669308.00
2023/12/01	2.152	2.172	2.133	2.165	4774113	10249534.00
2023/12/04	2.173	2.192	2.148	2.190	5644905	12207171.00
2023/12/05	2.213	2.213	2.163	2.184	4517468	9871022.00
2023/12/06	2.215	2.215	2.153	2.200	2719526	5970147.50
2023/12/07	2.172	2.220	2.172	2.211	4367540	9644841.00
2023/12/08	2.212	2.212	2.201	2.207	3401467	7504031.50
2023/12/11	2.190	2.210	2.179	2.207	2986136	6557316.00
2023/12/12	2.207	2.210	2.181	2.194	2077394	4579523.00
2023/12/13	2.185	2.195	2.180	2.187	2726715	5959690.00
2023/12/14	2.180	2.210	2.155	2.183	3097895	6774532.50
2023/12/15	2.175	2.210	2.173	2.186	2883922	6293405.50
2023/12/18	2.184	2.202	2.143	2.173	2233356	4857010.00
2023/12/19	2.170	2.190	2.140	2.143	5277393	11367951.00
2023/12/20	2.141	2.168	2.126	2.143	3525600	7565675.00
2023/12/21	2.135	2.225	2.135	2.225	4629478	10102655.00
2023/12/22	2.224	2.304	2.217	2.256	5568605	12620356.00
2023/12/25	2.230	2.266	2.229	2.256	2868047	6431428.00
2023/12/26	2.234	2.283	2.233	2.252	2874425	6446327.50
2023/12/27	2.252	2.252	2.225	2.225	4888439	10927303.00
2023/12/28	2.190	2.234	2.190	2.220	4315663	9577652.00
2023/12/29	2.220	2.254	2.216	2.225	5107059	11347893.00
2024/01/02	2.225	2.240	2.200	2.210	4511883	9962173.00
2024/01/03	2.181	2.300	2.168	2.207	7436623	16362977.00
2024/01/04	2.180	2.210	2.165	2.167	5186296	11252488.00
2024/01/05	2.167	2.167	2.125	2.132	3067826	6552835.00
2024/01/08	2.132	2.208	2.056	2.069	3779292	7828306.50
2024/01/09	2.069	2.093	1.932	1.939	5707151	11605646.00
2024/01/10	1.930	1.956	1.889	1.910	14820716	28465514.00
2024/01/11	1.909	1.982	1.902	1.916	11360309	21778510.00
2024/01/12	1.917	1.947	1.906	1.917	5013967	9616568.00
2024/01/15	1.921	1.948	1.910	1.946	3255655	6248505.00
2024/01/16	1.978	1.978	1.940	1.963	4824674	9428139.00
2024/01/17	1.970	2.011	1.959	2.006	7895028	15627098.00
2024/01/18	2.018	2.052	1.971	1.990	5548516	11026553.00
2024/01/19	1.995	2.027	1.963	2.012	5578197	11216399.00
2024/01/22	2.016	2.047	2.002	2.020	7495767	15131516.00
2024/01/23	2.020	2.060	1.985	2.048	4454828	9071952.00
2024/01/24	2.075	2.075	2.046	2.050	3420798	7029590.50
2024/01/25	2.030	2.050	2.000	2.031	4628811	9409817.00
2024/01/26	2.031	2.058	2.002	2.017	3246352	6564167.50
2024/01/29	2.021	2.037	2.002	2.033	4708549	9535816.00
2024/01/30	2.033	2.042	2.004	2.037	2868697	5835692.00
2024/01/31	2.040	2.048	2.020	2.048	3309826	6728471.50
2024/02/01	2.048	2.055	2.032	2.048	4384922	8971854.00
2024/02/02	2.014	2.050	1.985	2.009	3145413	6363877.00
2024/02/05	1.975	2.008	1.901	1.950	5023336	9817428.00
2024/02/06	1.926	1.946	1.898	1.941	2238733	4336044.00
2024/02/07	1.930	1.970	1.930	1.959	2696420	5273077.50
2024/02/08	1.959	2.009	1.953	2.005	1735172	3437580.50
2024/02/19	2.009	2.092	2.009	2.088	4524374	9336683.00
2024/02/20	2.088	2.193	2.050	2.130	3564454	7645070.00
2024/02/21	2.129	2.174	2.090	2.171	4292151	9284107.00
2024/02/22	2.170	2.222	2.152	2.220	5398575	11908596.00
2024/02/23	2.218	2.280	2.218	2.227	4391384	9888600.00
2024/02/26	2.258	2.297	2.209	2.256	6842545	15521617.00
2024/02/27	2.256	2.299	2.236	2.254	5828498	13156214.00
2024/02/28	2.252	2.285	2.189	2.215	5506992	12256642.00
2024/02/29	2.181	2.266	2.176	2.263	3511632	7833405.00
2024/03/01	2.279	2.342	2.263	2.342	4803226	11123070.00
2024/03/04	2.342	2.417	2.342	2.403	4886610	11721599.00
2024/03/05	2.400	2.458	2.380	2.427	4533392	11060361.00
2024/03/06	2.427	2.448	2.358	2.395	3987135	9577787.00
2024/03/07	2.393	2.449	2.341	2.356	4112365	9787283.00
2024/03/08	2.341	2.361	2.300	2.353	3424609	8039953.00
2024/03/11	2.352	2.366	2.341	2.352	2925215	6879966.00
2024/03/12	2.341	2.385	2.307	2.372	3626878	8517344.00
2024/03/13	2.361	2.369	2.351	2.360	3817858	9017374.00
2024/03/14	2.327	2.360	2.327	2.352	5419844	12730567.00
2024/03/15	2.340	2.386	2.321	2.357	4281671	10064886.00
2024/03/18	2.351	2.382	2.320	2.355	2538910	5962866.50
2024/03/19	2.355	2.400	2.326	2.358	2968848	6939684.00
2024/03/20	2.358	2.369	2.334	2.360	1908797	4488770.00
2024/03/21	2.353	2.363	2.294	2.318	7576316	17584456.00
2024/03/22	2.283	2.336	2.271	2.286	1950649	4457957.50
2024/03/25	2.251	2.331	2.206	2.243	4402676	9922440.00
2024/03/26	2.230	2.277	2.209	2.248	2882356	6454420.50
2024/03/27	2.248	2.320	2.248	2.305	2009472	4614189.00
2024/03/28	2.305	2.314	2.276	2.290	1765444	4039630.75
2024/03/29	2.247	2.323	2.247	2.277	2302314	5269831.50
2024/04/01	2.279	2.346	2.253	2.272	3142733	7141915.00
2024/04/02	2.270	2.290	2.235	2.271	3280066	7426518.50
2024/04/03	2.264	2.308	2.264	2.308	2841039	6509128.50
2024/04/08	2.308	2.331	2.308	2.331	1591472	3700696.50
2024/04/09	2.331	2.350	2.300	2.338	4415846	10238127.00
2024/04/10	2.315	2.366	2.315	2.364	1308974	3076363.75
2024/04/11	2.364	2.397	2.360	2.385	903823	2151476.00
2024/04/12	2.386	2.392	2.369	2.373	1236607	2948865.25
2024/04/15	2.372	2.372	2.346	2.364	1817345	4300519.00
2024/04/16	2.355	2.364	2.311	2.333	2872648	6689662.00
2024/04/17	2.325	2.364	2.325	2.364	2424181	5683837.00
2024/04/18	2.365	2.369	2.355	2.360	962143	2272694.50
2024/04/19	2.360	2.373	2.342	2.358	2538594	5980240.00
2024/04/22	2.358	2.404	2.357	2.368	10216015	24167066.00
2024/04/23	2.370	2.390	2.366	2.375	8406456	19990190.00
2024/04/24	2.363	2.363	2.320	2.341	4818052	11276028.00
2024/04/25	2.341	2.392	2.337	2.385	1266041	2978178.25
2024/04/26	2.379	2.420	2.379	2.410	1121474	2703411.25
2024/04/29	2.423	2.423	2.392	2.408	2311746	5556508.50
2024/04/30	2.395	2.419	2.395	2.397	3451970	8304450.00
2024/05/06	2.395	2.419	2.384	2.416	1662456	4007602.75
2024/05/07	2.416	2.469	2.414	2.416	2361782	5764482.00
2024/05/08	2.416	2.418	2.401	2.409	5111500	12302724.00
2024/05/09	2.400	2.442	2.400	2.431	3492699	8475660.00
2024/05/10	2.435	2.459	2.418	2.425	2231342	5431881.50
2024/05/13	2.428	2.430	2.408	2.415	2501720	6038912.50
2024/05/14	2.405	2.428	2.376	2.410	2278794	5500157.50
2024/05/15	2.403	2.418	2.399	2.407	2439289	5866992.50
2024/05/16	2.373	2.430	2.373	2.408	2626535	6321972.00
2024/05/17	2.408	2.426	2.396	2.419	1625011	3908893.25
2024/05/20	2.409	2.425	2.398	2.407	1853356	4467728.00
2024/05/21	2.407	2.410	2.382	2.391	2021846	4836210.50
2024/05/22	2.382	2.410	2.350	2.372	8291512	19619494.00
2024/05/23	2.368	2.370	2.325	2.365	5697946	13362534.00
2024/05/24	2.331	2.414	2.331	2.392	2132681	5087300.00
2024/05/27	2.392	2.410	2.392	2.401	2045295	4919343.50
2024/05/28	2.379	2.408	2.379	2.400	2840184	6800860.50
2024/05/29	2.398	2.428	2.382	2.418	2006838	4812214.00
2024/05/30	2.411	2.469	2.411	2.419	644188	1558558.63
2024/05/31	2.439	2.454	2.404	2.424	1978391	4787448.50
2024/06/03	2.421	2.500	2.392	2.429	2544851	6165320.50
2024/06/04	2.435	2.498	2.435	2.456	7923045	19512768.00
2024/06/05	2.456	2.495	2.444	2.495	4562661	11303481.00
2024/06/06	2.495	2.506	2.480	2.504	4636548	11565499.00
2024/06/07	2.475	2.495	2.458	2.475	4044789	10010763.00
2024/06/11	2.464	2.480	2.439	2.460	1438716	3529607.75
2024/06/12	2.456	2.493	2.450	2.458	2570469	6328962.00
2024/06/13	2.457	2.495	2.446	2.470	2055173	5070069.00
2024/06/14	2.464	2.482	2.445	2.474	2638327	6491378.00
2024/06/17	2.473	2.486	2.445	2.486	1838981	4526838.00
2024/06/18	2.464	2.498	2.464	2.493	3388183	8402229.00
2024/06/19	2.488	2.498	2.464	2.473	1994065	4935810.50
2024/06/20	2.454	2.481	2.448	2.471	2676545	6595922.00
2024/06/21	2.464	2.475	2.451	2.472	2311278	5705697.00
2024/06/24	2.455	2.476	2.455	2.475	1343558	3318547.00
2024/06/25	2.465	2.475	2.456	2.475	1069110	2639860.25
2024/06/26	2.467	2.470	2.446	2.459	4524538	11130565.00
2024/06/27	2.458	2.465	2.432	2.465	3248792	7975376.00
2024/06/28	2.465	2.499	2.434	2.449	2131166	5223571.00
2024/07/01	2.452	2.475	2.424	2.448	3626428	8868899.00
2024/07/02	2.448	2.453	2.403	2.453	2736807	6670059.00
2024/07/03	2.458	2.490	2.420	2.477	2864058	7022113.00
2024/07/04	2.464	2.483	2.450	2.452	2489902	6138040.50
2024/07/05	2.454	2.457	2.405	2.452	1442440	3521607.25
2024/07/08	2.444	2.452	2.419	2.425	1802207	4382439.50
2024/07/09	2.425	2.453	2.418	2.425	794240	1923414.25
2024/07/10	2.419	2.428	2.416	2.425	1605365	3887935.25
2024/07/11	2.425	2.430	2.419	2.430	876728	2124067.75
2024/07/12	2.433	2.450	2.414	2.426	1915588	4640950.00
2024/07/15	2.422	2.436	2.422	2.428	892600	2167740.25
2024/07/16	2.427	2.440	2.400	2.436	887477	2161667.25
2024/07/17	2.441	2.446	2.423	2.443	1580684	3845752.75
2024/07/18	2.448	2.450	2.413	2.445	2571272	6268100.00
2024/07/19	2.445	2.460	2.420	2.457	3693687	9028634.00
2024/07/22	2.452	2.476	2.426	2.476	2923620	7193335.50
2024/07/23	2.475	2.495	2.444	2.480	2769664	6852039.50
2024/07/24	2.484	2.484	2.426	2.468	2285352	5634935.00
2024/07/25	2.475	2.475	2.435	2.474	1587168	3907763.75
2024/07/26	2.474	2.500	2.460	2.484	2832159	7061394.50
2024/07/29	2.484	2.500	2.434	2.456	1907200	4721254.00
2024/07/30	2.455	2.466	2.433	2.465	1617193	3960291.50
2024/07/31	2.469	2.484	2.438	2.480	2482814	6130860.50
2024/08/01	2.457	2.480	2.457	2.460	3160486	7792875.00
2024/08/02	2.450	2.467	2.433	2.459	1439600	3535293.25
2024/08/05	2.457	2.478	2.426	2.478	1698835	4182100.25
2024/08/06	2.461	2.515	2.461	2.489	3716089	9248419.00
2024/08/07	2.480	2.580	2.471	2.580	3209758	8104242.00
2024/08/08	2.580	2.618	2.545	2.579	3079607	7989332.00
2024/08/09	2.555	2.604	2.540	2.597	2027547	5187398.50
2024/08/12	2.615	2.630	2.580	2.592	1498912	3892455.50
2024/08/13	2.597	2.614	2.557	2.580	1559903	4018171.75
2024/08/14	2.583	2.596	2.559	2.578	2174013	5603460.00
2024/08/15	2.555	2.598	2.535	2.570	1961938	5068289.00
2024/08/16	2.530	2.530	2.473	2.500	1776774	4467734.50
2024/08/19	2.484	2.495	2.454	2.466	2287875	5640267.00
2024/08/20	2.450	2.474	2.440	2.451	1580702	3872726.50
2024/08/21	2.451	2.473	2.425	2.435	2826400	6919616.50
2024/08/22	2.422	2.481	2.422	2.462	1133723	2781634.50
2024/08/23	2.487	2.487	2.453	2.469	1170599	2893058.50
2024/08/26	2.435	2.480	2.433	2.443	2054172	5032773.00
2024/08/27	2.404	2.481	2.330	2.453	1556177	3812743.50
2024/08/28	2.434	2.498	2.428	2.480	3157163	7806400.50
2024/08/29	2.480	2.491	2.450	2.478	1819435	4507707.00
2024/08/30	2.489	2.498	2.452	2.480	1989228	4931439.50
2024/09/02	2.477	2.492	2.473	2.479	1930085	4790871.50
2024/09/03	2.493	2.514	2.450	2.475	980559	2425527.50
2024/09/04	2.450	2.494	2.408	2.494	2601332	6373009.50
2024/09/05	2.497	2.543	2.474	2.540	1145924	2864006.50
2024/09/06	2.548	2.548	2.495	2.509	1602412	4018842.25
2024/09/09	2.483	2.526	2.471	2.484	829832	2058839.50
2024/09/10	2.470	2.510	2.446	2.505	608971	1504791.88
2024/09/11	2.538	2.538	2.485	2.494	770618	1927532.38
2024/09/12	2.474	2.550	2.474	2.483	487062	1212063.75
2024/09/13	2.483	2.510	2.457	2.494	343967	857173.63
2024/09/18	2.494	2.520	2.459	2.469	1457600	3620192.00
2024/09/19	2.491	2.491	2.426	2.427	1580886	3882085.50
2024/09/20	2.429	2.442	2.401	2.442	1047024	2530998.00
2024/09/23	2.442	2.466	2.426	2.453	616647	1511679.38
2024/09/24	2.487	2.487	2.453	2.456	546711	1347410.25
2024/09/25	2.456	2.486	2.432	2.470	825833	2038562.50
2024/09/26	2.498	2.498	2.460	2.472	529020	1310526.75
2024/09/27	2.470	2.507	2.437	2.461	1112629	2740534.50
2024/09/30	2.461	2.461	2.403	2.440	370988	905398.19
2024/10/08	2.440	2.480	2.420	2.431	859932	2086757.50
2024/10/09	2.431	2.450	2.400	2.430	795879	1930976.13
2024/10/10	2.400	2.430	2.400	2.430	466861	1132313.50
2024/10/11	2.427	2.437	2.408	2.435	1089611	2647566.25
2024/10/14	2.447	2.447	2.417	2.424	1553682	3763290.25
2024/10/15	2.438	2.438	2.338	2.401	338673	815787.50
2024/10/16	2.414	2.414	2.376	2.391	1229999	2937867.25
2024/10/17	2.401	2.416	2.377	2.400	726289	1743635.38
2024/10/18	2.400	2.419	2.377	2.383	848898	2029960.63
2024/10/21	2.375	2.396	2.339	2.356	1537631	3621097.75
2024/10/22	2.340	2.360	2.335	2.356	1981708	4656415.00
2024/10/23	2.352	2.356	2.342	2.347	1666315	3911357.75
2024/10/24	2.345	2.367	2.304	2.317	1083569	2512472.25
2024/10/25	2.317	2.352	2.271	2.275	978285	2237947.25
2024/10/28	2.279	2.279	2.256	2.270	1800417	4072920.75
2024/10/29	2.251	2.285	2.251	2.270	1211390	2741022.25
2024/10/30	2.272	2.314	2.262	2.311	1574426	3594039.25
2024/10/31	2.309	2.328	2.290	2.297	1325633	3044528.75
2024/11/01	2.294	2.320	2.251	2.264	3124971	7137780.00
2024/11/04	2.279	2.279	2.239	2.245	1216344	2728725.25
2024/11/05	2.245	2.280	2.230	2.231	1220497	2725597.00
2024/11/06	2.240	2.244	2.210	2.217	1077884	2391170.50
2024/11/07	2.225	2.226	2.200	2.216	1232423	2719341.25
2024/11/08	2.216	2.234	2.210	2.226	3584799	7967405.50
2024/11/11	2.228	2.291	2.202	2.290	1549081	3461244.75
2024/11/12	2.292	2.292	2.254	2.258	4099518	9330182.00
2024/11/13	2.271	2.271	2.227	2.258	3683492	8273030.50
2024/11/14	2.257	2.293	2.246	2.283	1735414	3934619.75
2024/11/15	2.283	2.286	2.263	2.269	3595193	8173881.50
2024/11/18	2.250	2.292	2.240	2.279	1733924	3933900.50
2024/11/19	2.260	2.294	2.260	2.280	6412737	14643024.00
2024/11/20	2.297	2.297	2.264	2.264	3464302	7882617.50
2024/11/21	2.264	2.274	2.262	2.265	3614807	8189343.00
2024/11/22	2.264	2.280	2.251	2.258	2165178	4887447.00
2024/11/25	2.268	2.274	2.266	2.266	1155874	2622405.25
2024/11/26	2.266	2.299	2.242	2.266	1384174	3123239.50
2024/11/27	2.260	2.276	2.230	2.240	3053016	6840967.50
2024/11/28	2.224	2.224	2.186	2.202	1188218	2608268.00
2024/11/29	2.196	2.201	2.187	2.198	1455559	3189384.50
2024/12/02	2.198	2.223	2.177	2.189	2074918	4544868.50
2024/12/03	2.171	2.181	2.129	2.145	3364271	7241596.00
2024/12/04	2.139	2.140	2.127	2.130	794793	1693303.50
2024/12/05	2.130	2.167	2.111	2.166	3019555	6417793.50
2024/12/06	2.165	2.167	2.135	2.159	4943970	10672671.00
2024/12/09	2.159	2.159	2.136	2.151	2357028	5052691.00
2024/12/10	2.150	2.178	2.124	2.146	2339159	5018533.50
2024/12/11	2.146	2.190	2.138	2.190	2191619	4744537.50
2024/12/12	2.192	2.253	2.188	2.238	8142631	18143364.00
2024/12/13	2.250	2.250	2.220	2.231	2086319	4653226.50
2024/12/16	2.231	2.266	2.207	2.240	1547789	3451561.00
2024/12/17	2.230	2.272	2.227	2.240	2513340	5632513.00
2024/12/18	2.237	2.246	2.191	2.220	2648385	5884524.00
2024/12/19	2.207	2.236	2.201	2.220	1164310	2584475.75
2024/12/20	2.220	2.287	2.197	2.217	3149204	6957189.50
2024/12/23	2.183	2.218	2.183	2.215	2619575	5782071.00
2024/12/24	2.215	2.271	2.214	2.260	2331442	5188286.50
2024/12/25	2.257	2.277	2.251	2.277	2963708	6715425.00
2024/12/26	2.277	2.302	2.249	2.297	2125870	4877178.00
2024/12/27	2.292	2.378	2.259	2.370	2072714	4845618.00
2024/12/30	2.371	2.378	2.342	2.375	3828315	9021800.00
2024/12/31	2.370	2.395	2.344	2.395	2126397	5009084.50
2025/01/02	2.392	2.392	2.349	2.358	841615	1990035.13
2025/01/03	2.350	2.395	2.335	2.375	1483262	3521160.50
2025/01/06	2.375	2.393	2.347	2.360	1311367	3106828.75
2025/01/07	2.358	2.364	2.328	2.340	776882	1817735.25
2025/01/08	2.340	2.367	2.330	2.350	18641872	43691044.00
2025/01/09	2.345	2.374	2.342	2.350	5248030	12362149.00
2025/01/10	2.350	2.375	2.340	2.350	4992741	11740687.00
2025/01/13	2.365	2.365	2.287	2.310	2021519	4698955.00
2025/01/14	2.309	2.322	2.256	2.262	2876089	6545114.00
2025/01/15	2.273	2.309	2.262	2.299	2815311	6458875.00
2025/01/16	2.300	2.319	2.277	2.310	5144270	11828684.00
2025/01/17	2.310	2.320	2.279	2.320	3127825	7192865.50
2025/01/20	2.310	2.366	2.302	2.363	2556063	5955922.00
2025/01/21	2.352	2.386	2.342	2.380	15474070	36706048.00
2025/01/22	2.380	2.383	2.356	2.378	4733096	11227663.00
2025/01/23	2.369	2.423	2.362	2.417	18647928	44558120.00
2025/01/24	2.396	2.472	2.396	2.465	1729318	4228479.00
2025/01/27	2.459	2.478	2.433	2.445	1037807	2551892.00
2025/02/05	2.445	2.469	2.421	2.444	1799098	4374580.00
2025/02/06	2.456	2.456	2.423	2.441	1949211	4755129.00
2025/02/07	2.441	2.453	2.408	2.437	2253361	5458697.00
2025/02/10	2.439	2.500	2.414	2.470	5741751	14071650.00
2025/02/11	2.452	2.560	2.452	2.543	3516896	8858269.00
2025/02/12	2.544	2.574	2.473	2.501	8160620	20461700.00
2025/02/13	2.488	2.498	2.429	2.463	3815883	9414212.00
2025/02/14	2.454	2.531	2.449	2.516	4361756	10881057.00
2025/02/17	2.516	2.546	2.491	2.546	4004897	10093847.00
2025/02/18	2.546	2.554	2.508	2.526	3533092	8966153.00
2025/02/19	2.526	2.534	2.497	2.500	1848371	4636404.50
2025/02/20	2.498	2.503	2.488	2.500	1941038	4851899.50
2025/02/21	2.513	2.513	2.490	2.498	1336323	3338748.25
2025/02/24	2.498	2.529	2.438	2.460	2446900	6032959.50
2025/02/25	2.458	2.480	2.421	2.458	2255211	5555113.50
2025/02/26	2.464	2.472	2.436	2.438	1764882	4334991.50
2025/02/27	2.442	2.442	2.405	2.416	3904296	9464254.00
2025/02/28	2.421	2.421	2.378	2.392	877293	2103220.25
2025/03/03	2.408	2.408	2.389	2.400	1747435	4194263.75
2025/03/04	2.400	2.443	2.400	2.439	2479403	6000817.50
2025/03/05	2.439	2.455	2.421	2.436	480541	1170293.38
2025/03/06	2.442	2.447	2.425	2.432	313905	763135.25
2025/03/07	2.421	2.440	2.407	2.427	1078675	2606048.00
2025/03/10	2.427	2.433	2.409	2.433	2362150	5728512.00
2025/03/11	2.431	2.438	2.424	2.435	933479	2267444.25
2025/03/12	2.435	2.444	2.396	2.424	1554094	3757220.00
2025/03/13	2.432	2.432	2.400	2.416	1182988	2851178.75
2025/03/14	2.424	2.438	2.405	2.434	768246	1856384.88
2025/03/17	2.437	2.441	2.428	2.441	691259	1682669.88
2025/03/18	2.440	2.489	2.436	2.489	2325669	5714168.50
2025/03/19	2.489	2.500	2.470	2.495	978266	2426482.50
2025/03/20	2.494	2.500	2.473	2.480	2382160	5935118.50
2025/03/21	2.468	2.477	2.465	2.468	439559	1085194.63
2025/03/24	2.477	2.477	2.418	2.432	1793968	4384905.00
2025/03/25	2.432	2.446	2.422	2.432	1308511	3181038.75
2025/03/26	2.432	2.432	2.420	2.429	1057694	2563886.75
2025/03/27	2.429	2.448	2.429	2.439	938900	2292423.50
2025/03/28	2.445	2.470	2.443	2.470	2495910	6138371.00
2025/03/31	2.469	2.506	2.469	2.499	2796257	6965075.50
2025/04/01	2.499	2.513	2.470	2.488	1556636	3893663.00
2025/04/02	2.499	2.530	2.498	2.530	1022670	2569852.50
2025/04/03	2.524	2.535	2.503	2.530	1379676	3482966.25
2025/04/07	2.527	2.528	2.437	2.459	948952	2343346.50
2025/04/08	2.456	2.456	2.341	2.401	5738542	13758256.00
2025/04/09	2.355	2.388	2.355	2.370	990401	2346849.00
2025/04/10	2.366	2.447	2.366	2.420	2364799	5680757.00
2025/04/11	2.425	2.443	2.407	2.435	830207	2021591.38
2025/04/14	2.436	2.455	2.420	2.426	659056	1601979.88
2025/04/15	2.418	2.430	2.413	2.430	857721	2074931.13
2025/04/16	2.441	2.474	2.441	2.463	687651	1691074.75
2025/04/17	2.460	2.485	2.446	2.481	2192875	5438411.00
2025/04/18	2.480	2.486	2.454	2.458	1323255	3269481.00
2025/04/21	2.448	2.448	2.419	2.433	243555	592769.81
2025/04/22	2.443	2.443	2.377	2.380	878385	2108529.00
2025/04/23	2.380	2.395	2.359	2.359	1192244	2833162.25
2025/04/24	2.355	2.397	2.340	2.370	1553107	3682629.75
2025/04/25	2.370	2.372	2.349	2.350	348312	823380.06
2025/04/28	2.352	2.355	2.299	2.302	1149100	2655148.00
2025/04/29	2.302	2.313	2.265	2.270	5303926	12090898.00
2025/04/30	2.270	2.289	2.261	2.266	4873479	11060514.00
2025/05/06	2.266	2.282	2.261	2.282	2363534	5370293.00
2025/05/07	2.283	2.335	2.267	2.330	1902822	4375484.50
2025/05/08	2.332	2.342	2.298	2.321	3148663	7268525.00
2025/05/09	2.313	2.332	2.306	2.326	857735	1991041.75
2025/05/12	2.320	2.375	2.317	2.375	2031593	4785990.00
2025/05/13	2.370	2.380	2.356	2.371	948300	2244750.50
2025/05/14	2.370	2.380	2.365	2.375	782055	1856316.13
2025/05/15	2.369	2.380	2.356	2.357	635841	1504158.25
2025/05/16	2.356	2.370	2.356	2.368	1127137	2662369.50
2025/05/19	2.370	2.374	2.350	2.362	2267562	5354735.50
2025/05/20	2.361	2.387	2.348	2.385	1993372	4722776.50
2025/05/21	2.377	2.406	2.377	2.406	1299349	3107926.25
2025/05/22	2.405	2.405	2.384	2.385	1918461	4588288.50
2025/05/23	2.384	2.388	2.362	2.364	1760128	4195814.00
2025/05/26	2.364	2.372	2.362	2.365	380156	899610.00
2025/05/27	2.370	2.370	2.340	2.341	389094	917495.13
2025/05/28	2.336	2.349	2.336	2.346	2661842	6233143.50
2025/05/29	2.348	2.376	2.344	2.346	3081213	7260426.50
2025/05/30	2.340	2.356	2.334	2.346	1922258	4500433.00
2025/06/03	2.344	2.348	2.307	2.318	1069011	2482960.25
2025/06/04	2.318	2.329	2.318	2.320	899226	2087846.38
2025/06/05	2.328	2.347	2.317	2.347	575814	1345877.25
2025/06/06	2.347	2.360	2.346	2.350	993562	2335385.75
2025/06/09	2.347	2.380	2.344	2.363	1615470	3821347.25
2025/06/10	2.362	2.370	2.341	2.355	2889484	6802737.00
2025/06/11	2.365	2.378	2.349	2.360	2455677	5800857.50
2025/06/12	2.356	2.380	2.356	2.380	4757908	11281669.00
2025/06/13	2.380	2.381	2.374	2.381	1873368	4454824.50
2025/06/16	2.365	2.370	2.345	2.365	1671218	3935190.75
2025/06/17	2.356	2.398	2.354	2.386	3650521	8702596.00
2025/06/18	2.382	2.438	2.371	2.430	2775517	6701485.50
2025/06/19	2.436	2.437	2.400	2.412	2003007	4831868.50
2025/06/20	2.418	2.422	2.386	2.404	1049341	2514325.50
2025/06/23	2.406	2.406	2.389	2.390	1971407	4713260.00
2025/06/24	2.386	2.389	2.353	2.358	3667082	8671209.00
2025/06/25	2.358	2.378	2.355	2.375	4511247	10686871.00
2025/06/26	2.375	2.390	2.366	2.390	2930652	6971970.50
2025/06/27	2.391	2.397	2.380	2.389	2371770	5668631.50
2025/06/30	2.386	2.390	2.380	2.390	1321036	3154365.75
2025/07/01	2.396	2.409	2.386	2.406	1485985	3563501.00
2025/07/02	2.406	2.438	2.406	2.435	2340020	5681955.00
2025/07/03	2.447	2.478	2.431	2.455	4518289	11096398.00
2025/07/04	2.455	2.474	2.430	2.440	3198570	7853209.50
2025/07/07	2.447	2.449	2.405	2.425	2687180	6499259.00
2025/07/08	2.415	2.424	2.408	2.416	2106644	5087675.50
2025/07/09	2.416	2.416	2.405	2.412	1025689	2468853.75
2025/07/10	2.412	2.415	2.394	2.402	2557004	6137693.00
2025/07/11	2.396	2.397	2.374	2.389	8884222	21176142.00
2025/07/14	2.389	2.397	2.375	2.397	870073	2077978.75
2025/07/15	2.406	2.414	2.402	2.412	1817951	4379389.00
2025/07/16	2.407	2.438	2.407	2.438	2518783	6099424.50
2025/07/17	2.446	2.466	2.420	2.435	2800749	6828893.00
2025/07/18	2.445	2.459	2.426	2.426	6503859	15818900.00
2025/07/21	2.426	2.446	2.397	2.417	5703889	13733964.00
2025/07/22	2.426	2.435	2.380	2.390	1701211	4091606.75
2025/07/23	2.390	2.410	2.347	2.383	2129271	5055193.50
2025/07/24	2.373	2.400	2.373	2.399	3903001	9320292.00
2025/07/25	2.399	2.400	2.384	2.398	1155000	2768769.50
2025/07/28	2.396	2.406	2.391	2.406	1172382	2807891.25
2025/07/29	2.406	2.406	2.392	2.394	397597	952022.63
2025/07/30	2.394	2.398	2.389	2.396	1239836	2967711.75
2025/07/31	2.396	2.403	2.389	2.395	1935018	4635940.50
2025/08/01	2.402	2.405	2.384	2.391	2799827	6692844.50
2025/08/04	2.396	2.396	2.382	2.391	1065677	2541260.00
2025/08/05	2.388	2.393	2.373	2.381	1661452	3959573.75
2025/08/06	2.378	2.381	2.368	2.377	921555	2188615.25
2025/08/07	2.366	2.377	2.366	2.373	179800	426492.09
2025/08/08	2.373	2.380	2.347	2.356	3010139	7096316.00
2025/08/11	2.356	2.358	2.348	2.353	187916	442256.81
2025/08/12	2.360	2.360	2.345	2.352	1518140	3563804.75
2025/08/13	2.346	2.353	2.346	2.352	198719	466838.16
2025/08/14	2.355	2.355	2.346	2.350	842786	1978385.13
2025/08/15	2.341	2.354	2.320	2.341	1525407	3558238.50
2025/08/18	2.342	2.345	2.285	2.297	4226048	9830745.00
2025/08/19	2.297	2.300	2.270	2.285	2607707	5939667.50
2025/08/20	2.286	2.316	2.285	2.306	2093966	4832479.50
2025/08/21	2.316	2.324	2.306	2.310	2741770	6356978.00
2025/08/22	2.326	2.344	2.300	2.303	1105404	2559968.75
2025/08/25	2.303	2.326	2.297	2.315	1337323	3090249.50
2025/08/26	2.316	2.376	2.316	2.362	1682094	3938878.25
2025/08/27	2.370	2.370	2.346	2.350	1085969	2553255.25
2025/08/28	2.339	2.340	2.313	2.335	901217	2097477.50
2025/08/29	2.330	2.330	2.320	2.330	907980	2110414.75
2025/09/01	2.323	2.330	2.318	2.330	1890962	4391530.00
2025/09/02	2.330	2.345	2.319	2.334	1943985	4531853.00
2025/09/03	2.331	2.340	2.324	2.340	4417725	10306951.00
2025/09/04	2.340	2.340	2.327	2.336	733460	1710045.88
2025/09/05	2.329	2.336	2.326	2.336	1122315	2615906.25
2025/09/08	2.332	2.332	2.322	2.330	688031	1600574.75
2025/09/09	2.330	2.340	2.330	2.336	1428104	3334924.25
2025/09/10	2.338	2.338	2.318	2.329	517400	1202955.00
2025/09/11	2.319	2.327	2.317	2.325	75727	175851.00
2025/09/12	2.318	2.327	2.314	2.318	401248	930227.94
2025/09/15	2.316	2.320	2.310	2.311	120670	279168.75
2025/09/16	2.311	2.315	2.301	2.315	1176833	2713928.50
2025/09/17	2.306	2.326	2.305	2.321	777650	1805882.13
2025/09/18	2.321	2.329	2.310	2.325	697245	1618345.38
2025/09/19	2.325	2.325	2.316	2.320	163828	379807.81
2025/09/22	2.318	2.318	2.306	2.315	284629	657220.38
2025/09/23	2.312	2.313	2.301	2.313	220106	508092.56
2025/09/24	2.313	2.320	2.302	2.320	705821	1627954.63
2025/09/25	2.307	2.313	2.297	2.308	801484	1845462.25
2025/09/26	2.308	2.308	2.297	2.307	336727	775201.00
2025/09/29	2.302	2.308	2.298	2.308	886186	2038725.25
2025/09/30	2.297	2.316	2.297	2.314	333662	770563.19
2025/10/09	2.315	2.316	2.304	2.309	400446	924462.25
2025/10/10	2.297	2.313	2.297	2.302	690185	1589393.50
2025/10/13	2.298	2.313	2.293	2.300	1573630	3623374.75
2025/10/14	2.294	2.301	2.293	2.299	66247	152146.00
2025/10/15	2.291	2.304	2.289	2.296	483070	1107218.63
2025/10/16	2.296	2.297	2.285	2.292	310177	710210.56
2025/10/17	2.289	2.294	2.260	2.277	1470537	3347660.25
2025/10/20	2.266	2.284	2.252	2.259	1107308	2505980.75
2025/10/21	2.251	2.264	2.236	2.243	885992	1990817.63
2025/10/22	2.234	2.242	2.209	2.242	673544	1503689.50
2025/10/23	2.230	2.254	2.230	2.248	348099	782110.75
2025/10/24	2.244	2.249	2.242	2.248	338045	759360.44
2025/10/27	2.246	2.246	2.199	2.208	2577900	5714833.00
2025/10/28	2.200	2.220	2.200	2.220	914462	2024402.88
2025/10/29	2.213	2.226	2.213	2.225	653815	1452817.38
2025/10/30	2.226	2.230	2.207	2.230	1073774	2386000.50
2025/10/31	2.229	2.229	2.177	2.195	7048900	15494603.00
2025/11/03	2.178	2.196	2.106	2.145	5653526	12064046.00
2025/11/04	2.146	2.152	2.100	2.110	2638055	5617486.00
2025/11/05	2.109	2.136	2.091	2.117	1908274	4032523.75
2025/11/06	2.117	2.122	2.106	2.116	290212	612836.63
2025/11/07	2.116	2.150	2.113	2.140	2102760	4493104.50
2025/11/10	2.140	2.148	2.102	2.112	5520159	11666306.00
2025/11/11	2.114	2.126	2.092	2.100	2789874	5870749.00
2025/11/12	2.100	2.100	2.090	2.099	1392213	2916878.50
2025/11/13	2.094	2.102	2.078	2.088	2470833	5166475.50
2025/11/14	2.091	2.108	2.081	2.090	3707376	7749470.50
2025/11/17	2.080	2.094	2.077	2.091	1294359	2699644.25
2025/11/18	2.091	2.094	2.079	2.085	1899451	3957378.50
2025/11/19	2.083	2.083	2.062	2.073	1684108	3493386.00
2025/11/20	2.075	2.075	2.064	2.074	1347404	2790862.00
2025/11/21	2.074	2.076	2.057	2.075	2725252	5621116.00
2025/11/24	2.075	2.075	2.036	2.041	5532700	11323362.00
2025/11/25	2.035	2.046	2.030	2.041	2015045	4100327.50
2025/11/26	2.034	2.042	2.025	2.032	2401996	4878696.00
2025/11/27	2.032	2.032	1.996	2.012	3275304	6585668.50
2025/11/28	2.012	2.072	2.012	2.047	3334366	6759275.00
2025/12/01	2.046	2.066	2.046	2.060	2453911	5045574.00
2025/12/02	2.061	2.107	2.057	2.095	3359193	6955669.50
2025/12/03	2.060	2.060	2.040	2.040	125210	256223.16
2025/12/04	2.036	2.040	2.021	2.024	1878455	3812426.75
2025/12/05	2.024	2.024	1.987	2.007	2558665	5115249.00
2025/12/08	1.996	2.008	1.965	1.979	1924870	3826409.75
2025/12/09	1.980	1.985	1.951	1.976	855214	1680125.88
2025/12/10	1.976	1.991	1.966	1.986	712671	1409759.75
2025/12/11	1.986	1.999	1.972	1.988	474741	942972.00
2025/12/12	1.995	1.995	1.977	1.994	488700	972822.69
2025/12/15	1.990	2.016	1.990	1.997	1580698	3164619.75
2025/12/16	1.999	2.006	1.980	1.987	482600	958262.00
2025/12/17	1.996	1.996	1.981	1.993	166681	332148.00
2025/12/18	1.993	1.997	1.987	1.993	245900	489746.50
2025/12/19	1.988	1.995	1.971	1.990	745565	1478069.13
2025/12/22	1.995	2.000	1.981	2.000	1070418	2128716.50
2025/12/23	2.006	2.006	1.968	1.999	959297	1904234.63
2025/12/24	1.999	2.025	1.985	2.025	1364947	2740281.50
2025/12/25	2.019	2.045	2.010	2.045	372401	757270.00
2025/12/26	2.046	2.046	2.026	2.045	308279	629145.38
2025/12/29	2.040	2.040	2.012	2.019	793367	1600317.00
2025/12/30	2.014	2.029	2.014	2.029	465427	941843.81
2025/12/31	2.036	2.067	2.016	2.067	593133	1210638.50
2026/01/05	2.067	2.067	2.056	2.059	520162	1071113.25
2026/01/06	2.059	2.095	2.050	2.095	1391912	2884341.00
2026/01/07	2.076	2.112	2.076	2.112	496251	1040644.31
2026/01/08	2.096	2.159	2.087	2.156	746172	1591918.38
2026/01/09	2.146	2.182	2.146	2.164	1337945	2900585.75
2026/01/12	2.164	2.200	2.128	2.194	1223628	2650877.25
2026/01/13	2.194	2.194	2.174	2.185	796746	1737644.38
2026/01/14	2.179	2.195	2.176	2.186	1767540	3864722.75
2026/01/15	2.177	2.177	2.152	2.156	380421	821340.69
2026/01/16	2.149	2.167	2.134	2.135	1000641	2150317.75
2026/01/19	2.132	2.133	2.114	2.127	1757986	3730749.00
2026/01/20	2.119	2.132	2.117	2.130	1755005	3731847.00
2026/01/21	2.127	2.129	2.119	2.125	1397364	2963520.75
2026/01/22	2.126	2.136	2.112	2.136	1295285	2754151.25
2026/01/23	2.127	2.128	2.104	2.124	2405933	5094013.50
2026/01/26	2.111	2.117	2.093	2.108	569005	1200474.38
2026/01/27	2.115	2.116	2.102	2.116	1494812	3154179.75
2026/01/28	2.116	2.154	2.106	2.153	989737	2104765.25
2026/01/29	2.148	2.173	2.133	2.173	768783	1658835.50
2026/01/30	2.172	2.185	2.152	2.170	1387976	3006715.00
2026/02/02	2.170	2.170	2.141	2.153	282770	607495.13
2026/02/03	2.138	2.155	2.138	2.149	1335522	2870341.00
2026/02/04	2.149	2.155	2.149	2.154	530254	1140728.63
2026/02/05	2.156	2.156	2.147	2.154	140180	301294.50
2026/02/06	2.155	2.155	2.146	2.154	82479	177541.19
2026/02/09	2.166	2.174	2.157	2.170	281606	610142.06
2026/02/10	2.170	2.201	2.167	2.200	593560	1293897.25
2026/02/11	2.218	2.218	2.169	2.196	1343126	2949276.50
2026/02/12	2.166	2.202	2.166	2.202	259548	570211.56
2026/02/13	2.200	2.215	2.199	2.205	1356870	2995228.75
2026/02/24	2.205	2.216	2.172	2.178	524190	1143057.88
2026/02/25	2.170	2.173	2.160	2.165	1302837	2820605.25
2026/02/26	2.157	2.164	2.150	2.159	820473	1766259.75
2026/02/27	2.166	2.166	2.155	2.165	972590	2098446.25
2026/03/02	2.160	2.165	2.147	2.165	323868	698793.94
2026/03/03	2.152	2.188	2.152	2.185	701427	1530433.38
2026/03/04	2.176	2.185	2.162	2.185	545930	1188147.25
2026/03/05	2.185	2.190	2.184	2.188	377807	825713.00
2026/03/06	2.186	2.186	2.165	2.171	315522	684918.63
2026/03/09	2.156	2.165	2.126	2.139	968962	2071255.50
2026/03/10	2.129	2.176	2.127	2.153	1350013	2911458.00
2026/03/11	2.147	2.159	2.126	2.140	379010	809756.75
2026/03/12	2.140	2.153	2.113	2.117	1558055	3309807.25
2026/03/13	2.117	2.120	2.112	2.120	226325	479135.28
2026/03/16	2.114	2.126	2.114	2.123	181030	384095.50
2026/03/17	2.116	2.127	2.084	2.115	1547030	3248339.75
2026/03/18	2.101	2.111	2.096	2.111	212771	447774.00
2026/03/19	2.111	2.114	2.103	2.114	162689	343447.34
2026/03/20	2.101	2.136	2.101	2.115	575666	1217687.13
2026/03/23	2.106	2.116	2.063	2.097	312800	655308.94
2026/03/24	2.090	2.095	2.083	2.095	147815	308843.25
2026/04/03	2.086	2.090	2.067	2.090	157845	329150.97
#Ъ§ОнРДдД:ЭЈДяаХ
