180102 »ЄПДєП·КёЯРВREIT ИХПЯ І»ёґИЁ
      ИХЖЪ	    їЄЕМ	    ЧоёЯ	    ЧоµН	    КХЕМ	    іЙЅ»Бї	    іЙЅ»¶о
2022/10/10	2.847	2.847	2.847	2.847	32944545	93793120.00
2022/10/11	2.902	2.902	2.656	2.665	46590865	127475000.00
2022/10/12	2.665	2.735	2.613	2.719	18922379	50817384.00
2022/10/13	2.704	2.729	2.680	2.710	8198337	22163622.00
2022/10/14	2.703	2.713	2.661	2.673	10037875	27018560.00
2022/10/17	2.673	2.673	2.659	2.669	2530369	6743297.00
2022/10/18	2.670	2.714	2.666	2.686	7542627	20299516.00
2022/10/19	2.685	2.694	2.663	2.666	4178127	11172840.00
2022/10/20	2.666	2.670	2.643	2.651	5244472	13912519.00
2022/10/21	2.651	2.657	2.606	2.638	12765954	33531766.00
2022/10/24	2.631	2.631	2.590	2.594	6096487	15921971.00
2022/10/25	2.594	2.594	2.551	2.574	8519023	21863974.00
2022/10/26	2.573	2.607	2.550	2.574	9534352	24534884.00
2022/10/27	2.577	2.604	2.556	2.578	9681042	25011592.00
2022/10/28	2.578	2.600	2.575	2.588	5717442	14757691.00
2022/10/31	2.589	2.596	2.551	2.582	4027474	10402204.00
2022/11/01	2.582	2.620	2.582	2.608	5473712	14215267.00
2022/11/02	2.608	2.669	2.600	2.656	6607815	17465720.00
2022/11/03	2.656	2.663	2.639	2.654	7719886	20485826.00
2022/11/04	2.654	2.699	2.640	2.688	11186238	29977258.00
2022/11/07	2.688	2.699	2.670	2.688	9354783	25115902.00
2022/11/08	2.685	2.685	2.631	2.659	8091071	21495584.00
2022/11/09	2.655	2.658	2.627	2.640	5039728	13312081.00
2022/11/10	2.642	2.644	2.621	2.635	10383721	27282802.00
2022/11/11	2.635	2.660	2.635	2.651	5385394	14285619.00
2022/11/14	2.650	2.656	2.633	2.642	2383007	6306917.00
2022/11/15	2.670	2.670	2.600	2.618	2839342	7442450.50
2022/11/16	2.618	2.632	2.598	2.605	5261469	13741394.00
2022/11/17	2.601	2.611	2.588	2.611	8066150	20959508.00
2022/11/18	2.608	2.618	2.583	2.606	5757630	14969883.00
2022/11/21	2.602	2.649	2.583	2.649	8207480	21454052.00
2022/11/22	2.649	2.650	2.620	2.638	1381782	3647254.50
2022/11/23	2.638	2.648	2.620	2.636	7268685	19151336.00
2022/11/24	2.636	2.647	2.626	2.640	2636148	6949214.00
2022/11/25	2.641	2.659	2.641	2.654	4805125	12745781.00
2022/11/28	2.654	2.661	2.624	2.661	4181816	11074622.00
2022/11/29	2.652	2.678	2.650	2.676	5206408	13870839.00
2022/11/30	2.669	2.679	2.653	2.666	7723940	20603762.00
2022/12/01	2.650	2.681	2.650	2.680	6125871	16387139.00
2022/12/02	2.680	2.686	2.667	2.678	7114957	19050508.00
2022/12/05	2.660	2.695	2.660	2.680	5178160	13895996.00
2022/12/06	2.680	2.692	2.665	2.670	7073340	18934148.00
2022/12/07	2.668	2.668	2.650	2.660	7592236	20189508.00
2022/12/08	2.655	2.667	2.644	2.650	8428683	22364148.00
2022/12/09	2.650	2.650	2.638	2.641	3130212	8272003.50
2022/12/12	2.640	2.646	2.631	2.636	7099577	18723464.00
2022/12/13	2.636	2.636	2.617	2.620	8263213	21722960.00
2022/12/14	2.620	2.632	2.607	2.610	4229524	11038247.00
2022/12/15	2.611	2.618	2.608	2.617	6311397	16497543.00
2022/12/16	2.617	2.620	2.608	2.618	8192295	21422098.00
2022/12/19	2.618	2.623	2.610	2.619	4643688	12154830.00
2022/12/20	2.619	2.628	2.581	2.589	6125774	15894052.00
2022/12/21	2.589	2.589	2.573	2.584	3501755	9041132.00
2022/12/22	2.581	2.598	2.579	2.595	2760836	7144023.00
2022/12/23	2.603	2.608	2.594	2.606	3984529	10366707.00
2022/12/26	2.606	2.616	2.588	2.600	6526619	16974778.00
2022/12/27	2.597	2.601	2.556	2.557	3105395	8026976.50
2022/12/28	2.560	2.561	2.427	2.472	8579211	21281546.00
2022/12/29	2.461	2.461	2.398	2.450	5649568	13665290.00
2022/12/30	2.449	2.454	2.398	2.445	8220737	19843994.00
2023/01/03	2.434	2.434	2.377	2.395	5660855	13581059.00
2023/01/04	2.400	2.400	2.373	2.378	5942420	14157023.00
2023/01/05	2.383	2.385	2.332	2.356	4392277	10343253.00
2023/01/06	2.356	2.392	2.330	2.391	7377405	17353926.00
2023/01/09	2.390	2.405	2.371	2.404	6952957	16595954.00
2023/01/10	2.408	2.437	2.398	2.433	4842649	11731240.00
2023/01/11	2.435	2.463	2.423	2.455	8061340	19750918.00
2023/01/12	2.454	2.463	2.443	2.450	995259	2444199.75
2023/01/13	2.450	2.451	2.430	2.436	1404075	3426335.75
2023/01/16	2.435	2.458	2.432	2.436	3332843	8134158.50
2023/01/17	2.436	2.445	2.417	2.421	2827550	6857231.00
2023/01/18	2.421	2.437	2.421	2.435	2143898	5201450.50
2023/01/19	2.434	2.439	2.421	2.438	2757624	6713666.50
2023/01/20	2.439	2.454	2.439	2.452	879010	2153166.00
2023/01/30	2.453	2.470	2.453	2.460	1978515	4870697.00
2023/01/31	2.470	2.500	2.451	2.494	2397570	5954355.00
2023/02/01	2.508	2.520	2.490	2.506	3966349	9966203.00
2023/02/02	2.507	2.523	2.491	2.499	1582705	3955553.50
2023/02/03	2.499	2.508	2.483	2.507	3130124	7829925.00
2023/02/06	2.501	2.518	2.481	2.506	7054028	17727224.00
2023/02/07	2.506	2.508	2.489	2.508	3604614	9003629.00
2023/02/08	2.498	2.508	2.490	2.502	1921850	4807534.50
2023/02/09	2.490	2.501	2.486	2.495	2369244	5912011.50
2023/02/10	2.495	2.517	2.494	2.508	4953613	12402202.00
2023/02/13	2.508	2.530	2.500	2.524	4175386	10526884.00
2023/02/14	2.524	2.542	2.520	2.542	3549824	8991236.00
2023/02/15	2.542	2.570	2.529	2.548	4054144	10343156.00
2023/02/16	2.548	2.564	2.545	2.561	4316195	11036015.00
2023/02/17	2.562	2.569	2.556	2.566	2683391	6878177.00
2023/02/20	2.566	2.590	2.560	2.583	6477679	16679738.00
2023/02/21	2.583	2.595	2.580	2.584	2976008	7696217.50
2023/02/22	2.582	2.584	2.575	2.577	1198516	3091676.50
2023/02/23	2.577	2.577	2.553	2.559	2047785	5245398.00
2023/02/24	2.559	2.559	2.520	2.545	2924432	7442258.50
2023/02/27	2.544	2.545	2.530	2.543	6586882	16726718.00
2023/02/28	2.543	2.543	2.460	2.537	3384917	8579527.00
2023/03/01	2.530	2.539	2.525	2.535	4917170	12460845.00
2023/03/02	2.534	2.538	2.523	2.528	4560577	11533828.00
2023/03/03	2.527	2.532	2.516	2.520	6024400	15195928.00
2023/03/06	2.519	2.534	2.500	2.522	4320710	10905384.00
2023/03/07	2.520	2.528	2.500	2.516	2686215	6773554.00
2023/03/08	2.518	2.518	2.500	2.502	3524975	8837635.00
2023/03/09	2.503	2.506	2.494	2.501	4167087	10411871.00
2023/03/10	2.483	2.504	2.483	2.500	6880590	17206164.00
2023/03/13	2.499	2.523	2.490	2.521	6189180	15509164.00
2023/03/14	2.521	2.526	2.513	2.521	6583959	16596070.00
2023/03/15	2.518	2.532	2.514	2.519	5478459	13795227.00
2023/03/16	2.519	2.520	2.505	2.509	5040444	12664411.00
2023/03/17	2.508	2.512	2.502	2.510	2336647	5864746.00
2023/03/20	2.510	2.517	2.499	2.507	2096951	5253825.00
2023/03/21	2.506	2.507	2.496	2.505	1760760	4409417.00
2023/03/22	2.503	2.511	2.503	2.506	3776751	9460757.00
2023/03/23	2.500	2.512	2.500	2.512	3568692	8945509.00
2023/03/24	2.509	2.514	2.508	2.513	3837172	9633116.00
2023/03/27	2.513	2.519	2.508	2.512	1581716	3978462.50
2023/03/28	2.515	2.519	2.498	2.499	2403703	6027291.50
2023/03/29	2.500	2.504	2.491	2.492	1687146	4208184.50
2023/03/30	2.492	2.520	2.488	2.494	4503746	11226051.00
2023/03/31	2.487	2.516	2.487	2.512	3589071	9008096.00
2023/04/03	2.516	2.525	2.501	2.517	2547547	6398396.50
2023/04/04	2.518	2.518	2.506	2.512	1548936	3888644.25
2023/04/06	2.511	2.511	2.494	2.494	1724143	4304875.50
2023/04/07	2.494	2.500	2.492	2.496	2701646	6739833.50
2023/04/10	2.496	2.499	2.490	2.495	3414950	8524038.00
2023/04/11	2.495	2.498	2.470	2.483	2656377	6599040.00
2023/04/12	2.482	2.482	2.446	2.464	3675989	9048510.00
2023/04/13	2.460	2.469	2.434	2.465	2604611	6377120.50
2023/04/14	2.465	2.483	2.400	2.483	5478583	13474074.00
2023/04/17	2.483	2.500	2.462	2.500	3331092	8261455.00
2023/04/18	2.510	2.512	2.495	2.512	3036510	7602974.00
2023/04/19	2.513	2.520	2.504	2.510	3163139	7947942.00
2023/04/20	2.510	2.512	2.500	2.511	2743999	6873348.00
2023/04/21	2.479	2.494	2.451	2.482	4371378	10792065.00
2023/04/24	2.453	2.488	2.426	2.488	4618026	11340159.00
2023/04/25	2.488	2.496	2.458	2.472	1597062	3965328.00
2023/04/26	2.472	2.472	2.450	2.468	1734017	4270848.50
2023/04/27	2.466	2.474	2.446	2.455	1014523	2489835.50
2023/04/28	2.416	2.454	2.401	2.440	4179119	10136271.00
2023/05/04	2.449	2.453	2.423	2.428	1059540	2576762.75
2023/05/05	2.438	2.438	2.406	2.413	657458	1587889.75
2023/05/08	2.413	2.425	2.394	2.396	1409802	3386572.00
2023/05/09	2.395	2.395	2.345	2.375	2077802	4906331.50
2023/05/10	2.360	2.402	2.360	2.396	3139109	7484549.00
2023/05/11	2.396	2.424	2.391	2.423	3334679	8046921.00
2023/05/12	2.414	2.422	2.386	2.420	1756995	4224270.50
2023/05/15	2.417	2.420	2.380	2.401	1487829	3575103.75
2023/05/16	2.401	2.406	2.380	2.400	1059668	2539711.75
2023/05/17	2.400	2.409	2.381	2.397	6839626	16390483.00
2023/05/18	2.395	2.397	2.376	2.395	2345276	5586933.00
2023/05/19	2.391	2.397	2.378	2.392	5284488	12623417.00
2023/05/22	2.392	2.399	2.384	2.397	2421950	5798824.50
2023/05/23	2.397	2.400	2.384	2.398	3737389	8951382.00
2023/05/24	2.398	2.401	2.383	2.399	2557672	6126146.50
2023/05/25	2.387	2.392	2.360	2.378	1134317	2697509.00
2023/05/26	2.369	2.373	2.359	2.360	1534214	3629613.50
2023/05/29	2.360	2.368	2.340	2.349	4990019	11735951.00
2023/05/30	2.349	2.349	2.320	2.328	2883875	6719271.00
2023/05/31	2.328	2.340	2.293	2.296	4841493	11141196.00
2023/06/01	2.293	2.297	2.277	2.280	1382467	3160259.75
2023/06/02	2.277	2.297	2.210	2.254	4215486	9515563.00
2023/06/05	2.251	2.255	2.194	2.194	1272433	2815462.50
2023/06/06	2.204	2.208	2.110	2.159	3985004	8498217.00
2023/06/07	2.159	2.190	2.101	2.190	6277209	13482794.00
2023/06/08	2.190	2.245	2.152	2.242	5438909	11929088.00
2023/06/09	2.242	2.263	2.219	2.235	4316051	9649607.00
2023/06/12	2.233	2.237	2.190	2.232	2847424	6326127.00
2023/06/13	2.220	2.233	2.202	2.227	1219196	2715688.50
2023/06/14	2.191	2.235	2.191	2.222	7164511	15963616.00
2023/06/15	2.224	2.234	2.221	2.234	993033	2208495.50
2023/06/16	2.234	2.245	2.229	2.245	1948281	4356890.00
2023/06/19	2.245	2.245	2.200	2.223	2159027	4781576.50
2023/06/20	2.223	2.233	2.205	2.220	1072101	2375020.25
2023/06/21	2.220	2.220	2.200	2.206	3806324	8410558.00
2023/06/26	2.205	2.205	2.140	2.180	2015259	4399488.50
2023/06/27	2.165	2.179	2.155	2.179	5374084	11610558.00
2023/06/28	2.150	2.175	2.150	2.173	2640273	5716920.50
2023/06/29	2.173	2.182	2.152	2.171	2823598	6127162.50
2023/06/30	2.171	2.171	2.135	2.148	6602760	14158182.00
2023/07/03	2.148	2.148	2.117	2.121	1882527	4014572.75
2023/07/04	2.120	2.120	2.091	2.105	3551734	7473347.50
2023/07/05	2.105	2.110	2.082	2.082	3296665	6914380.00
2023/07/06	2.082	2.137	2.082	2.100	4822914	10111077.00
2023/07/07	2.100	2.170	2.095	2.147	2752929	5860714.00
2023/07/10	2.143	2.147	2.125	2.128	4228395	9014937.00
2023/07/11	2.129	2.135	2.120	2.125	3421144	7269333.00
2023/07/12	2.125	2.133	2.110	2.111	1784726	3770563.25
2023/07/13	2.111	2.124	2.071	2.115	2488764	5249953.50
2023/07/14	2.115	2.149	2.114	2.136	2810864	6001299.00
2023/07/17	2.140	2.173	2.121	2.162	4379991	9459878.00
2023/07/18	2.163	2.249	2.163	2.240	6283479	13804891.00
2023/07/19	2.242	2.242	2.194	2.196	4581464	10099468.00
2023/07/20	2.185	2.190	2.165	2.176	3395309	7377173.00
2023/07/21	2.165	2.201	2.163	2.193	3356983	7353718.50
2023/07/24	2.193	2.221	2.173	2.210	4421177	9767186.00
2023/07/25	2.149	2.242	2.149	2.212	2276342	5053789.50
2023/07/26	2.198	2.248	2.198	2.211	3004742	6645374.00
2023/07/27	2.211	2.219	2.195	2.204	1557420	3436956.50
2023/07/28	2.204	2.218	2.193	2.206	3595352	7930956.50
2023/07/31	2.206	2.250	2.190	2.208	4486838	9905896.00
2023/08/01	2.204	2.235	2.201	2.219	6379535	14169850.00
2023/08/02	2.227	2.248	2.218	2.222	3187782	7108811.50
2023/08/03	2.222	2.238	2.221	2.230	1481382	3299827.50
2023/08/04	2.229	2.235	2.221	2.233	2743206	6112431.00
2023/08/07	2.229	2.242	2.223	2.242	3732073	8342811.00
2023/08/08	2.242	2.263	2.232	2.261	2951498	6639066.00
2023/08/09	2.261	2.273	2.253	2.270	2192417	4975037.50
2023/08/10	2.262	2.280	2.236	2.258	4694230	10607897.00
2023/08/11	2.254	2.258	2.234	2.235	1934175	4349466.50
2023/08/14	2.230	2.256	2.201	2.256	2228711	4928464.00
2023/08/15	2.242	2.265	2.242	2.265	3612980	8162479.00
2023/08/16	2.264	2.272	2.235	2.270	2956198	6654994.50
2023/08/17	2.264	2.265	2.245	2.257	2771055	6251401.50
2023/08/18	2.257	2.264	2.240	2.250	3871271	8717548.00
2023/08/21	2.245	2.250	2.235	2.250	1794609	4020290.75
2023/08/22	2.240	2.246	2.201	2.239	1633406	3640845.25
2023/08/23	2.210	2.242	2.210	2.217	1588581	3536827.25
2023/08/24	2.214	2.219	2.190	2.208	1723761	3805066.75
2023/08/25	2.205	2.239	2.200	2.235	1674733	3713268.75
2023/08/28	2.245	2.267	2.245	2.249	1506111	3396752.25
2023/08/29	2.266	2.266	2.249	2.253	2261942	5103449.50
2023/08/30	2.253	2.273	2.245	2.273	1873267	4229317.00
2023/08/31	2.263	2.263	2.217	2.226	1617343	3598361.50
2023/09/01	2.248	2.288	2.216	2.230	1252354	2791156.75
2023/09/04	2.230	2.244	2.229	2.231	1115238	2492232.00
2023/09/05	2.225	2.233	2.225	2.230	727284	1621250.38
2023/09/06	2.230	2.241	2.205	2.238	1076323	2404314.75
2023/09/07	2.230	2.251	2.230	2.245	1039625	2333292.25
2023/09/08	2.245	2.260	2.180	2.260	1105578	2481675.75
2023/09/11	2.251	2.273	2.251	2.264	2302330	5216985.50
2023/09/12	2.264	2.270	2.261	2.270	1557627	3529505.75
2023/09/13	2.268	2.273	2.263	2.270	1444766	3276369.50
2023/09/14	2.270	2.275	2.259	2.259	1253700	2840960.75
2023/09/15	2.259	2.269	2.250	2.269	3251913	7355574.00
2023/09/18	2.269	2.269	2.259	2.267	1132422	2562466.50
2023/09/19	2.249	2.259	2.235	2.245	1511066	3405234.00
2023/09/20	2.240	2.240	2.216	2.222	1306804	2907791.25
2023/09/21	2.219	2.230	2.193	2.229	1455474	3208730.25
2023/09/22	2.219	2.234	2.213	2.231	927626	2062740.00
2023/09/25	2.230	2.230	2.224	2.229	636001	1416139.63
2023/09/26	2.229	2.230	2.220	2.220	895062	1992236.75
2023/09/27	2.220	2.226	2.217	2.220	1257716	2792637.75
2023/09/28	2.220	2.240	2.211	2.217	2341624	5213631.00
2023/10/09	2.218	2.220	2.211	2.211	1530464	3388606.00
2023/10/10	2.211	2.224	2.211	2.219	1595907	3539940.50
2023/10/11	2.228	2.228	2.216	2.220	1008460	2238137.25
2023/10/12	2.217	2.223	2.203	2.213	1847658	4091237.25
2023/10/13	2.209	2.214	2.196	2.205	1628113	3593732.50
2023/10/16	2.187	2.208	2.187	2.208	1336280	2937057.25
2023/10/17	2.200	2.200	2.165	2.187	2855858	6222783.00
2023/10/18	2.158	2.184	2.157	2.184	1494090	3248526.25
2023/10/19	2.163	2.183	2.150	2.183	2238003	4838991.50
2023/10/20	2.183	2.183	2.150	2.169	1880357	4060183.25
2023/10/23	2.165	2.165	2.116	2.143	913026	1957668.63
2023/10/24	2.103	2.168	2.103	2.158	1498609	3205592.00
2023/10/25	2.151	2.188	2.151	2.170	2165627	4712056.50
2023/10/26	2.170	2.170	2.147	2.158	1852241	3986591.75
2023/10/27	2.147	2.170	2.142	2.149	1737311	3738718.50
2023/10/30	2.149	2.149	2.106	2.118	2632482	5584472.50
2023/10/31	2.118	2.118	2.098	2.105	1739159	3659807.00
2023/11/01	2.100	2.109	2.080	2.088	1719561	3597233.25
2023/11/02	2.088	2.090	2.051	2.090	2287302	4739494.50
2023/11/03	2.090	2.096	2.070	2.095	1924662	4013895.00
2023/11/06	2.095	2.095	2.064	2.089	2541717	5295256.00
2023/11/07	2.072	2.090	2.070	2.086	2126085	4410838.00
2023/11/08	2.085	2.125	2.085	2.105	2017205	4239333.00
2023/11/09	2.106	2.127	2.100	2.118	2970318	6283181.00
2023/11/10	2.118	2.123	2.104	2.111	1421062	3001827.50
2023/11/13	2.112	2.125	2.080	2.102	2077022	4367581.00
2023/11/14	2.081	2.110	2.061	2.081	3542403	7372146.00
2023/11/15	2.079	2.082	2.042	2.070	3702782	7623118.50
2023/11/16	2.064	2.064	2.052	2.055	519116	1066969.38
2023/11/17	2.055	2.058	2.049	2.051	652518	1341029.75
2023/11/20	2.015	2.060	2.010	2.037	4794026	9698297.00
2023/11/21	2.031	2.031	2.011	2.029	1977122	3990810.75
2023/11/22	2.029	2.029	1.991	2.004	2095477	4193461.25
2023/11/23	2.000	2.005	1.941	1.977	3090373	6068959.00
2023/11/24	1.962	1.972	1.918	1.927	3067932	5922048.00
2023/11/27	1.920	1.920	1.840	1.855	6646759	12398735.00
2023/11/28	1.850	1.855	1.759	1.770	12780644	22830970.00
2023/11/29	1.770	1.789	1.741	1.786	9613012	16851908.00
2023/11/30	1.793	1.820	1.767	1.808	9580601	17190412.00
2023/12/01	1.804	1.809	1.795	1.808	6609855	11903754.00
2023/12/04	1.808	1.808	1.774	1.802	5916584	10641098.00
2023/12/05	1.781	1.808	1.767	1.798	7182826	12822415.00
2023/12/06	1.770	1.804	1.768	1.797	6616871	11913490.00
2023/12/07	1.797	1.798	1.771	1.796	4179498	7434529.50
2023/12/08	1.782	1.795	1.761	1.772	5724634	10172324.00
2023/12/11	1.763	1.769	1.733	1.768	5112619	8934209.00
2023/12/12	1.768	1.768	1.731	1.751	7193641	12575671.00
2023/12/13	1.748	1.748	1.720	1.736	4674236	8061812.00
2023/12/14	1.734	1.734	1.686	1.695	5449942	9269528.00
2023/12/15	1.693	1.708	1.660	1.705	10024195	16801910.00
2023/12/18	1.703	1.707	1.675	1.701	7444506	12607299.00
2023/12/19	1.691	1.719	1.672	1.698	7613505	12780677.00
2023/12/20	1.698	1.760	1.682	1.750	8509177	14479530.00
2023/12/21	1.743	1.807	1.704	1.796	7966360	14249799.00
2023/12/22	1.796	1.856	1.796	1.827	5892948	10805627.00
2023/12/25	1.817	1.831	1.780	1.829	4594575	8271983.00
2023/12/26	1.829	1.844	1.790	1.831	14333658	26248134.00
2023/12/27	1.823	1.840	1.794	1.818	9722580	17619602.00
2023/12/28	1.807	1.819	1.793	1.818	8960777	16185055.00
2023/12/29	1.818	1.820	1.783	1.811	8079750	14530940.00
2024/01/02	1.810	1.818	1.780	1.789	5783058	10429576.00
2024/01/03	1.789	1.821	1.770	1.785	12237081	22125668.00
2024/01/04	1.774	1.787	1.724	1.786	10774290	18958644.00
2024/01/05	1.780	1.785	1.746	1.780	10204751	17927842.00
2024/01/08	1.765	1.782	1.747	1.766	8597204	15149927.00
2024/01/09	1.744	1.777	1.681	1.683	7697044	13307308.00
2024/01/10	1.665	1.705	1.602	1.654	16357191	26813960.00
2024/01/11	1.655	1.659	1.640	1.658	12904887	21305606.00
2024/01/12	1.659	1.659	1.633	1.650	8631458	14171837.00
2024/01/15	1.650	1.679	1.632	1.661	9383629	15576589.00
2024/01/16	1.677	1.688	1.658	1.680	11247261	18814748.00
2024/01/17	1.680	1.708	1.676	1.706	11718594	19835892.00
2024/01/18	1.680	1.685	1.649	1.677	10127115	16875410.00
2024/01/19	1.677	1.697	1.672	1.684	11420804	19231052.00
2024/01/22	1.691	1.704	1.664	1.684	9674366	16155680.00
2024/01/23	1.677	1.691	1.661	1.691	7802088	13099780.00
2024/01/24	1.687	1.704	1.682	1.694	10968042	18574712.00
2024/01/25	1.692	1.700	1.687	1.700	6888093	11672193.00
2024/01/26	1.697	1.697	1.684	1.693	3478196	5882723.00
2024/01/29	1.696	1.700	1.686	1.688	2841913	4804528.00
2024/01/30	1.683	1.688	1.655	1.675	5333956	8892321.00
2024/01/31	1.670	1.672	1.618	1.620	7149886	11744563.00
2024/02/01	1.605	1.618	1.566	1.593	12228762	19436470.00
2024/02/02	1.587	1.595	1.573	1.585	7462962	11774491.00
2024/02/05	1.583	1.585	1.547	1.560	5861833	9118191.00
2024/02/06	1.558	1.567	1.540	1.567	12950415	20071902.00
2024/02/07	1.562	1.586	1.548	1.579	9209516	14438786.00
2024/02/08	1.587	1.670	1.579	1.656	11463826	18375342.00
2024/02/19	1.660	1.744	1.660	1.740	9685487	16708539.00
2024/02/20	1.760	1.800	1.729	1.743	5293972	9371110.00
2024/02/21	1.738	1.775	1.717	1.769	12509155	21845620.00
2024/02/22	1.753	1.828	1.740	1.823	13418285	24203130.00
2024/02/23	1.825	1.887	1.824	1.867	10175788	18982564.00
2024/02/26	1.866	1.917	1.842	1.899	7089850	13454427.00
2024/02/27	1.890	1.910	1.842	1.882	10241061	19200476.00
2024/02/28	1.876	1.900	1.830	1.840	13575660	25422542.00
2024/02/29	1.830	1.869	1.811	1.858	6702300	12435343.00
2024/03/01	1.858	1.919	1.858	1.912	7015936	13293937.00
2024/03/04	1.910	1.998	1.902	1.994	8587431	16916218.00
2024/03/05	1.994	2.025	1.980	1.990	7385461	14776545.00
2024/03/06	1.980	2.000	1.956	1.972	7664657	15090073.00
2024/03/07	1.971	1.997	1.901	1.925	9133731	17765422.00
2024/03/08	1.898	1.920	1.878	1.909	5677735	10812470.00
2024/03/11	1.890	1.923	1.880	1.912	10825501	20680542.00
2024/03/12	1.911	1.918	1.894	1.914	8359205	15906587.00
2024/03/13	1.916	1.916	1.867	1.885	7000957	13182457.00
2024/03/14	1.865	1.905	1.865	1.886	8379792	15756559.00
2024/03/15	1.877	1.897	1.870	1.882	6797262	12776606.00
2024/03/18	1.882	1.882	1.858	1.864	2835780	5299609.50
2024/03/19	1.864	1.878	1.846	1.857	5758016	10688394.00
2024/03/20	1.851	1.851	1.821	1.828	3208121	5873153.00
2024/03/21	1.829	1.829	1.789	1.812	6288285	11369404.00
2024/03/22	1.811	1.819	1.768	1.818	6407809	11482722.00
2024/03/25	1.818	1.853	1.814	1.842	2507421	4595039.00
2024/03/26	1.835	1.854	1.835	1.852	4124714	7609675.00
2024/03/27	1.852	1.901	1.852	1.898	8054990	15240437.00
2024/03/28	1.898	1.916	1.868	1.900	7542146	14309424.00
2024/03/29	1.900	1.925	1.877	1.909	5928626	11280363.00
2024/04/01	1.909	1.921	1.900	1.918	2396131	4590643.50
2024/04/02	1.918	1.929	1.903	1.911	4789034	9173167.00
2024/04/03	1.894	1.897	1.881	1.888	3667840	6938538.00
2024/04/08	1.891	1.917	1.881	1.912	5126454	9714531.00
2024/04/09	1.912	1.925	1.900	1.921	2844439	5460922.00
2024/04/10	1.919	1.948	1.906	1.942	4756137	9190467.00
2024/04/11	1.943	1.986	1.938	1.977	6181822	12146680.00
2024/04/12	1.974	1.982	1.949	1.965	4170232	8195155.50
2024/04/15	1.964	1.971	1.940	1.953	2530219	4948295.50
2024/04/16	1.940	1.946	1.898	1.914	9156256	17539802.00
2024/04/17	1.909	1.942	1.891	1.934	4013135	7740752.50
2024/04/18	1.951	1.956	1.921	1.933	2784844	5396265.50
2024/04/19	1.923	1.928	1.898	1.908	5776561	11032584.00
2024/04/22	1.891	1.935	1.883	1.919	4326167	8287391.00
2024/04/23	1.935	1.949	1.914	1.920	4846143	9331622.00
2024/04/24	1.916	1.934	1.906	1.925	1655360	3179986.25
2024/04/25	1.925	1.942	1.921	1.940	4234941	8185599.50
2024/04/26	1.944	1.992	1.940	1.990	9201816	18128098.00
2024/04/29	1.990	2.004	1.981	2.003	7262639	14488888.00
2024/04/30	2.000	2.020	1.968	1.973	4342327	8609441.00
2024/05/06	1.960	1.988	1.960	1.986	3017224	5983656.50
2024/05/07	1.986	2.032	1.986	2.009	7162054	14439539.00
2024/05/08	2.008	2.023	1.996	2.001	7756024	15599623.00
2024/05/09	2.001	2.034	1.990	2.005	6564905	13136368.00
2024/05/10	2.005	2.011	1.982	1.997	8127602	16218375.00
2024/05/13	1.988	2.000	1.981	1.992	2278874	4544613.00
2024/05/14	1.990	1.996	1.961	1.990	2914357	5800054.50
2024/05/15	1.979	1.989	1.972	1.979	5100875	10112903.00
2024/05/16	1.968	2.005	1.968	2.000	5345807	10591239.00
2024/05/17	2.000	2.002	1.990	1.999	1006226	2011203.38
2024/05/20	1.990	1.997	1.978	1.984	5002930	9929486.00
2024/05/21	1.974	1.979	1.970	1.973	6719288	13276404.00
2024/05/22	1.970	1.979	1.964	1.968	6469431	12757038.00
2024/05/23	1.968	1.968	1.940	1.950	5044825	9851097.00
2024/05/24	1.937	1.965	1.936	1.953	2020335	3954317.75
2024/05/27	1.953	1.965	1.947	1.951	1463920	2858715.00
2024/05/28	1.951	1.965	1.950	1.957	1781640	3487783.25
2024/05/29	1.959	1.980	1.942	1.960	6710154	13085598.00
2024/05/30	1.946	1.960	1.942	1.957	3251597	6337979.00
2024/05/31	1.957	1.961	1.952	1.959	1794008	3510025.75
2024/06/03	1.960	1.975	1.960	1.973	4042468	7966335.00
2024/06/04	1.973	1.990	1.960	1.983	5775050	11404116.00
2024/06/05	1.970	1.985	1.970	1.982	5521342	10930104.00
2024/06/06	1.955	1.979	1.954	1.968	2808800	5529329.50
2024/06/07	1.968	1.975	1.956	1.963	3651592	7183276.00
2024/06/11	1.959	1.963	1.943	1.946	2305902	4498248.00
2024/06/12	1.949	1.949	1.935	1.939	3235673	6274106.00
2024/06/13	1.945	1.953	1.934	1.940	2099605	4082539.75
2024/06/14	1.921	1.939	1.921	1.935	5004709	9659578.00
2024/06/17	1.924	1.930	1.918	1.927	4239718	8148005.50
2024/06/18	1.926	1.940	1.922	1.934	2338049	4513275.00
2024/06/19	1.930	1.948	1.927	1.932	2307108	4452271.50
2024/06/20	1.949	1.949	1.924	1.935	2421948	4674394.50
2024/06/21	1.926	1.946	1.923	1.946	5037539	9727996.00
2024/06/24	1.945	1.968	1.922	1.963	2389185	4657677.00
2024/06/25	1.963	1.963	1.930	1.944	3299678	6409291.50
2024/06/26	1.929	1.942	1.928	1.940	2337161	4519385.50
2024/06/27	1.937	1.946	1.935	1.945	5267109	10216401.00
2024/06/28	1.947	1.947	1.919	1.936	5083881	9805855.00
2024/07/01	1.927	1.939	1.923	1.931	1376738	2655633.75
2024/07/02	1.914	1.934	1.914	1.931	1781982	3435382.50
2024/07/03	1.930	1.935	1.923	1.926	2075605	3998950.00
2024/07/04	1.922	1.926	1.920	1.926	1966196	3782255.25
2024/07/05	1.902	1.940	1.902	1.920	1274367	2448279.75
2024/07/08	1.902	1.919	1.902	1.908	2431356	4634015.50
2024/07/09	1.900	1.919	1.897	1.903	1406567	2676350.25
2024/07/10	1.900	1.906	1.898	1.903	958508	1822062.00
2024/07/11	1.905	1.940	1.902	1.920	2276884	4343612.50
2024/07/12	1.916	1.937	1.907	1.917	1660745	3179843.50
2024/07/15	1.924	1.924	1.905	1.910	2446027	4670266.00
2024/07/16	1.912	1.915	1.900	1.907	6461368	12317439.00
2024/07/17	1.909	1.931	1.907	1.931	3945818	7570283.00
2024/07/18	1.934	1.935	1.890	1.918	4823811	9232849.00
2024/07/19	1.903	1.937	1.903	1.937	4867821	9345037.00
2024/07/22	1.933	1.933	1.907	1.917	6831864	13077558.00
2024/07/23	1.914	1.920	1.903	1.911	3336592	6375168.00
2024/07/24	1.911	1.933	1.882	1.905	6099848	11547843.00
2024/07/25	1.885	1.913	1.885	1.901	2960740	5619618.50
2024/07/26	1.904	1.922	1.888	1.898	6250085	11877584.00
2024/07/29	1.899	1.902	1.889	1.900	5012891	9500783.00
2024/07/30	1.900	1.935	1.897	1.932	6707303	12875641.00
2024/07/31	1.933	1.948	1.916	1.946	7406384	14276844.00
2024/08/01	1.944	1.974	1.929	1.974	5605044	10922312.00
2024/08/02	1.978	2.007	1.962	2.000	4856383	9691425.00
2024/08/05	1.997	2.020	1.997	2.018	9445016	18989406.00
2024/08/06	2.018	2.043	1.996	2.039	8723918	17719002.00
2024/08/07	2.039	2.073	2.039	2.073	4443866	9162518.00
2024/08/08	2.070	2.089	2.020	2.034	3988747	8174501.50
2024/08/09	2.026	2.046	1.998	2.046	3492973	7080396.50
2024/08/12	2.041	2.070	2.041	2.070	5909795	12158316.00
2024/08/13	2.070	2.080	2.041	2.045	2474534	5070502.00
2024/08/14	2.018	2.025	2.013	2.016	2113674	4261172.50
2024/08/15	2.021	2.030	2.002	2.014	2560123	5160308.50
2024/08/16	2.014	2.020	1.991	2.020	3125919	6271008.50
2024/08/19	2.016	2.025	1.998	2.016	1752443	3531530.50
2024/08/20	2.040	2.041	1.973	1.976	3031716	6027195.00
2024/08/21	1.980	1.980	1.962	1.973	2996536	5911003.50
2024/08/22	1.960	2.000	1.950	1.996	4413923	8718652.00
2024/08/23	1.980	2.016	1.980	2.008	2723118	5459989.50
2024/08/26	2.014	2.023	1.983	1.991	3541502	7078467.50
2024/08/27	1.984	1.998	1.800	1.981	2132836	4205348.00
2024/08/28	1.980	1.988	1.951	1.986	3348639	6579319.50
2024/08/29	1.986	1.992	1.962	1.969	5225968	10339284.00
2024/08/30	1.965	1.995	1.960	1.970	3467139	6828306.00
2024/09/02	1.969	1.990	1.969	1.975	2475787	4907209.50
2024/09/03	1.976	1.980	1.950	1.964	4844200	9514755.00
2024/09/04	1.964	1.964	1.931	1.944	3770494	7314902.50
2024/09/05	1.928	1.956	1.928	1.955	1980310	3859778.75
2024/09/06	1.954	1.979	1.949	1.975	3951661	7781077.00
2024/09/09	1.980	1.983	1.960	1.974	1240209	2452233.00
2024/09/10	1.975	1.975	1.944	1.952	4193602	8227155.50
2024/09/11	1.949	1.961	1.941	1.957	2058549	4021288.25
2024/09/12	1.940	1.956	1.940	1.949	1587815	3096515.75
2024/09/13	1.946	1.981	1.946	1.971	1841463	3621052.00
2024/09/18	1.966	1.986	1.957	1.964	2586487	5105642.50
2024/09/19	1.960	1.992	1.935	1.946	4233694	8274395.50
2024/09/20	1.937	1.955	1.935	1.937	2476800	4803127.00
2024/09/23	1.936	1.956	1.935	1.939	2648004	5134600.50
2024/09/24	1.950	1.958	1.938	1.957	1143858	2232239.50
2024/09/25	1.960	1.995	1.951	1.987	2548976	5037885.50
2024/09/26	1.987	2.010	1.983	1.996	3410511	6809613.50
2024/09/27	1.996	2.001	1.962	1.993	1313508	2611216.00
2024/09/30	1.989	1.989	1.951	1.973	1044797	2051401.38
2024/10/08	1.973	2.060	1.970	1.990	1779055	3558253.50
2024/10/09	1.992	2.000	1.972	1.999	2191517	4344111.50
2024/10/10	1.999	1.999	1.980	1.984	2047987	4064663.25
2024/10/11	1.984	1.993	1.973	1.991	2754487	5482886.50
2024/10/14	1.975	2.000	1.975	1.988	1940442	3863749.75
2024/10/15	1.988	2.003	1.979	1.981	1934489	3834713.75
2024/10/16	1.988	1.998	1.975	1.979	1280845	2533405.50
2024/10/17	1.979	1.988	1.977	1.980	1668769	3305902.50
2024/10/18	1.979	1.985	1.972	1.974	2060563	4078629.75
2024/10/21	1.975	1.985	1.956	1.960	2415465	4754560.50
2024/10/22	1.958	1.970	1.955	1.959	1553656	3044670.00
2024/10/23	1.959	1.967	1.959	1.966	1325853	2605198.50
2024/10/24	1.966	1.975	1.960	1.966	2140608	4209120.00
2024/10/25	1.980	1.989	1.946	1.953	2755854	5383058.50
2024/10/28	1.955	1.963	1.945	1.957	2129556	4160291.00
2024/10/29	1.960	1.960	1.936	1.941	3260747	6337633.50
2024/10/30	1.937	1.946	1.931	1.938	3816076	7394834.00
2024/10/31	1.930	1.937	1.921	1.927	2076562	4005004.25
2024/11/01	1.923	1.931	1.919	1.926	3025069	5821397.50
2024/11/04	1.931	1.938	1.917	1.922	3544376	6809544.50
2024/11/05	1.931	1.931	1.911	1.913	3032632	5805763.50
2024/11/06	1.914	1.923	1.914	1.918	2139620	4100146.50
2024/11/07	1.918	1.927	1.900	1.915	4454195	8518853.00
2024/11/08	1.918	1.925	1.903	1.917	5948719	11368376.00
2024/11/11	1.901	1.920	1.892	1.918	4385529	8329414.50
2024/11/12	1.918	1.942	1.900	1.918	3588554	6913155.50
2024/11/13	1.918	1.922	1.906	1.906	2290118	4377488.50
2024/11/14	1.906	1.906	1.894	1.894	2011443	3815177.00
2024/11/15	1.894	1.894	1.881	1.891	4700537	8875136.00
2024/11/18	1.898	1.903	1.882	1.898	6665915	12604263.00
2024/11/19	1.890	1.906	1.852	1.874	6002823	11228313.00
2024/11/20	1.861	1.873	1.857	1.861	7450413	13889122.00
2024/11/21	1.861	1.863	1.855	1.860	5651785	10508607.00
2024/11/22	1.860	1.863	1.846	1.849	4639492	8600783.00
2024/11/25	1.849	1.854	1.844	1.852	3524883	6514658.50
2024/11/26	1.853	1.856	1.842	1.848	2579119	4765594.00
2024/11/27	1.843	1.851	1.842	1.846	3063844	5656759.00
2024/11/28	1.850	1.852	1.841	1.847	2613836	4820407.00
2024/11/29	1.850	1.850	1.837	1.843	3518533	6486597.50
2024/12/02	1.843	1.847	1.836	1.841	2789859	5129001.50
2024/12/03	1.840	1.841	1.830	1.838	2290887	4202466.50
2024/12/04	1.836	1.837	1.814	1.820	2288246	4167716.00
2024/12/05	1.814	1.817	1.803	1.809	3935625	7116400.50
2024/12/06	1.803	1.828	1.802	1.825	6590650	11998952.00
2024/12/09	1.838	1.838	1.810	1.827	4614145	8407550.00
2024/12/10	1.823	1.835	1.817	1.823	4401853	8039780.00
2024/12/11	1.822	1.835	1.818	1.830	8257360	15096521.00
2024/12/12	1.830	1.887	1.830	1.879	15396685	28805430.00
2024/12/13	1.874	1.880	1.857	1.871	5934072	11076029.00
2024/12/16	1.862	1.878	1.858	1.871	9042494	16893070.00
2024/12/17	1.871	1.880	1.861	1.879	7658095	14342129.00
2024/12/18	1.871	1.878	1.841	1.852	2009766	3726631.50
2024/12/19	1.849	1.852	1.842	1.852	5272334	9742152.00
2024/12/20	1.851	1.870	1.843	1.862	12197798	22682494.00
2024/12/23	1.852	1.887	1.850	1.885	9505829	17854938.00
2024/12/24	1.885	1.905	1.869	1.889	11103429	20982470.00
2024/12/25	1.892	1.900	1.880	1.899	3693524	6993249.00
2024/12/26	1.895	1.916	1.890	1.906	9886402	18840512.00
2024/12/27	1.901	1.921	1.895	1.921	4940586	9449978.00
2024/12/30	1.921	1.935	1.915	1.923	7981210	15391785.00
2024/12/31	1.921	1.939	1.906	1.930	6930798	13360129.00
2025/01/02	1.930	1.951	1.923	1.942	17418526	33812424.00
2025/01/03	1.942	1.982	1.935	1.969	17418409	34223912.00
2025/01/06	1.975	1.991	1.971	1.983	14603376	28930070.00
2025/01/07	1.985	1.995	1.946	1.948	13125857	25827890.00
2025/01/08	1.948	1.987	1.943	1.985	8780469	17349732.00
2025/01/09	1.985	2.024	1.975	2.024	7477951	14996488.00
2025/01/10	2.027	2.050	2.001	2.035	10269634	20885982.00
2025/01/13	2.035	2.050	2.002	2.019	8012836	16316619.00
2025/01/14	2.007	2.018	1.980	2.001	5253148	10526009.00
2025/01/15	1.987	2.020	1.987	2.014	5421935	10921502.00
2025/01/16	2.024	2.024	1.996	2.023	3246783	6523523.50
2025/01/17	2.010	2.068	2.010	2.061	10209755	20812820.00
2025/01/20	2.038	2.075	2.038	2.074	6802820	14011829.00
2025/01/21	2.045	2.078	2.044	2.068	5920767	12211993.00
2025/01/22	2.068	2.113	2.066	2.099	7063236	14779912.00
2025/01/23	2.081	2.120	2.081	2.120	13443419	28311086.00
2025/01/24	2.130	2.204	2.099	2.176	4693843	10163264.00
2025/01/27	2.150	2.220	2.146	2.167	5073047	11058453.00
2025/02/05	2.167	2.218	2.125	2.213	3910992	8476276.00
2025/02/06	2.213	2.240	2.190	2.231	5568870	12337625.00
2025/02/07	2.211	2.298	2.208	2.274	4995744	11274466.00
2025/02/10	2.275	2.341	2.275	2.335	2538316	5851206.50
2025/02/11	2.357	2.401	2.342	2.348	8239158	19570592.00
2025/02/12	2.348	2.375	2.234	2.278	9492277	21735856.00
2025/02/13	2.253	2.267	2.176	2.195	16089089	35400440.00
2025/02/14	2.177	2.264	2.157	2.254	10145815	22570268.00
2025/02/17	2.254	2.269	2.233	2.265	5299665	11976601.00
2025/02/18	2.244	2.288	2.244	2.273	4856215	11047080.00
2025/02/19	2.273	2.273	2.251	2.267	2387742	5403784.00
2025/02/20	2.264	2.278	2.204	2.258	7087468	15953719.00
2025/02/21	2.252	2.264	2.235	2.245	2220747	4991792.50
2025/02/24	2.218	2.245	2.172	2.196	4206673	9257123.00
2025/02/25	2.171	2.195	2.146	2.167	6275780	13638529.00
2025/02/26	2.160	2.189	2.158	2.168	7199569	15657432.00
2025/02/27	2.168	2.168	2.143	2.143	8857164	19097398.00
2025/02/28	2.143	2.149	2.073	2.119	10388749	21815442.00
2025/03/03	2.100	2.156	2.100	2.151	4674174	10004976.00
2025/03/04	2.151	2.207	2.151	2.186	4082859	8939198.00
2025/03/05	2.180	2.200	2.156	2.197	2515736	5519674.50
2025/03/06	2.183	2.198	2.170	2.175	1651833	3601363.75
2025/03/07	2.175	2.175	2.163	2.175	500288	1084522.75
2025/03/10	2.175	2.186	2.149	2.182	1915613	4173399.25
2025/03/11	2.193	2.193	2.169	2.169	598642	1300453.13
2025/03/12	2.155	2.170	2.139	2.153	3353573	7219018.00
2025/03/13	2.152	2.162	2.127	2.159	866186	1860845.88
2025/03/14	2.159	2.173	2.152	2.168	821173	1775309.00
2025/03/17	2.170	2.195	2.150	2.177	1383362	3022652.25
2025/03/18	2.177	2.195	2.177	2.189	3211251	7015914.50
2025/03/19	2.189	2.254	2.178	2.237	3914923	8686749.00
2025/03/20	2.236	2.250	2.227	2.242	1821852	4089987.50
2025/03/21	2.260	2.261	2.219	2.226	1294481	2889752.25
2025/03/24	2.229	2.248	2.220	2.220	4158081	9282817.00
2025/03/25	2.220	2.245	2.211	2.240	4797094	10739091.00
2025/03/26	2.234	2.238	2.204	2.216	2450344	5425101.50
2025/03/27	2.214	2.224	2.198	2.210	3397723	7514577.00
2025/03/28	2.210	2.255	2.198	2.244	2645207	5929587.00
2025/03/31	2.244	2.244	2.232	2.235	1508120	3376449.00
2025/04/01	2.252	2.252	2.190	2.200	2519259	5560638.50
2025/04/02	2.190	2.221	2.190	2.215	3199640	7071376.50
2025/04/03	2.200	2.254	2.200	2.251	2224404	4961898.50
2025/04/07	2.250	2.263	2.207	2.250	3493549	7790820.00
2025/04/08	2.250	2.250	2.206	2.217	1662672	3700454.75
2025/04/09	2.190	2.215	2.161	2.172	3432165	7478667.00
2025/04/10	2.170	2.192	2.150	2.185	1508474	3278037.50
2025/04/11	2.190	2.211	2.183	2.196	3846608	8466945.00
2025/04/14	2.196	2.206	2.182	2.200	4800036	10550824.00
2025/04/15	2.200	2.202	2.182	2.186	4743907	10418173.00
2025/04/16	2.195	2.214	2.186	2.207	2789730	6146820.50
2025/04/17	2.207	2.247	2.207	2.240	3047943	6805016.50
2025/04/18	2.239	2.244	2.225	2.241	3145875	7041144.00
2025/04/21	2.248	2.256	2.209	2.248	1805509	4038483.75
2025/04/22	2.248	2.248	2.171	2.182	10763561	23600532.00
2025/04/23	2.174	2.181	2.128	2.130	2764021	5942900.00
2025/04/24	2.126	2.139	2.100	2.118	2666510	5628241.50
2025/04/25	2.116	2.134	2.070	2.082	3229075	6799247.00
2025/04/28	2.094	2.094	2.053	2.055	3807213	7897508.00
2025/04/29	2.068	2.089	2.060	2.080	4382825	9136242.00
2025/04/30	2.080	2.110	2.064	2.070	4422418	9257952.00
2025/05/06	2.065	2.088	2.063	2.087	1760961	3661370.00
2025/05/07	2.087	2.109	2.083	2.099	2811166	5905251.00
2025/05/08	2.100	2.110	2.071	2.071	2022707	4218405.00
2025/05/09	2.071	2.085	2.062	2.083	2031189	4212271.00
2025/05/12	2.081	2.135	2.075	2.135	2953886	6242892.50
2025/05/13	2.137	2.151	2.132	2.138	1879760	4026913.25
2025/05/14	2.129	2.166	2.120	2.164	2339297	5016235.00
2025/05/15	2.160	2.161	2.100	2.130	2353240	4992146.50
2025/05/16	2.127	2.153	2.120	2.146	1742178	3734953.25
2025/05/19	2.146	2.160	2.137	2.147	3397305	7307600.50
2025/05/20	2.150	2.152	2.115	2.139	2651728	5659729.00
2025/05/21	2.131	2.155	2.111	2.135	11260653	23995984.00
2025/05/22	2.135	2.135	2.070	2.084	9103904	19079282.00
2025/05/23	2.081	2.095	2.064	2.068	5946034	12357137.00
2025/05/26	2.067	2.073	2.019	2.030	8631605	17649476.00
2025/05/27	2.030	2.033	1.993	1.996	8355002	16780848.00
2025/05/28	2.000	2.037	2.000	2.021	7214509	14564200.00
2025/05/29	2.021	2.029	1.996	2.008	8203438	16457944.00
2025/05/30	2.012	2.015	1.980	1.996	10038203	20043948.00
2025/06/03	1.988	1.988	1.941	1.952	8416033	16427979.00
2025/06/04	1.950	1.974	1.943	1.955	9404226	18404572.00
2025/06/05	1.950	1.969	1.945	1.966	8685437	17022456.00
2025/06/06	1.963	2.005	1.960	2.005	10483056	20821864.00
2025/06/09	2.005	2.013	1.992	2.006	6106041	12218956.00
2025/06/10	2.006	2.013	2.002	2.007	3664276	7349012.50
2025/06/11	2.007	2.009	1.996	1.997	5589874	11185919.00
2025/06/12	1.997	1.997	1.985	1.988	2176209	4331429.00
2025/06/13	1.988	2.002	1.988	1.997	2686844	5365843.50
2025/06/16	2.002	2.009	1.987	2.005	3739415	7476226.00
2025/06/17	2.007	2.013	2.000	2.004	4150854	8330041.50
2025/06/18	2.002	2.011	2.001	2.006	8250299	16537379.00
2025/06/19	2.007	2.009	1.997	2.006	6915345	13850250.00
2025/06/20	2.006	2.010	2.000	2.000	2667618	5345136.00
2025/06/23	2.004	2.005	1.986	1.986	7153202	14244928.00
2025/06/24	1.986	1.991	1.956	1.965	6081412	11959331.00
2025/06/25	1.965	1.973	1.957	1.972	2077999	4090573.50
2025/06/26	1.972	1.977	1.964	1.965	2526276	4973888.50
2025/06/27	1.965	1.970	1.943	1.955	3360680	6560783.50
2025/06/30	1.958	1.962	1.935	1.938	3431952	6670207.00
2025/07/01	1.938	1.951	1.936	1.951	2605848	5063172.00
2025/07/02	1.950	1.970	1.950	1.964	3652223	7169670.50
2025/07/03	1.966	1.982	1.960	1.966	34030999	67051472.00
2025/07/04	1.968	1.997	1.964	1.993	17812403	35101800.00
2025/07/07	1.972	1.994	1.970	1.981	17823185	35305736.00
2025/07/08	1.981	1.984	1.970	1.980	10295058	20380188.00
2025/07/09	1.982	1.983	1.978	1.982	4590963	9095568.00
2025/07/10	1.981	1.988	1.973	1.983	6013948	11928632.00
2025/07/11	1.983	1.990	1.976	1.982	10291739	20426758.00
2025/07/14	1.980	2.002	1.974	1.997	10164415	20277506.00
2025/07/15	1.995	2.002	1.991	2.001	10556258	21088548.00
2025/07/16	2.000	2.007	1.994	2.004	5665292	11353907.00
2025/07/17	2.007	2.010	1.999	2.008	7736052	15507467.00
2025/07/18	2.008	2.009	2.002	2.008	1591807	3192378.50
2025/07/21	2.008	2.008	1.998	2.001	2662265	5333271.50
2025/07/22	2.001	2.005	1.997	1.998	2083828	4165157.25
2025/07/23	1.996	1.996	1.977	1.983	3111223	6171096.50
2025/07/24	1.986	1.998	1.980	1.996	2042027	4067285.00
2025/07/25	1.999	2.002	1.985	1.990	3123387	6227014.50
2025/07/28	1.992	1.995	1.980	1.990	7103966	14133665.00
2025/07/29	1.990	1.994	1.984	1.986	1388241	2759083.75
2025/07/30	1.986	1.991	1.982	1.982	1521652	3021126.50
2025/07/31	1.982	1.995	1.976	1.995	4482379	8891640.00
2025/08/01	1.995	1.995	1.983	1.983	3543911	7040690.50
2025/08/04	1.983	1.988	1.972	1.982	5060802	10023957.00
2025/08/05	1.982	1.982	1.969	1.970	4702828	9274081.00
2025/08/06	1.971	1.976	1.946	1.949	6602705	12922604.00
2025/08/07	1.950	1.966	1.943	1.955	4336195	8457398.00
2025/08/08	1.958	1.970	1.950	1.950	3823837	7494138.50
2025/08/11	1.951	1.958	1.930	1.937	5062842	9811581.00
2025/08/12	1.940	1.949	1.935	1.935	2749055	5337006.00
2025/08/13	1.920	1.922	1.897	1.897	3235263	6168242.50
2025/08/14	1.898	1.905	1.887	1.888	3461173	6555381.50
2025/08/15	1.886	1.892	1.870	1.870	2198863	4132172.50
2025/08/18	1.870	1.875	1.792	1.815	17746649	32344200.00
2025/08/19	1.810	1.813	1.779	1.794	9637739	17301910.00
2025/08/20	1.794	1.813	1.794	1.805	6857869	12390898.00
2025/08/21	1.806	1.808	1.779	1.793	7478118	13420220.00
2025/08/22	1.794	1.798	1.787	1.791	2088145	3739116.25
2025/08/25	1.793	1.799	1.790	1.797	2519156	4517770.00
2025/08/26	1.799	1.867	1.799	1.865	8129883	14915906.00
2025/08/27	1.865	1.887	1.844	1.868	8913054	16688888.00
2025/08/28	1.870	1.883	1.851	1.867	5147820	9591390.00
2025/08/29	1.858	1.876	1.857	1.860	2894509	5397201.50
2025/09/01	1.857	1.867	1.857	1.865	3140503	5851420.50
2025/09/02	1.865	1.887	1.856	1.885	4675877	8776096.00
2025/09/03	1.883	1.910	1.879	1.910	3906528	7416799.50
2025/09/04	1.908	1.935	1.908	1.927	4042048	7789644.50
2025/09/05	1.926	1.941	1.919	1.927	5016032	9673452.00
2025/09/08	1.910	1.930	1.906	1.915	4913355	9411718.00
2025/09/09	1.909	1.921	1.889	1.901	7583664	14473446.00
2025/09/10	1.901	1.901	1.872	1.876	3905455	7362324.50
2025/09/11	1.874	1.878	1.853	1.865	988921	1843491.50
2025/09/12	1.864	1.868	1.834	1.839	6634221	12246170.00
2025/09/15	1.835	1.841	1.830	1.835	1821514	3340285.75
2025/09/16	1.835	1.848	1.834	1.847	1569596	2894711.25
2025/09/17	1.848	1.854	1.845	1.848	1288461	2381204.50
2025/09/18	1.850	1.860	1.848	1.851	1666863	3088733.75
2025/09/19	1.851	1.859	1.845	1.850	3008296	5567149.50
2025/09/22	1.843	1.847	1.807	1.812	8100407	14727481.00
2025/09/23	1.809	1.812	1.800	1.812	1968153	3549477.50
2025/09/24	1.812	1.813	1.802	1.809	522072	944080.81
2025/09/25	1.810	1.815	1.802	1.805	1095713	1978853.75
2025/09/26	1.804	1.808	1.798	1.802	1753358	3160092.50
2025/09/29	1.802	1.810	1.797	1.801	3242421	5846738.50
2025/09/30	1.802	1.812	1.794	1.804	952359	1717685.50
2025/10/09	1.804	1.808	1.801	1.804	881827	1589635.38
2025/10/10	1.804	1.813	1.797	1.798	3858516	6945091.00
2025/10/13	1.798	1.805	1.793	1.803	1859445	3348225.75
2025/10/14	1.801	1.804	1.793	1.796	1442485	2591485.25
2025/10/15	1.798	1.803	1.788	1.790	3834887	6871394.50
2025/10/16	1.790	1.794	1.787	1.788	372300	666175.50
2025/10/17	1.789	1.798	1.785	1.797	2999815	5376997.00
2025/10/20	1.791	1.800	1.784	1.785	1468502	2628773.75
2025/10/21	1.780	1.788	1.780	1.785	516405	921480.31
2025/10/22	1.789	1.792	1.782	1.790	1215996	2171712.75
2025/10/23	1.791	1.799	1.786	1.799	918947	1646722.75
2025/10/24	1.800	1.809	1.796	1.800	2240025	4033104.75
2025/10/27	1.800	1.804	1.761	1.770	6584971	11708557.00
2025/10/28	1.760	1.774	1.757	1.773	7728226	13632975.00
2025/10/29	1.775	1.775	1.765	1.768	1761900	3114649.25
2025/10/30	1.768	1.772	1.754	1.756	1703356	2999588.25
2025/10/31	1.760	1.765	1.657	1.660	25565123	43036692.00
2025/11/03	1.663	1.663	1.604	1.607	21945050	35553032.00
2025/11/04	1.608	1.631	1.596	1.613	10307468	16536912.00
2025/11/05	1.614	1.620	1.597	1.601	12617007	20254456.00
2025/11/06	1.601	1.609	1.580	1.581	11406710	18135180.00
2025/11/07	1.581	1.598	1.571	1.596	13004936	20632500.00
2025/11/10	1.596	1.597	1.582	1.590	11147120	17731838.00
2025/11/11	1.591	1.608	1.590	1.595	15643464	25054574.00
2025/11/12	1.595	1.601	1.583	1.585	9437337	15031656.00
2025/11/13	1.584	1.635	1.575	1.624	24106325	38458352.00
2025/11/14	1.625	1.662	1.617	1.657	12172357	20013098.00
2025/11/17	1.653	1.665	1.635	1.655	11347251	18728510.00
2025/11/18	1.655	1.655	1.640	1.650	10629134	17526002.00
2025/11/19	1.645	1.652	1.629	1.645	8928572	14647086.00
2025/11/20	1.645	1.649	1.633	1.644	8469125	13902656.00
2025/11/21	1.644	1.644	1.625	1.634	7507966	12250346.00
2025/11/24	1.634	1.640	1.613	1.618	8390918	13581781.00
2025/11/25	1.618	1.634	1.609	1.630	6935008	11212307.00
2025/11/26	1.631	1.655	1.620	1.642	6850522	11206827.00
2025/11/27	1.641	1.652	1.633	1.642	6749614	11088676.00
2025/11/28	1.650	1.660	1.640	1.659	5194930	8583670.00
2025/12/01	1.655	1.657	1.645	1.652	1829917	3021714.00
2025/12/02	1.645	1.658	1.644	1.649	3350746	5523550.50
2025/12/03	1.646	1.655	1.646	1.650	1528712	2526232.00
2025/12/04	1.651	1.660	1.644	1.654	2019141	3341426.75
2025/12/05	1.655	1.657	1.623	1.631	4740108	7750301.00
2025/12/08	1.631	1.641	1.623	1.631	2461046	4018825.50
2025/12/09	1.631	1.635	1.620	1.624	2801885	4543743.00
2025/12/10	1.624	1.634	1.616	1.620	4073744	6615468.50
2025/12/11	1.618	1.621	1.615	1.620	1084079	1754391.00
2025/12/12	1.618	1.629	1.617	1.629	2261256	3671073.50
2025/12/15	1.629	1.630	1.615	1.620	1396300	2259504.00
2025/12/16	1.616	1.625	1.615	1.616	2956996	4780838.00
2025/12/17	1.618	1.620	1.616	1.619	542617	877991.06
2025/12/18	1.618	1.620	1.606	1.619	1493178	2413112.00
2025/12/19	1.618	1.622	1.615	1.622	3028022	4897004.50
2025/12/22	1.616	1.624	1.615	1.619	4150893	6725330.00
2025/12/23	1.619	1.623	1.616	1.620	3080412	4982409.00
2025/12/24	1.616	1.653	1.610	1.650	5895753	9601581.00
2025/12/25	1.645	1.658	1.631	1.650	4493925	7400212.00
2025/12/26	1.650	1.650	1.627	1.630	2992076	4890066.00
2025/12/29	1.629	1.629	1.604	1.610	3166585	5107200.00
2025/12/30	1.608	1.610	1.599	1.604	2828227	4528470.50
2025/12/31	1.603	1.619	1.597	1.617	6708914	10807925.00
2026/01/05	1.617	1.625	1.606	1.619	2292859	3710558.75
2026/01/06	1.619	1.622	1.610	1.620	2018687	3265171.75
2026/01/07	1.620	1.641	1.616	1.625	8141245	13242428.00
2026/01/08	1.624	1.651	1.619	1.645	6223312	10182527.00
2026/01/09	1.645	1.657	1.640	1.653	4492437	7422660.00
2026/01/12	1.652	1.670	1.640	1.668	2910796	4834911.00
2026/01/13	1.668	1.689	1.657	1.683	6785175	11401334.00
2026/01/14	1.683	1.689	1.679	1.684	5446003	9164482.00
2026/01/15	1.684	1.686	1.656	1.685	5954753	9946865.00
2026/01/16	1.685	1.700	1.679	1.690	3208037	5417471.00
2026/01/19	1.685	1.700	1.674	1.696	4894108	8291005.00
2026/01/20	1.696	1.704	1.687	1.698	7075045	12018177.00
2026/01/21	1.691	1.700	1.686	1.699	3782113	6419007.00
2026/01/22	1.693	1.701	1.665	1.690	11494087	19353274.00
2026/01/23	1.679	1.689	1.675	1.679	3862220	6490314.00
2026/01/26	1.675	1.676	1.648	1.650	10567590	17535446.00
2026/01/27	1.649	1.650	1.631	1.634	7174668	11764008.00
2026/01/28	1.635	1.641	1.622	1.628	11943366	19468744.00
2026/01/29	1.628	1.634	1.621	1.629	6417386	10437782.00
2026/01/30	1.631	1.633	1.620	1.622	5105009	8302310.50
2026/02/02	1.622	1.628	1.620	1.623	2497480	4058263.00
2026/02/03	1.628	1.628	1.607	1.611	1967565	3173968.50
2026/02/04	1.616	1.623	1.610	1.619	2786618	4506217.00
2026/02/05	1.622	1.626	1.614	1.617	2459843	3978099.50
2026/02/06	1.616	1.619	1.614	1.614	1576307	2547004.00
2026/02/09	1.614	1.616	1.610	1.612	850182	1371110.50
2026/02/10	1.612	1.616	1.611	1.615	1755794	2831678.75
2026/02/11	1.616	1.617	1.613	1.615	1241517	2005350.75
2026/02/12	1.615	1.616	1.612	1.613	506700	817596.63
2026/02/13	1.610	1.614	1.610	1.612	1093770	1763195.63
2026/02/24	1.612	1.617	1.612	1.615	459841	742650.50
2026/02/25	1.616	1.623	1.608	1.610	7542961	12209024.00
2026/02/26	1.611	1.612	1.598	1.599	2429836	3892620.25
2026/02/27	1.599	1.604	1.599	1.603	806908	1292536.75
2026/03/02	1.603	1.603	1.596	1.597	1267628	2026544.38
2026/03/03	1.596	1.606	1.596	1.600	2023623	3237111.75
2026/03/04	1.600	1.603	1.599	1.600	604940	967799.25
2026/03/05	1.599	1.602	1.587	1.590	1486381	2366654.75
2026/03/06	1.590	1.591	1.583	1.585	1890110	2997000.00
2026/03/09	1.585	1.588	1.542	1.555	3693075	5757549.50
2026/03/10	1.555	1.567	1.552	1.567	745612	1165470.88
2026/03/11	1.567	1.568	1.556	1.559	1156996	1804272.75
2026/03/12	1.559	1.565	1.548	1.550	2542902	3951875.00
2026/03/13	1.550	1.557	1.545	1.547	1056902	1636053.25
2026/03/16	1.547	1.551	1.524	1.528	2585623	3957203.00
2026/03/17	1.527	1.535	1.510	1.512	3019716	4586553.00
2026/03/18	1.512	1.522	1.502	1.508	1525206	2305287.25
2026/03/19	1.507	1.516	1.500	1.502	2504800	3772111.50
2026/03/20	1.503	1.509	1.494	1.496	2159980	3234900.50
2026/03/23	1.496	1.496	1.458	1.463	2865246	4226335.50
2026/03/24	1.469	1.472	1.458	1.462	3174116	4647129.00
2026/04/03	1.481	1.490	1.466	1.488	2088668	3093189.25
#КэѕЭАґФґ:НЁґпРЕ
