180603 ЛЊЯФДѓдУГЧЩЬвЕRE ШеЯп ВЛИДШЈ
      ШеЦк	    ПЊХЬ	    зюИп	    зюЕЭ	    ЪеХЬ	    ГЩНЛСП	    ГЩНЛЖю
2024/09/20	3.331	3.338	3.221	3.330	16139677	53692572.00
2024/09/23	3.300	3.321	3.255	3.321	498244	1652070.00
2024/09/24	3.320	3.321	3.279	3.321	669049	2217886.75
2024/09/25	3.320	3.330	3.013	3.329	606006	1984885.75
2024/09/26	3.314	3.341	3.255	3.328	1343659	4468311.00
2024/09/27	3.328	3.340	3.301	3.331	1491326	4968291.00
2024/09/30	3.310	3.341	3.290	3.331	2641789	8746081.00
2024/10/08	3.335	3.343	3.330	3.334	488800	1630353.75
2024/10/09	3.295	3.342	3.295	3.330	327482	1088494.88
2024/10/10	3.330	3.330	3.300	3.315	739978	2449835.50
2024/10/11	3.290	3.325	3.290	3.312	966430	3199660.00
2024/10/14	3.322	3.330	3.310	3.321	305960	1015084.88
2024/10/15	3.323	3.338	3.323	3.328	427742	1423853.75
2024/10/16	3.311	3.338	3.311	3.327	651300	2164437.25
2024/10/17	3.326	3.326	3.300	3.314	769062	2548819.00
2024/10/18	3.315	3.332	3.315	3.325	727485	2418702.25
2024/10/21	3.327	3.335	3.323	3.324	2075542	6907984.50
2024/10/22	3.340	3.340	3.285	3.328	731637	2436069.00
2024/10/23	3.338	3.338	3.317	3.325	544680	1811516.75
2024/10/24	3.325	3.333	3.315	3.320	385400	1279937.13
2024/10/25	3.335	3.335	3.315	3.324	660242	2191154.00
2024/10/28	3.334	3.336	3.320	3.325	1518084	5052752.00
2024/10/29	3.330	3.354	3.325	3.341	3903888	13035304.00
2024/10/30	3.375	3.375	3.321	3.355	920648	3090391.00
2024/10/31	3.355	3.384	3.355	3.379	1110400	3742626.25
2024/11/01	3.429	3.429	3.346	3.383	697465	2357876.25
2024/11/04	3.392	3.500	3.381	3.385	892671	3037004.25
2024/11/05	3.399	3.415	3.388	3.399	798884	2714440.75
2024/11/06	3.415	3.415	3.389	3.401	462271	1571164.25
2024/11/07	3.444	3.445	3.391	3.402	550000	1870097.50
2024/11/08	3.402	3.408	3.381	3.406	234438	797749.19
2024/11/11	3.415	3.415	3.381	3.401	177397	602967.94
2024/11/12	3.410	3.415	3.382	3.407	373000	1269010.88
2024/11/13	3.407	3.415	3.384	3.385	758651	2572276.75
2024/11/14	3.385	3.487	3.346	3.382	232442	785890.31
2024/11/15	3.415	3.415	3.377	3.389	5852239	19891902.00
2024/11/18	3.415	3.415	3.388	3.391	967341	3279087.00
2024/11/19	3.400	3.408	3.385	3.390	1511905	5126710.00
2024/11/20	3.415	3.415	3.387	3.395	1971015	6693790.50
2024/11/21	3.690	3.698	3.360	3.404	764788	2600947.25
2024/11/22	3.420	3.420	3.350	3.396	439514	1494752.25
2024/11/25	3.399	3.402	3.338	3.360	1785000	6007140.50
2024/11/26	3.351	3.369	3.336	3.340	1281300	4281994.50
2024/11/27	3.349	3.399	3.330	3.344	1092855	3650005.50
2024/11/28	3.385	3.385	3.343	3.349	406100	1358888.50
2024/11/29	3.351	3.370	3.351	3.370	354200	1189523.75
2024/12/02	3.480	3.480	3.340	3.389	743919	2509701.25
2024/12/03	3.376	3.390	3.375	3.389	787772	2666217.50
2024/12/04	3.377	3.390	3.377	3.389	273300	925866.63
2024/12/05	3.385	3.400	3.385	3.388	568300	1925294.63
2024/12/06	3.390	3.390	3.350	3.389	398990	1351848.38
2024/12/09	3.395	3.400	3.383	3.389	484400	1640366.00
2024/12/10	3.389	3.442	3.389	3.417	1968960	6713775.50
2024/12/11	3.416	3.536	3.416	3.500	4294102	14985869.00
2024/12/12	3.500	3.580	3.482	3.565	3191813	11313534.00
2024/12/13	3.555	3.577	3.500	3.559	3720313	13238843.00
2024/12/16	3.549	3.610	3.500	3.583	3331927	11925735.00
2024/12/17	3.558	3.665	3.524	3.638	3739998	13473489.00
2024/12/18	3.629	3.648	3.575	3.600	3874375	13924197.00
2024/12/19	3.600	3.600	3.500	3.552	5754025	20319336.00
2024/12/20	3.526	3.598	3.500	3.551	2739075	9709731.00
2024/12/23	3.550	3.579	3.531	3.540	485471	1721798.38
2024/12/24	3.565	3.595	3.513	3.538	1096700	3920083.00
2024/12/25	3.573	3.592	3.525	3.570	1739900	6179889.50
2024/12/26	3.569	3.585	3.565	3.570	1204900	4305421.00
2024/12/27	3.571	3.623	3.571	3.611	1123200	4049149.00
2024/12/30	3.613	3.642	3.589	3.603	564600	2044210.75
2024/12/31	3.605	3.646	3.595	3.601	929600	3352072.25
2025/01/02	3.601	3.758	3.601	3.758	879660	3245273.00
2025/01/03	3.758	3.930	3.758	3.900	2426962	9457389.00
2025/01/06	3.901	4.180	3.901	3.936	1481954	5854563.50
2025/01/07	3.931	3.981	3.875	3.890	1350517	5268476.00
2025/01/08	3.968	4.049	3.968	4.042	2479439	9941563.00
2025/01/09	4.045	4.110	4.028	4.034	1419122	5801889.50
2025/01/10	4.020	4.038	3.953	3.980	2081918	8343023.00
2025/01/13	3.897	3.965	3.853	3.870	986800	3837581.00
2025/01/14	3.880	3.880	3.833	3.858	725384	2805265.00
2025/01/15	3.858	3.890	3.855	3.889	1036921	4010982.75
2025/01/16	3.927	3.931	3.870	3.921	1556896	6093631.50
2025/01/17	3.920	3.980	3.919	3.929	2216871	8750918.00
2025/01/20	3.954	4.010	3.930	4.010	1501225	5948696.00
2025/01/21	4.009	4.089	3.987	4.088	1517500	6135065.50
2025/01/22	4.065	4.232	4.065	4.216	998471	4127605.50
2025/01/23	4.191	4.310	4.191	4.302	1295384	5548875.50
2025/01/24	4.263	4.358	4.263	4.350	1021136	4414290.00
2025/01/27	4.350	4.385	4.349	4.385	540201	2356734.75
2025/02/05	4.385	4.490	4.345	4.453	364700	1621009.63
2025/02/06	4.480	4.584	4.415	4.444	744142	3301679.25
2025/02/07	4.455	4.455	4.378	4.381	995700	4380779.50
2025/02/10	4.380	4.424	4.330	4.349	1629389	7124919.50
2025/02/11	4.392	4.440	4.359	4.400	1586200	7008478.50
2025/02/12	4.410	4.410	4.307	4.333	1394700	6071672.50
2025/02/13	4.300	4.340	4.236	4.260	1489496	6356906.50
2025/02/14	4.240	4.399	4.050	4.331	1387564	5942057.00
2025/02/17	4.331	4.420	4.291	4.405	971806	4271707.00
2025/02/18	4.445	4.445	4.366	4.435	1236334	5479842.00
2025/02/19	4.436	4.499	4.403	4.425	667471	2950149.00
2025/02/20	4.425	4.474	4.404	4.421	375600	1659507.13
2025/02/21	4.381	4.500	4.303	4.434	943800	4195473.00
2025/02/24	4.470	4.500	4.390	4.390	1142300	5051969.50
2025/02/25	4.350	4.427	4.315	4.320	1831400	7953597.50
2025/02/26	4.330	4.361	4.320	4.351	1046137	4534883.50
2025/02/27	4.350	4.350	4.302	4.333	2058361	8875234.00
2025/02/28	4.345	4.345	4.244	4.260	1619900	6920677.50
2025/03/03	4.310	4.385	4.289	4.292	953900	4102809.00
2025/03/04	4.342	4.420	4.241	4.302	1382571	5966073.00
2025/03/05	4.300	4.350	4.265	4.289	2315800	9947712.00
2025/03/06	4.250	4.333	4.250	4.284	1151911	4933372.50
2025/03/07	4.334	4.355	4.250	4.261	1202858	5135540.50
2025/03/10	4.256	4.420	4.220	4.230	1129400	4790746.50
2025/03/11	4.212	4.279	4.195	4.219	856700	3643668.25
2025/03/12	4.195	4.269	4.195	4.226	517800	2186889.00
2025/03/13	4.328	4.328	4.186	4.191	606900	2548627.50
2025/03/14	4.208	4.305	4.171	4.269	696200	2962996.00
2025/03/17	4.267	4.331	4.267	4.288	2516900	10827859.00
2025/03/18	4.400	4.400	4.248	4.260	782742	3337940.50
2025/03/19	4.260	4.260	4.233	4.245	1382200	5877674.50
2025/03/20	4.259	4.426	4.209	4.263	2031782	8670939.00
2025/03/21	4.263	4.302	4.262	4.291	922099	3949694.00
2025/03/24	4.291	4.330	4.281	4.312	996800	4296854.50
2025/03/25	4.319	4.349	4.314	4.343	517900	2243911.00
2025/03/26	4.349	4.373	4.342	4.365	1476800	6440574.00
2025/03/27	4.355	4.416	4.353	4.367	1366919	6002157.50
2025/03/28	4.352	4.476	4.352	4.424	1617700	7155948.50
2025/03/31	4.440	4.460	4.385	4.404	731700	3242317.75
2025/04/01	4.385	4.464	4.364	4.368	1516500	6687534.00
2025/04/02	4.368	4.430	4.368	4.430	482822	2128753.75
2025/04/03	4.430	4.523	4.430	4.520	1233552	5544942.50
2025/04/07	4.520	4.620	4.490	4.619	1370349	6259701.50
2025/04/08	4.619	4.619	4.565	4.603	530000	2431780.25
2025/04/09	4.610	4.610	4.525	4.535	386000	1759285.00
2025/04/10	4.550	4.575	4.438	4.568	352200	1590952.88
2025/04/11	4.562	4.725	4.556	4.664	849500	3968364.50
2025/04/14	4.655	4.746	4.655	4.740	1188511	5616519.50
2025/04/15	4.716	4.779	4.716	4.744	339300	1611887.13
2025/04/16	4.767	4.862	4.725	4.862	1559900	7476400.50
2025/04/17	4.862	4.992	4.822	4.967	1611200	7958082.50
2025/04/18	4.999	5.062	4.847	4.866	1890886	9310086.00
2025/04/21	4.826	4.901	4.780	4.802	932500	4488775.00
2025/04/22	4.783	4.929	4.764	4.929	705327	3396599.00
2025/04/23	4.929	4.960	4.902	4.931	917300	4529521.50
2025/04/24	4.931	5.029	4.931	4.957	457900	2272435.00
2025/04/25	4.977	4.977	4.914	4.930	755700	3728703.50
2025/04/28	4.870	4.870	4.821	4.821	224200	1085286.00
2025/04/29	4.811	4.887	4.800	4.830	436542	2109640.75
2025/04/30	4.826	4.933	4.826	4.926	579811	2838826.00
2025/05/06	4.932	4.990	4.932	4.975	353100	1755349.38
2025/05/07	5.039	5.094	4.956	4.972	484471	2423447.75
2025/05/08	4.992	4.997	4.932	4.976	213200	1056522.38
2025/05/09	4.976	4.995	4.945	4.979	508300	2530923.00
2025/05/12	4.980	4.993	4.975	4.988	268000	1336361.25
2025/05/13	4.980	5.028	4.950	5.003	802700	4001308.00
2025/05/14	5.023	5.072	5.005	5.046	647300	3262947.25
2025/05/15	5.046	5.047	4.991	5.000	265345	1333699.50
2025/05/16	4.980	5.160	4.980	5.085	769200	3912345.00
2025/05/19	5.105	5.163	5.105	5.160	358471	1847410.25
2025/05/20	5.122	5.235	5.122	5.220	775300	4028832.00
2025/05/21	5.235	5.350	5.199	5.350	536771	2828754.50
2025/05/22	5.329	5.329	5.230	5.230	909112	4788241.00
2025/05/23	5.247	5.269	5.208	5.249	717800	3768245.25
2025/05/26	5.228	5.340	5.228	5.248	1367000	7201775.50
2025/05/27	5.269	5.344	5.169	5.197	796454	4165466.00
2025/05/28	5.218	5.260	5.158	5.185	650588	3369848.75
2025/05/29	5.185	5.200	5.185	5.199	169000	878486.00
2025/05/30	5.220	5.257	5.150	5.200	990800	5160873.50
2025/06/03	5.200	5.212	5.189	5.190	444400	2310891.00
2025/06/04	5.189	5.195	5.108	5.170	650700	3358021.00
2025/06/05	5.157	5.194	5.149	5.190	795700	4115060.00
2025/06/06	5.169	5.294	5.123	5.258	792200	4115814.25
2025/06/09	5.258	5.306	5.235	5.261	341671	1800006.75
2025/06/10	5.282	5.370	5.261	5.305	399400	2118395.00
2025/06/11	5.326	5.327	5.290	5.303	237400	1259705.00
2025/06/12	5.324	5.324	5.283	5.307	38900	206290.80
2025/06/13	5.331	5.340	5.308	5.335	536800	2858811.00
2025/06/16	5.335	5.362	5.314	5.335	84300	449543.69
2025/06/17	5.350	5.350	5.312	5.320	202884	1081779.25
2025/06/18	5.320	5.326	5.300	5.320	687600	3654993.25
2025/06/19	5.320	5.320	5.281	5.314	663200	3514273.25
2025/06/20	5.314	5.505	5.312	5.480	631200	3393186.75
2025/06/23	5.493	5.575	5.450	5.480	871100	4785212.50
2025/06/24	5.480	5.503	5.229	5.355	2126913	11406311.00
2025/06/25	5.353	5.353	5.256	5.312	673771	3578612.50
2025/06/26	5.290	5.354	5.285	5.299	475898	2522369.00
2025/06/27	5.300	5.300	5.216	5.262	903200	4737292.50
2025/06/30	5.262	5.283	5.202	5.218	1393700	7320710.50
2025/07/01	5.218	5.242	5.198	5.205	646500	3375132.50
2025/07/02	5.205	5.268	5.205	5.239	1399900	7350334.00
2025/07/03	5.260	5.276	5.225	5.246	1126000	5913315.00
2025/07/04	5.246	5.259	5.205	5.220	2286694	11945879.00
2025/07/07	5.237	5.238	5.139	5.170	2069471	10704933.00
2025/07/08	5.186	5.191	5.107	5.129	1457900	7498587.00
2025/07/09	5.108	5.135	5.032	5.070	2304711	11710445.00
2025/07/10	5.090	5.161	5.036	5.074	1230200	6257478.00
2025/07/11	5.089	5.100	5.038	5.076	1081153	5479424.00
2025/07/14	5.096	5.127	5.066	5.095	553911	2826064.75
2025/07/15	5.115	5.175	5.108	5.129	556284	2849474.25
2025/07/16	5.148	5.148	5.108	5.143	187500	963376.13
2025/07/17	5.158	5.166	5.129	5.130	430800	2217062.50
2025/07/18	5.145	5.159	5.107	5.110	458400	2349919.50
2025/07/21	5.109	5.109	5.032	5.038	679000	3430796.75
2025/07/22	5.038	5.050	4.972	4.976	1464300	7354951.50
2025/07/23	5.070	5.070	4.808	4.919	1356100	6624605.50
2025/07/24	4.899	4.918	4.817	4.916	655471	3200966.50
2025/07/25	4.916	4.936	4.910	4.917	1738771	8555304.00
2025/07/28	4.932	5.071	4.929	5.033	2300700	11579552.00
2025/07/29	5.030	5.069	4.993	5.010	1304438	6572067.00
2025/07/30	5.025	5.097	5.008	5.028	2472800	12421281.00
2025/07/31	5.047	5.149	5.046	5.149	1132811	5784879.50
2025/08/01	5.154	5.180	5.110	5.172	943711	4870064.00
2025/08/04	5.172	5.210	5.133	5.150	1067713	5519486.50
2025/08/05	5.150	5.167	4.999	5.129	2684300	13685929.00
2025/08/06	5.089	5.140	5.089	5.105	1616300	8250440.50
2025/08/07	5.107	5.136	5.106	5.120	566200	2897084.75
2025/08/08	5.140	5.170	5.121	5.165	395800	2038445.88
2025/08/11	5.167	5.171	5.110	5.128	207400	1066934.88
2025/08/12	5.143	5.165	5.100	5.100	324100	1661961.25
2025/08/13	5.120	5.143	5.114	5.130	169500	868554.19
2025/08/14	5.150	5.150	5.032	5.072	929716	4723384.00
2025/08/15	5.092	5.103	5.012	5.045	1181280	5969790.50
2025/08/18	5.045	5.053	4.918	4.938	1156400	5748154.00
2025/08/19	4.910	4.944	4.800	4.871	1204700	5884606.00
2025/08/20	4.871	4.898	4.800	4.800	1259642	6125918.50
2025/08/21	4.838	4.920	4.787	4.910	1013438	4932607.50
2025/08/22	4.959	4.992	4.881	4.985	366118	1816103.38
2025/08/25	4.980	5.000	4.915	5.000	360000	1791534.13
2025/08/26	5.011	5.060	5.000	5.058	471918	2375379.50
2025/08/27	5.088	5.127	5.020	5.038	714800	3595881.00
2025/08/28	5.028	5.055	5.003	5.025	1300811	6527410.00
2025/08/29	5.025	5.044	5.015	5.015	1539900	7741217.50
2025/09/01	5.038	5.058	5.015	5.015	467300	2346571.25
2025/09/02	4.985	5.064	4.976	5.048	1490913	7527580.50
2025/09/03	5.100	5.139	5.008	5.116	1310165	6678356.50
2025/09/04	5.137	5.140	5.065	5.100	1185611	6039542.50
2025/09/05	5.121	5.122	5.050	5.065	1751507	8865083.00
2025/09/08	5.067	5.084	5.038	5.059	3301400	16677163.00
2025/09/09	5.061	5.079	5.035	5.060	1157300	5851104.00
2025/09/10	5.090	5.120	4.981	5.030	3181874	15984103.00
2025/09/11	5.030	5.067	5.015	5.035	2128511	10717960.00
2025/09/12	5.050	5.060	5.033	5.046	721700	3641872.75
2025/09/15	5.046	5.103	5.045	5.102	779900	3942612.00
2025/09/16	5.129	5.130	5.070	5.098	682013	3470749.75
2025/09/17	5.120	5.120	5.095	5.106	280700	1433226.13
2025/09/18	5.128	5.130	5.112	5.115	511900	2618891.00
2025/09/19	5.125	5.125	5.115	5.118	164100	839528.81
2025/09/22	5.130	5.130	5.114	5.119	91100	466312.50
2025/09/23	5.088	5.118	5.060	5.100	69000	351417.19
2025/09/24	5.086	5.095	5.060	5.075	53300	270442.19
2025/09/25	5.045	5.045	4.964	4.975	703934	3515367.75
2025/09/26	4.946	4.985	4.936	4.965	470200	2338140.50
2025/09/29	4.963	4.988	4.951	4.962	145000	720411.94
2025/09/30	4.962	4.980	4.932	4.950	207971	1030541.56
2025/10/09	4.925	4.950	4.905	4.950	133400	658062.50
2025/10/10	4.927	4.960	4.927	4.948	52100	258150.16
2025/10/13	4.970	4.970	4.920	4.932	379100	1873650.50
2025/10/14	4.923	4.945	4.870	4.870	384513	1878342.63
2025/10/15	4.880	4.890	4.865	4.868	597871	2917849.50
2025/10/16	4.897	4.900	4.786	4.800	745312	3583600.75
2025/10/17	4.800	4.800	4.765	4.790	749400	3581715.25
2025/10/20	4.761	4.761	4.637	4.680	806287	3793067.50
2025/10/21	4.708	4.712	4.590	4.600	2754100	12717625.00
2025/10/22	4.600	4.625	4.568	4.590	1811913	8338480.00
2025/10/23	4.600	4.645	4.584	4.598	2724800	12535350.00
2025/10/24	4.626	4.683	4.600	4.630	4454700	20593236.00
2025/10/27	4.602	4.662	4.576	4.585	1730100	7948549.50
2025/10/28	4.585	4.790	4.583	4.712	2233100	10469274.00
2025/10/29	4.734	4.800	4.715	4.760	1971000	9409669.00
2025/10/30	4.780	4.784	4.749	4.753	1791000	8529331.00
2025/10/31	4.767	4.780	4.675	4.720	504300	2388775.00
2025/11/03	4.718	4.796	4.701	4.706	153900	726112.00
2025/11/04	4.700	4.718	4.638	4.674	1059100	4963056.50
2025/11/05	4.702	4.781	4.676	4.716	1661500	7861984.00
2025/11/06	4.688	4.783	4.688	4.714	640011	3012803.50
2025/11/07	4.742	4.797	4.706	4.720	671722	3191669.00
2025/11/10	4.720	4.759	4.695	4.758	860800	4051226.75
2025/11/11	4.759	4.800	4.725	4.765	857200	4085052.25
2025/11/12	4.753	4.778	4.721	4.758	1568652	7436113.00
2025/11/13	4.713	4.769	4.713	4.762	867813	4130703.75
2025/11/14	4.775	4.870	4.775	4.870	2349700	11349128.00
2025/11/17	4.868	4.904	4.815	4.825	830400	4021405.50
2025/11/18	4.785	4.843	4.785	4.825	666400	3213917.50
2025/11/19	4.785	4.825	4.785	4.801	362600	1740791.75
2025/11/20	4.829	4.829	4.809	4.814	729700	3515938.50
2025/11/21	4.810	4.820	4.755	4.776	864000	4131027.00
2025/11/24	4.775	4.786	4.751	4.786	1656600	7907963.50
2025/11/25	4.786	5.000	4.753	4.825	714200	3454425.50
2025/11/26	4.826	4.920	4.785	4.820	1775311	8602163.00
2025/11/27	4.820	4.849	4.806	4.839	1395600	6745978.50
2025/11/28	4.813	4.878	4.810	4.839	2160200	10447194.00
2025/12/01	4.810	4.859	4.750	4.821	1114500	5378875.50
2025/12/02	4.801	4.834	4.792	4.814	1040600	5002503.50
2025/12/03	4.786	4.850	4.774	4.802	1327600	6376397.50
2025/12/04	4.763	4.802	4.740	4.779	1330200	6347478.50
2025/12/05	4.750	4.781	4.714	4.729	1575000	7455474.00
2025/12/08	4.729	4.736	4.700	4.700	1856200	8741144.00
2025/12/09	4.728	4.750	4.652	4.700	1133900	5306172.50
2025/12/10	4.700	4.724	4.672	4.700	1140900	5364641.50
2025/12/11	4.709	4.712	4.687	4.700	642800	3017326.50
2025/12/12	4.700	4.766	4.696	4.714	621200	2927980.75
2025/12/15	4.674	4.730	4.597	4.615	5038538	23249788.00
2025/12/16	4.575	4.618	4.556	4.585	2336945	10689172.00
2025/12/17	4.597	4.610	4.580	4.587	2327011	10695354.00
2025/12/18	4.547	4.713	4.547	4.565	705000	3230075.75
2025/12/19	4.565	4.609	4.502	4.539	376800	1710834.13
2025/12/22	4.542	4.573	4.500	4.520	967500	4378159.50
2025/12/23	4.501	4.600	4.475	4.500	1559946	7073380.00
2025/12/24	4.461	4.660	4.461	4.659	4292700	19736276.00
2025/12/25	4.660	4.753	4.660	4.688	1961800	9225740.00
2025/12/26	4.648	4.700	4.621	4.623	1066442	4962797.50
2025/12/29	4.630	4.670	4.553	4.602	2720300	12505445.00
2025/12/30	4.580	4.639	4.560	4.599	2389900	10943922.00
2025/12/31	4.600	4.645	4.559	4.599	963700	4417593.50
2026/01/05	4.600	4.691	4.600	4.658	1170700	5442392.00
2026/01/06	4.656	4.772	4.646	4.735	3638000	17166050.00
2026/01/07	4.736	4.850	4.736	4.789	3069800	14733937.00
2026/01/08	4.755	4.882	4.755	4.881	1795800	8691054.00
2026/01/09	4.841	4.939	4.819	4.869	4070511	19765794.00
2026/01/12	4.870	4.903	4.827	4.870	1742500	8476316.00
2026/01/13	4.856	4.950	4.829	4.900	2165600	10585684.00
2026/01/14	4.860	4.940	4.860	4.901	1689600	8287913.00
2026/01/15	4.891	4.928	4.848	4.866	3214834	15676271.00
2026/01/16	4.830	4.910	4.828	4.870	2227034	10850255.00
2026/01/19	4.873	4.960	4.841	4.902	1483200	7253165.50
2026/01/20	4.899	4.955	4.899	4.910	5032418	24723842.00
2026/01/21	4.927	4.939	4.880	4.900	6145100	30129504.00
2026/01/22	4.925	4.979	4.898	4.961	4702211	23277190.00
2026/01/23	4.988	5.014	4.957	4.989	4270000	21287100.00
2026/01/26	4.998	4.998	4.933	4.989	1618800	8031089.00
2026/01/27	4.994	4.994	4.930	4.954	1200700	5962837.50
2026/01/28	4.959	4.979	4.930	4.960	908100	4503540.00
2026/01/29	4.986	4.999	4.958	4.994	1815700	9040420.00
2026/01/30	4.994	5.007	4.958	4.960	587700	2922146.25
2026/02/02	4.938	4.973	4.802	4.842	2339200	11335413.00
2026/02/03	4.802	4.889	4.793	4.875	1599200	7758364.50
2026/02/04	4.897	4.898	4.811	4.879	3234484	15678125.00
2026/02/05	4.858	4.908	4.839	4.906	1587064	7763988.00
2026/02/06	4.883	4.910	4.839	4.873	2086700	10176536.00
2026/02/09	4.870	4.930	4.833	4.852	1122900	5450468.50
2026/02/10	4.825	4.889	4.800	4.885	710600	3446832.00
2026/02/11	4.890	4.928	4.857	4.879	635800	3113738.50
2026/02/12	4.913	4.913	4.865	4.889	400800	1957411.25
2026/02/13	4.914	4.947	4.864	4.944	288500	1417483.75
2026/02/24	4.913	4.913	4.841	4.853	394300	1917131.63
2026/02/25	4.827	4.863	4.826	4.842	380700	1842033.38
2026/02/26	4.856	4.856	4.787	4.804	546400	2621616.50
2026/02/27	4.779	4.802	4.773	4.798	1906600	9128166.00
2026/03/02	4.759	4.815	4.746	4.805	1693000	8113915.00
2026/03/03	4.789	4.833	4.777	4.810	1686900	8100770.00
2026/03/04	4.771	4.815	4.760	4.788	897000	4285784.50
2026/03/05	4.788	4.805	4.732	4.747	1471400	6981530.50
2026/03/06	4.746	4.779	4.680	4.699	3172500	14915570.00
2026/03/09	4.661	4.693	4.622	4.641	4350600	20168424.00
2026/03/10	4.606	4.670	4.601	4.653	2564500	11939118.00
2026/03/11	4.626	4.700	4.625	4.694	1128400	5255357.50
2026/03/12	4.655	4.737	4.638	4.656	1774600	8267415.50
2026/03/13	4.656	4.708	4.601	4.699	2198400	10262820.00
2026/03/16	4.659	4.722	4.624	4.709	2194400	10291701.00
2026/03/17	4.706	4.749	4.670	4.739	2083353	9826764.00
2026/03/18	4.700	4.811	4.677	4.765	1522000	7213491.50
2026/03/19	4.740	4.760	4.693	4.740	852300	4031959.75
2026/03/20	4.704	4.756	4.680	4.736	757900	3578762.25
2026/03/23	4.736	4.736	4.608	4.712	618500	2905797.00
2026/03/24	4.712	4.750	4.648	4.750	1409100	6616131.00
2026/04/03	4.663	4.700	4.627	4.692	1521771	7131694.00
#Ъ§ОнРДдД:ЭЈДяаХ
