180501 КьЭСДДаТЩюлкАВОг ШеЯп ВЛИДШЈ
      ШеЦк	    ПЊХЬ	    зюИп	    зюЕЭ	    ЪеХЬ	    ГЩНЛСП	    ГЩНЛЖю
2022/08/31	3.229	3.229	3.229	3.229	16562894	53481584.00
2022/09/01	3.358	3.470	3.250	3.406	46851481	158623760.00
2022/09/02	3.410	3.426	3.358	3.407	9101380	30975574.00
2022/09/05	3.478	3.478	3.395	3.395	5020524	17138818.00
2022/09/06	3.400	3.412	3.371	3.404	6657104	22547020.00
2022/09/07	3.406	3.418	3.400	3.416	2705698	9234173.00
2022/09/08	3.475	3.475	3.416	3.428	3714840	12734798.00
2022/09/09	3.430	3.440	3.426	3.427	3609957	12379188.00
2022/09/13	3.426	3.427	3.401	3.423	2540160	8688071.00
2022/09/14	3.419	3.435	3.405	3.418	3488943	11932550.00
2022/09/15	3.419	3.424	3.412	3.413	1820618	6215886.50
2022/09/16	3.413	3.413	3.386	3.398	3797004	12895526.00
2022/09/19	3.399	3.407	3.390	3.393	2504932	8502111.00
2022/09/20	3.393	3.393	3.383	3.389	1276186	4323053.50
2022/09/21	3.389	3.392	3.384	3.390	852642	2889537.00
2022/09/22	3.390	3.398	3.377	3.394	1582070	5364610.00
2022/09/23	3.394	3.401	3.387	3.395	1377797	4679657.50
2022/09/26	3.395	3.403	3.392	3.392	913884	3106612.00
2022/09/27	3.394	3.401	3.386	3.388	1823716	6190038.00
2022/09/28	3.388	3.600	3.384	3.400	3249424	11079980.00
2022/09/29	3.400	3.400	3.381	3.385	969048	3285694.25
2022/09/30	3.387	3.395	3.379	3.381	764606	2586061.25
2022/10/10	3.381	3.381	3.320	3.326	2256236	7550601.50
2022/10/11	3.326	3.329	3.245	3.276	4305822	14084127.00
2022/10/12	3.262	3.280	3.262	3.277	741291	2427116.25
2022/10/13	3.278	3.300	3.271	3.273	1235058	4050915.75
2022/10/14	3.272	3.276	3.261	3.276	1362811	4456045.50
2022/10/17	3.277	3.278	3.270	3.272	995507	3257800.00
2022/10/18	3.271	3.276	3.268	3.272	1280452	4190672.00
2022/10/19	3.272	3.276	3.265	3.268	1887266	6173054.50
2022/10/20	3.266	3.266	3.244	3.264	5098607	16591552.00
2022/10/21	3.264	3.264	3.230	3.253	3117830	10106928.00
2022/10/24	3.253	3.253	3.217	3.218	1806461	5838900.50
2022/10/25	3.217	3.217	3.166	3.168	3443532	10945027.00
2022/10/26	3.167	3.195	3.165	3.192	1743937	5563714.50
2022/10/27	3.192	3.210	3.192	3.208	3167315	10148170.00
2022/10/28	3.208	3.211	3.183	3.208	3734652	11949307.00
2022/10/31	3.208	3.228	3.168	3.222	2787888	8970842.00
2022/11/01	3.222	3.237	3.222	3.233	539021	1742902.25
2022/11/02	3.234	3.250	3.234	3.241	1998686	6480251.50
2022/11/03	3.241	3.250	3.241	3.248	523554	1700210.50
2022/11/04	3.248	3.333	3.248	3.329	2874370	9424783.00
2022/11/07	3.319	3.319	3.289	3.290	2638831	8714439.00
2022/11/08	3.289	3.298	3.267	3.269	536844	1759429.75
2022/11/09	3.269	3.293	3.249	3.251	1090176	3564857.75
2022/11/10	3.256	3.278	3.222	3.229	1267638	4100825.00
2022/11/11	3.225	3.277	3.221	3.257	1417538	4603461.00
2022/11/14	3.257	3.257	3.218	3.238	1106126	3582256.25
2022/11/15	3.235	3.243	3.232	3.235	2453467	7943129.00
2022/11/16	3.236	3.240	2.912	3.200	2333506	7485613.50
2022/11/17	3.198	3.199	3.110	3.123	1646354	5197408.00
2022/11/18	3.120	3.129	3.075	3.100	1260268	3896409.75
2022/11/21	3.092	3.106	3.055	3.103	2006113	6203063.50
2022/11/22	3.101	3.101	3.055	3.084	403639	1245385.00
2022/11/23	3.084	3.086	3.070	3.074	407976	1255506.25
2022/11/24	3.073	3.075	3.041	3.050	2607280	7991748.00
2022/11/25	3.050	3.057	3.043	3.045	638447	1945752.88
2022/11/28	3.045	3.045	3.000	3.017	483997	1460210.88
2022/11/29	3.016	3.032	3.016	3.031	656684	1986097.38
2022/11/30	3.031	3.031	3.025	3.028	351587	1064710.63
2022/12/01	3.027	3.031	3.015	3.031	1779866	5384625.00
2022/12/02	3.031	3.060	3.030	3.060	923785	2818604.25
2022/12/05	3.060	3.104	3.060	3.100	1342683	4151387.25
2022/12/06	3.100	3.113	3.099	3.101	1927954	5980403.00
2022/12/07	3.102	3.102	3.088	3.090	867199	2679908.00
2022/12/08	3.090	3.090	3.043	3.085	1055336	3244640.50
2022/12/09	3.085	3.085	3.071	3.073	887835	2729477.50
2022/12/12	3.072	3.073	3.056	3.056	1259465	3856342.25
2022/12/13	3.056	3.056	3.031	3.033	400979	1217369.25
2022/12/14	3.033	3.033	3.018	3.020	330809	1000144.31
2022/12/15	3.020	3.030	3.020	3.022	430187	1301079.00
2022/12/16	3.023	3.023	3.007	3.008	1271742	3832407.25
2022/12/19	3.008	3.008	2.991	2.996	412018	1234193.75
2022/12/20	2.996	2.996	2.913	2.925	1366156	4026657.00
2022/12/21	2.919	2.970	2.899	2.899	1014201	2955250.50
2022/12/22	2.900	2.917	2.900	2.900	371187	1079154.63
2022/12/23	2.900	2.919	2.900	2.910	528441	1539915.38
2022/12/26	2.909	2.999	2.790	2.894	347757	1008163.88
2022/12/27	2.895	2.895	2.855	2.857	1857205	5325661.50
2022/12/28	2.840	2.847	2.800	2.807	1784159	5025792.50
2022/12/29	2.807	2.812	2.744	2.756	3054375	8486609.00
2022/12/30	2.756	2.820	2.600	2.719	2769559	7492838.00
2023/01/03	2.718	2.718	2.682	2.687	2066432	5549950.50
2023/01/04	2.687	2.687	2.679	2.682	1028761	2759437.25
2023/01/05	2.680	2.691	2.680	2.690	810820	2180345.25
2023/01/06	2.690	2.718	2.690	2.718	2311877	6250673.00
2023/01/09	2.710	2.747	2.710	2.747	1219407	3329815.75
2023/01/10	2.747	2.756	2.747	2.748	2306489	6342967.00
2023/01/11	2.748	2.762	2.740	2.747	2914312	8034480.50
2023/01/12	2.747	2.747	2.735	2.743	1175803	3224096.25
2023/01/13	2.743	2.750	2.738	2.739	2469168	6767773.50
2023/01/16	2.740	2.750	2.725	2.728	1469035	4010544.25
2023/01/17	2.728	2.735	2.705	2.705	1130185	3063968.50
2023/01/18	2.710	2.710	2.700	2.702	1269998	3432773.75
2023/01/19	2.702	2.702	2.699	2.702	1301329	3513747.50
2023/01/20	2.703	2.732	2.702	2.732	1619324	4387270.50
2023/01/30	2.736	2.796	2.736	2.769	3408781	9474885.00
2023/01/31	2.769	2.860	2.769	2.857	2856011	8030140.50
2023/02/01	2.858	2.950	2.858	2.937	4057471	11804900.00
2023/02/02	2.938	2.952	2.930	2.932	4727163	13913715.00
2023/02/03	2.931	2.932	2.903	2.907	2540582	7385275.00
2023/02/06	2.907	2.915	2.904	2.910	2258623	6572735.50
2023/02/07	2.910	2.919	2.880	2.884	2086927	6051414.00
2023/02/08	2.885	2.886	2.870	2.875	1738091	4997842.00
2023/02/09	2.873	2.873	2.861	2.868	1277768	3663633.00
2023/02/10	2.868	2.871	2.865	2.871	2470153	7082648.50
2023/02/13	2.870	2.893	2.866	2.893	2529822	7283412.50
2023/02/14	2.894	2.959	2.894	2.956	3118855	9088772.00
2023/02/15	2.970	2.995	2.910	2.970	5509699	16445705.00
2023/02/16	2.969	2.969	2.920	2.926	2573036	7549787.50
2023/02/17	2.923	2.948	2.892	2.933	4008438	11771672.00
2023/02/20	2.931	2.932	2.925	2.931	1289679	3775964.25
2023/02/21	2.932	2.939	2.930	2.939	2518444	7389383.50
2023/02/22	2.939	2.943	2.923	2.938	1335006	3921392.75
2023/02/23	2.935	2.938	2.929	2.929	1555899	4560136.50
2023/02/24	2.932	2.932	2.884	2.888	1682979	4875238.50
2023/02/27	2.893	2.910	2.890	2.890	1046258	3033375.75
2023/02/28	2.888	2.890	2.882	2.883	463581	1337267.88
2023/03/01	2.883	2.890	2.882	2.888	670442	1935785.50
2023/03/02	2.888	2.890	2.886	2.890	1491300	4305228.50
2023/03/03	2.890	2.898	2.887	2.889	1468890	4248342.50
2023/03/06	2.889	2.889	2.877	2.878	772034	2223926.00
2023/03/07	2.878	2.878	2.872	2.872	2292738	6588692.50
2023/03/08	2.872	2.872	2.844	2.846	860901	2464535.75
2023/03/09	2.846	2.860	2.845	2.857	986300	2814133.00
2023/03/10	2.857	2.864	2.840	2.864	1231496	3514124.50
2023/03/13	2.852	2.898	2.850	2.897	4132022	11886334.00
2023/03/14	2.900	2.918	2.898	2.901	3705754	10784372.00
2023/03/15	2.901	2.901	2.870	2.876	3063455	8808993.00
2023/03/16	2.876	2.885	2.845	2.870	1453383	4181494.75
2023/03/17	2.870	2.870	2.854	2.856	2316067	6619559.00
2023/03/20	2.856	2.865	2.837	2.839	4452238	12668609.00
2023/03/21	2.841	2.841	2.828	2.828	2386197	6753160.00
2023/03/22	2.828	2.828	2.814	2.818	2129094	5998929.50
2023/03/23	2.825	2.825	2.817	2.819	1923860	5423324.50
2023/03/24	2.819	2.820	2.813	2.818	1824083	5139589.50
2023/03/27	2.816	2.822	2.812	2.814	3392433	9550334.00
2023/03/28	2.814	2.832	2.783	2.784	2795235	7874484.00
2023/03/29	2.784	2.794	2.775	2.775	3667935	10199435.00
2023/03/30	2.775	2.783	2.756	2.765	2196549	6075026.00
2023/03/31	2.763	2.795	2.753	2.785	2856964	7954927.00
2023/04/03	2.785	2.791	2.755	2.778	2652646	7380291.00
2023/04/04	2.778	2.795	2.778	2.784	2063623	5760687.50
2023/04/06	2.784	2.784	2.750	2.755	2120863	5850753.50
2023/04/07	2.755	2.780	2.750	2.779	1678454	4645748.00
2023/04/10	2.785	2.785	2.772	2.773	908237	2520929.75
2023/04/11	2.773	2.773	2.761	2.765	665938	1841484.88
2023/04/12	2.766	2.780	2.761	2.761	1101974	3046119.25
2023/04/13	2.761	2.761	2.749	2.752	1737759	4786350.00
2023/04/14	2.751	2.757	2.748	2.751	1811187	4981995.00
2023/04/17	2.752	2.763	2.751	2.763	2410919	6646759.50
2023/04/18	2.763	2.787	2.763	2.787	1933052	5364571.50
2023/04/19	2.787	2.800	2.777	2.786	1409997	3928229.50
2023/04/20	2.785	2.792	2.780	2.785	822560	2291043.00
2023/04/21	2.785	2.793	2.780	2.791	1710843	4771598.00
2023/04/24	2.791	2.814	2.790	2.813	1677800	4699359.00
2023/04/25	2.820	2.820	2.810	2.814	1095851	3084590.50
2023/04/26	2.785	2.785	2.664	2.711	1529027	4193295.00
2023/04/27	2.705	2.705	2.672	2.677	1430508	3838288.50
2023/04/28	2.670	2.684	2.659	2.664	2085714	5552874.50
2023/05/04	2.663	2.663	2.610	2.612	1458719	3830848.25
2023/05/05	2.611	2.611	2.547	2.554	2512345	6455683.00
2023/05/08	2.554	2.554	2.507	2.532	2066022	5205976.50
2023/05/09	2.532	2.579	2.520	2.575	2782410	7094860.00
2023/05/10	2.577	2.660	2.576	2.660	2673396	7044079.50
2023/05/11	2.662	2.686	2.655	2.681	3266302	8747522.00
2023/05/12	2.681	2.681	2.645	2.656	2238456	5940735.00
2023/05/15	2.656	2.656	2.625	2.630	1269119	3337593.50
2023/05/16	2.630	2.644	2.580	2.629	1675870	4400433.00
2023/05/17	2.629	2.660	2.620	2.656	2418549	6393561.50
2023/05/18	2.648	2.648	2.621	2.643	1149066	3036171.50
2023/05/19	2.643	2.643	2.593	2.623	2085511	5440544.50
2023/05/22	2.623	2.623	2.590	2.617	1486093	3867860.00
2023/05/23	2.614	2.614	2.580	2.607	1638652	4269744.50
2023/05/24	2.607	2.607	2.580	2.592	1010705	2621269.50
2023/05/25	2.591	2.591	2.568	2.572	1988222	5115056.00
2023/05/26	2.571	2.571	2.559	2.560	1221314	3127389.00
2023/05/29	2.560	2.590	2.560	2.571	1166678	3001977.50
2023/05/30	2.572	2.580	2.558	2.559	1350037	3458777.75
2023/05/31	2.560	2.560	2.531	2.541	2940389	7475617.00
2023/06/01	2.541	2.541	2.502	2.521	1736697	4368246.50
2023/06/02	2.520	2.520	2.499	2.519	2721423	6825579.00
2023/06/05	2.520	2.528	2.455	2.457	2345537	5863828.00
2023/06/06	2.456	2.456	2.384	2.419	4115063	9885843.00
2023/06/07	2.419	2.426	2.391	2.425	2993531	7243158.00
2023/06/08	2.425	2.504	2.424	2.499	3252097	8005322.50
2023/06/09	2.502	2.526	2.499	2.518	1940327	4876814.50
2023/06/12	2.510	2.514	2.496	2.510	2023614	5066833.00
2023/06/13	2.509	2.509	2.501	2.506	1385549	3470595.25
2023/06/14	2.506	2.525	2.500	2.516	1963005	4942594.00
2023/06/15	2.519	2.524	2.512	2.524	1287658	3241876.00
2023/06/16	2.524	2.539	2.524	2.537	2430460	6148711.50
2023/06/19	2.538	2.547	2.497	2.540	1409487	3575775.75
2023/06/20	2.540	2.549	2.530	2.548	2075653	5277944.00
2023/06/21	2.555	2.555	2.542	2.544	1995421	5078823.50
2023/06/26	2.550	2.550	2.484	2.517	2099437	5277721.50
2023/06/27	2.510	2.555	2.490	2.555	2106045	5312741.00
2023/06/28	2.555	2.555	2.542	2.542	1283237	3269574.25
2023/06/29	2.542	2.542	2.528	2.535	1329790	3366387.75
2023/06/30	2.535	2.548	2.495	2.543	1622825	4128218.25
2023/07/03	2.535	2.536	2.526	2.532	2474770	6265001.50
2023/07/04	2.525	2.543	2.524	2.536	1190641	3017149.00
2023/07/05	2.536	2.536	2.512	2.520	1844946	4669297.00
2023/07/06	2.520	2.550	2.519	2.542	1374396	3487091.00
2023/07/07	2.542	2.585	2.541	2.585	2709558	6970816.00
2023/07/10	2.585	2.604	2.579	2.580	3301770	8548535.00
2023/07/11	2.580	2.587	2.542	2.577	1902937	4892334.50
2023/07/12	2.577	2.610	2.539	2.565	1966575	5049006.50
2023/07/13	2.565	2.600	2.525	2.573	2690122	6895276.00
2023/07/14	2.573	2.594	2.553	2.577	3631601	9368180.00
2023/07/17	2.600	2.624	2.554	2.620	2142390	5582324.50
2023/07/18	2.621	2.697	2.590	2.696	4338400	11490751.00
2023/07/19	2.697	2.730	2.637	2.675	4170892	11150247.00
2023/07/20	2.660	2.675	2.627	2.655	3560919	9462184.00
2023/07/21	2.627	2.678	2.624	2.677	3164822	8407455.00
2023/07/24	2.660	2.685	2.633	2.671	3714329	9934955.00
2023/07/25	2.667	2.725	2.647	2.676	3283144	8810525.00
2023/07/26	2.671	2.683	2.632	2.683	2751559	7323169.00
2023/07/27	2.667	2.699	2.660	2.672	2529215	6780541.00
2023/07/28	2.672	2.688	2.656	2.681	2161709	5766984.00
2023/07/31	2.685	2.700	2.662	2.681	4947947	13247723.00
2023/08/01	2.681	2.720	2.662	2.680	4466441	12043740.00
2023/08/02	2.675	2.694	2.670	2.681	2064062	5540453.00
2023/08/03	2.681	2.718	2.650	2.667	3541051	9505697.00
2023/08/04	2.665	2.676	2.660	2.670	2169066	5781375.00
2023/08/07	2.670	2.698	2.639	2.686	2386163	6356762.50
2023/08/08	2.686	2.714	2.666	2.712	3541718	9527315.00
2023/08/09	2.712	2.716	2.696	2.700	4355995	11793046.00
2023/08/10	2.700	2.714	2.607	2.699	4588976	12388537.00
2023/08/11	2.686	2.700	2.677	2.686	2646419	7115596.50
2023/08/14	2.679	2.679	2.648	2.670	2117752	5634095.50
2023/08/15	2.663	2.683	2.648	2.673	1508723	4036672.00
2023/08/16	2.673	2.685	2.663	2.673	1662175	4442720.50
2023/08/17	2.662	2.690	2.662	2.678	2336765	6257915.50
2023/08/18	2.682	2.699	2.666	2.683	4617041	12382339.00
2023/08/21	2.682	2.691	2.643	2.681	3289223	8777110.00
2023/08/22	2.678	2.678	2.629	2.656	3566696	9463522.00
2023/08/23	2.655	2.666	2.618	2.648	3845510	10134595.00
2023/08/24	2.661	2.669	2.627	2.667	3566778	9420481.00
2023/08/25	2.667	2.675	2.644	2.675	4126987	10980546.00
2023/08/28	2.675	2.699	2.658	2.686	3935070	10568356.00
2023/08/29	2.685	2.695	2.665	2.680	3116550	8340774.00
2023/08/30	2.680	2.692	2.668	2.683	3398353	9117628.00
2023/08/31	2.683	2.683	2.657	2.662	3444946	9184513.00
2023/09/01	2.643	2.680	2.643	2.646	2453060	6519023.00
2023/09/04	2.646	2.664	2.620	2.621	3643661	9567920.00
2023/09/05	2.620	2.634	2.616	2.633	2825308	7409581.50
2023/09/06	2.632	2.662	2.623	2.647	1950538	5161020.50
2023/09/07	2.647	2.667	2.642	2.664	2090378	5549121.50
2023/09/08	2.666	2.683	2.658	2.675	3907715	10438611.00
2023/09/11	2.669	2.702	2.669	2.693	2588262	6946650.00
2023/09/12	2.693	2.710	2.682	2.709	2729535	7363720.50
2023/09/13	2.707	2.719	2.685	2.691	3481889	9373225.00
2023/09/14	2.691	2.700	2.672	2.692	4070895	10943997.00
2023/09/15	2.700	2.712	2.669	2.679	4566083	12255882.00
2023/09/18	2.678	2.683	2.651	2.668	4528002	12050035.00
2023/09/19	2.665	2.688	2.664	2.674	4678825	12506140.00
2023/09/20	2.673	2.692	2.663	2.690	2444068	6539491.50
2023/09/21	2.689	2.700	2.667	2.687	3830318	10251742.00
2023/09/22	2.643	2.643	2.611	2.635	2076090	5462859.00
2023/09/25	2.635	2.642	2.626	2.641	1987086	5235798.00
2023/09/26	2.641	2.646	2.629	2.639	2447638	6457287.00
2023/09/27	2.631	2.639	2.630	2.639	1484192	3907713.25
2023/09/28	2.630	2.663	2.629	2.631	3725020	9834206.00
2023/10/09	2.631	2.631	2.612	2.619	1457088	3815205.00
2023/10/10	2.618	2.618	2.609	2.610	1515852	3958555.00
2023/10/11	2.575	2.617	2.575	2.603	2125889	5517914.00
2023/10/12	2.593	2.616	2.587	2.610	2452323	6390341.50
2023/10/13	2.610	2.619	2.599	2.604	1596102	4152484.25
2023/10/16	2.606	2.606	2.592	2.603	1369875	3563180.25
2023/10/17	2.601	2.601	2.547	2.567	4182894	10750551.00
2023/10/18	2.554	2.567	2.533	2.533	1590521	4051175.50
2023/10/19	2.533	2.533	2.514	2.522	2410549	6075762.00
2023/10/20	2.520	2.535	2.480	2.496	2490591	6216454.50
2023/10/23	2.495	2.535	2.470	2.472	1718414	4266644.50
2023/10/24	2.450	2.533	2.450	2.530	2414278	6018056.00
2023/10/25	2.530	2.565	2.530	2.551	3839278	9769744.00
2023/10/26	2.541	2.554	2.531	2.533	1243503	3158669.50
2023/10/27	2.532	2.533	2.522	2.522	2344228	5923862.50
2023/10/30	2.518	2.525	2.510	2.512	1722940	4331715.50
2023/10/31	2.510	2.514	2.497	2.500	1590047	3988349.00
2023/11/01	2.500	2.504	2.490	2.494	1458443	3639455.50
2023/11/02	2.491	2.491	2.481	2.482	1316867	3272705.50
2023/11/03	2.486	2.505	2.473	2.489	2477509	6146789.00
2023/11/06	2.489	2.507	2.489	2.498	2347246	5862519.00
2023/11/07	2.498	2.504	2.484	2.491	1918446	4782992.00
2023/11/08	2.496	2.510	2.473	2.503	1586714	3970087.75
2023/11/09	2.507	2.526	2.507	2.523	2600075	6549145.00
2023/11/10	2.529	2.532	2.519	2.528	2408121	6086444.50
2023/11/13	2.520	2.526	2.516	2.519	1882884	4743943.00
2023/11/14	2.519	2.524	2.514	2.520	1721556	4335495.00
2023/11/15	2.520	2.526	2.510	2.510	1050912	2648683.50
2023/11/16	2.510	2.529	2.509	2.510	1039936	2618505.00
2023/11/17	2.507	2.527	2.500	2.520	1310856	3300913.50
2023/11/20	2.515	2.554	2.510	2.523	1546494	3894151.25
2023/11/21	2.523	2.530	2.507	2.525	1334083	3365169.25
2023/11/22	2.518	2.533	2.515	2.525	885629	2236495.00
2023/11/23	2.525	2.528	2.519	2.528	1397493	3527090.75
2023/11/24	2.524	2.531	2.513	2.530	952604	2401491.50
2023/11/27	2.533	2.542	2.459	2.481	3370375	8397884.00
2023/11/28	2.481	2.496	2.439	2.479	2177909	5348344.50
2023/11/29	2.455	2.480	2.451	2.477	2052694	5050586.00
2023/11/30	2.477	2.550	2.476	2.544	2877610	7224056.50
2023/12/01	2.550	2.551	2.508	2.545	2622271	6610479.00
2023/12/04	2.542	2.543	2.519	2.536	1896109	4792215.00
2023/12/05	2.520	2.543	2.460	2.515	3043572	7661274.00
2023/12/06	2.508	2.518	2.481	2.491	2462850	6148564.50
2023/12/07	2.482	2.493	2.469	2.469	1743359	4314346.00
2023/12/08	2.468	2.496	2.420	2.432	3038086	7456545.50
2023/12/11	2.431	2.433	2.396	2.407	1879303	4514318.50
2023/12/12	2.407	2.432	2.390	2.405	1225182	2937785.00
2023/12/13	2.405	2.419	2.387	2.394	1252147	2997435.00
2023/12/14	2.388	2.416	2.374	2.380	1709493	4084696.75
2023/12/15	2.379	2.406	2.376	2.400	2601021	6223297.00
2023/12/18	2.395	2.430	2.340	2.430	3511119	8316489.50
2023/12/19	2.417	2.417	2.375	2.388	3756839	9003182.00
2023/12/20	2.382	2.395	2.345	2.395	4410371	10452650.00
2023/12/21	2.394	2.447	2.385	2.419	5145977	12453978.00
2023/12/22	2.421	2.510	2.421	2.453	5680182	14050042.00
2023/12/25	2.453	2.480	2.434	2.466	4382122	10761695.00
2023/12/26	2.468	2.471	2.440	2.453	4501781	11060070.00
2023/12/27	2.451	2.480	2.404	2.435	7288397	17832210.00
2023/12/28	2.434	2.477	2.418	2.456	3592667	8805838.00
2023/12/29	2.446	2.515	2.446	2.490	4288975	10687050.00
2024/01/02	2.480	2.501	2.466	2.468	3477233	8639661.00
2024/01/03	2.460	2.472	2.402	2.468	5041577	12342429.00
2024/01/04	2.449	2.449	2.423	2.447	3133215	7626916.50
2024/01/05	2.437	2.450	2.383	2.440	6464777	15658075.00
2024/01/08	2.424	2.456	2.387	2.397	3472376	8362545.50
2024/01/09	2.393	2.406	2.330	2.340	4827244	11431022.00
2024/01/10	2.339	2.357	2.248	2.254	4033583	9342238.00
2024/01/11	2.254	2.309	2.235	2.240	10134452	22984956.00
2024/01/12	2.250	2.250	2.210	2.215	6948957	15527587.00
2024/01/15	2.215	2.272	2.205	2.267	4441879	9882455.00
2024/01/16	2.267	2.322	2.244	2.319	3393445	7746515.00
2024/01/17	2.315	2.399	2.298	2.396	5191241	12310114.00
2024/01/18	2.395	2.404	2.339	2.369	3763862	8834651.00
2024/01/19	2.369	2.384	2.369	2.375	4113878	9783393.00
2024/01/22	2.380	2.380	2.317	2.326	2855536	6660658.50
2024/01/23	2.326	2.334	2.300	2.334	1692350	3938638.25
2024/01/24	2.324	2.376	2.311	2.349	3755294	8830940.00
2024/01/25	2.346	2.365	2.335	2.355	4877342	11452114.00
2024/01/26	2.350	2.368	2.333	2.350	2259060	5316110.00
2024/01/29	2.350	2.354	2.323	2.350	2169504	5079313.50
2024/01/30	2.350	2.353	2.327	2.342	2733008	6392942.00
2024/01/31	2.332	2.350	2.315	2.339	3182979	7442206.50
2024/02/01	2.339	2.348	2.313	2.320	2604930	6063436.00
2024/02/02	2.310	2.340	2.308	2.316	3358286	7783829.00
2024/02/05	2.310	2.353	2.269	2.276	3682102	8533614.00
2024/02/06	2.271	2.303	2.256	2.301	3317473	7538071.00
2024/02/07	2.299	2.318	2.288	2.313	3351754	7698202.00
2024/02/08	2.317	2.363	2.317	2.330	3281573	7653875.50
2024/02/19	2.340	2.451	2.333	2.450	4577753	11015929.00
2024/02/20	2.450	2.556	2.436	2.465	8070733	20040334.00
2024/02/21	2.468	2.476	2.436	2.464	4741072	11696443.00
2024/02/22	2.451	2.487	2.438	2.485	3938696	9722064.00
2024/02/23	2.480	2.528	2.470	2.528	6077064	15284979.00
2024/02/26	2.528	2.592	2.496	2.587	3679171	9402652.00
2024/02/27	2.587	2.599	2.547	2.551	5796960	14924052.00
2024/02/28	2.545	2.545	2.508	2.525	5439122	13764186.00
2024/02/29	2.493	2.553	2.492	2.550	4277684	10846661.00
2024/03/01	2.550	2.608	2.541	2.599	5498198	14255225.00
2024/03/04	2.590	2.660	2.580	2.660	4345533	11472492.00
2024/03/05	2.641	2.661	2.636	2.640	4818717	12751970.00
2024/03/06	2.640	2.640	2.580	2.585	3706663	9692798.00
2024/03/07	2.575	2.604	2.544	2.559	3627050	9334492.00
2024/03/08	2.572	2.593	2.534	2.591	4284499	10995586.00
2024/03/11	2.591	2.611	2.590	2.600	3441188	8961080.00
2024/03/12	2.604	2.604	2.576	2.584	4083971	10563182.00
2024/03/13	2.587	2.589	2.570	2.576	3677625	9485020.00
2024/03/14	2.571	2.605	2.555	2.587	3131114	8063092.50
2024/03/15	2.575	2.600	2.562	2.574	3153566	8144670.50
2024/03/18	2.565	2.580	2.565	2.580	2577180	6639125.00
2024/03/19	2.570	2.590	2.561	2.590	2249996	5796134.00
2024/03/20	2.577	2.600	2.560	2.563	2510728	6478422.50
2024/03/21	2.564	2.564	2.548	2.550	3005460	7686304.50
2024/03/22	2.550	2.570	2.493	2.497	3969240	9962292.00
2024/03/25	2.514	2.514	2.445	2.458	2719606	6713027.00
2024/03/26	2.458	2.470	2.447	2.470	3847262	9455166.00
2024/03/27	2.471	2.534	2.471	2.534	3939240	9897116.00
2024/03/28	2.534	2.540	2.501	2.514	3175753	7980524.50
2024/03/29	2.500	2.509	2.489	2.509	2162187	5407717.00
2024/04/01	2.509	2.514	2.506	2.514	2137669	5366677.00
2024/04/02	2.513	2.529	2.512	2.514	3247840	8197232.00
2024/04/03	2.518	2.525	2.513	2.525	3043314	7667352.00
2024/04/08	2.516	2.516	2.470	2.482	2614080	6477774.50
2024/04/09	2.480	2.487	2.470	2.485	3495668	8681209.00
2024/04/10	2.485	2.490	2.471	2.485	2705843	6700511.00
2024/04/11	2.485	2.574	2.475	2.544	3485241	8761943.00
2024/04/12	2.539	2.549	2.501	2.540	2751209	6960162.50
2024/04/15	2.530	2.530	2.510	2.512	1768577	4446446.50
2024/04/16	2.504	2.505	2.495	2.502	1216304	3041332.25
2024/04/17	2.514	2.543	2.484	2.523	825945	2075533.13
2024/04/18	2.534	2.534	2.515	2.516	600484	1511897.50
2024/04/19	2.516	2.518	2.504	2.511	1491302	3745070.50
2024/04/22	2.511	2.521	2.511	2.520	979704	2465938.50
2024/04/23	2.520	2.555	2.517	2.551	3614337	9168030.00
2024/04/24	2.546	2.577	2.540	2.570	2470617	6337586.50
2024/04/25	2.568	2.607	2.568	2.589	3523123	9127484.00
2024/04/26	2.586	2.610	2.576	2.597	3618759	9390326.00
2024/04/29	2.600	2.600	2.564	2.592	3472150	8970043.00
2024/04/30	2.584	2.593	2.581	2.586	2220065	5750992.50
2024/05/06	2.587	2.587	2.560	2.577	2893118	7435816.00
2024/05/07	2.577	2.611	2.577	2.599	3092203	8038224.00
2024/05/08	2.599	2.616	2.598	2.601	3719515	9699300.00
2024/05/09	2.600	2.609	2.599	2.600	1876023	4879261.00
2024/05/10	2.600	2.614	2.590	2.600	3137657	8161706.00
2024/05/13	2.595	2.606	2.595	2.600	2548653	6629192.50
2024/05/14	2.601	2.611	2.596	2.606	1036085	2703235.00
2024/05/15	2.606	2.606	2.595	2.596	868467	2259316.75
2024/05/16	2.596	2.605	2.596	2.597	1995080	5186370.50
2024/05/17	2.597	2.650	2.594	2.635	3307659	8647720.00
2024/05/20	2.635	2.664	2.630	2.630	4059920	10778036.00
2024/05/21	2.630	2.630	2.598	2.598	1550193	4050841.25
2024/05/22	2.596	2.609	2.594	2.600	1309078	3404290.50
2024/05/23	2.600	2.605	2.595	2.599	1726314	4486046.50
2024/05/24	2.600	2.621	2.594	2.618	709999	1850484.38
2024/05/27	2.618	2.618	2.605	2.607	1472855	3843071.25
2024/05/28	2.604	2.604	2.600	2.600	677912	1764020.88
2024/05/29	2.596	2.607	2.596	2.607	421394	1096448.88
2024/05/30	2.602	2.610	2.599	2.610	1230953	3208547.50
2024/05/31	2.605	2.615	2.605	2.610	1356998	3544048.50
2024/06/03	2.610	2.670	2.605	2.660	1663803	4375280.50
2024/06/04	2.655	2.661	2.644	2.660	2061960	5470643.00
2024/06/05	2.650	2.675	2.648	2.673	1966824	5236234.00
2024/06/06	2.674	2.691	2.661	2.676	2351783	6290041.00
2024/06/07	2.675	2.680	2.672	2.675	1948458	5215361.50
2024/06/11	2.675	2.680	2.649	2.670	1405130	3740441.50
2024/06/12	2.661	2.674	2.651	2.670	2398038	6393554.00
2024/06/13	2.671	2.735	2.670	2.734	1585299	4276054.00
2024/06/14	2.733	2.758	2.721	2.758	2375906	6530500.00
2024/06/17	2.750	2.763	2.733	2.760	1168904	3217003.50
2024/06/18	2.760	2.778	2.735	2.763	1487578	4116528.75
2024/06/19	2.756	2.768	2.742	2.758	3078370	8493486.00
2024/06/20	2.749	2.765	2.743	2.750	904044	2487696.50
2024/06/21	2.749	2.757	2.735	2.750	1783491	4899741.50
2024/06/24	2.750	2.755	2.735	2.752	1361043	3744456.75
2024/06/25	2.752	2.758	2.743	2.756	1131100	3114108.25
2024/06/26	2.742	2.762	2.742	2.762	1017812	2802364.25
2024/06/27	2.763	2.822	2.763	2.818	3774710	10543259.00
2024/06/28	2.826	2.830	2.811	2.818	4781413	13497783.00
2024/07/01	2.814	2.822	2.808	2.817	3424839	9647935.00
2024/07/02	2.817	2.857	2.817	2.857	4302120	12207209.00
2024/07/03	2.847	2.888	2.834	2.886	1609842	4623939.00
2024/07/04	2.889	2.900	2.859	2.866	2033436	5832347.00
2024/07/05	2.865	2.886	2.848	2.872	1876288	5394241.50
2024/07/08	2.870	2.886	2.845	2.851	1568737	4499203.00
2024/07/09	2.840	2.840	2.805	2.820	7151336	20150164.00
2024/07/10	2.805	2.840	2.802	2.820	2236214	6317873.50
2024/07/11	2.819	2.826	2.793	2.810	2356462	6629471.50
2024/07/12	2.800	2.824	2.800	2.824	1723637	4844934.50
2024/07/15	2.824	2.908	2.824	2.905	3540801	10110121.00
2024/07/16	2.905	2.975	2.876	2.921	4002047	11803146.00
2024/07/17	2.922	2.935	2.896	2.920	2209180	6425668.00
2024/07/18	2.902	2.940	2.901	2.933	1896589	5545442.50
2024/07/19	2.933	2.945	2.915	2.932	3314052	9720309.00
2024/07/22	2.931	2.931	2.893	2.917	3501825	10174818.00
2024/07/23	2.908	2.945	2.908	2.938	2331789	6818160.00
2024/07/24	2.918	2.975	2.918	2.970	1793161	5269509.00
2024/07/25	2.947	3.000	2.947	2.998	2050678	6088495.00
2024/07/26	2.993	3.111	2.977	3.049	4151450	12692370.00
2024/07/29	3.049	3.050	2.995	2.999	4412405	13286837.00
2024/07/30	2.999	3.007	2.971	2.999	6935861	20761580.00
2024/07/31	2.999	3.014	2.986	2.996	5489315	16436112.00
2024/08/01	2.996	2.999	2.973	2.973	4424660	13217945.00
2024/08/02	2.973	3.045	2.963	3.041	3883092	11718397.00
2024/08/05	3.041	3.100	3.039	3.098	3219506	9882251.00
2024/08/06	3.120	3.134	3.047	3.080	4212593	12960776.00
2024/08/07	3.080	3.165	3.073	3.161	3327862	10375357.00
2024/08/08	3.162	3.232	3.103	3.115	5035206	16060178.00
2024/08/09	3.090	3.110	3.062	3.084	5699505	17551946.00
2024/08/12	3.059	3.059	2.999	3.013	5250605	15788993.00
2024/08/13	3.012	3.039	2.985	3.027	3209561	9657485.00
2024/08/14	3.027	3.090	3.027	3.080	5189439	15959837.00
2024/08/15	3.065	3.095	3.033	3.040	4521847	13900823.00
2024/08/16	3.040	3.068	3.014	3.042	4761405	14515913.00
2024/08/19	3.040	3.040	3.010	3.017	2940303	8861738.00
2024/08/20	3.014	3.014	2.960	2.969	2976163	8891127.00
2024/08/21	2.969	2.992	2.890	2.906	4529296	13280904.00
2024/08/22	2.900	3.006	2.862	3.005	3804433	11229538.00
2024/08/23	3.012	3.035	2.981	3.028	5578358	16804008.00
2024/08/26	2.990	3.046	2.990	3.025	7289812	22085672.00
2024/08/27	2.992	3.022	2.991	3.003	6245384	18734330.00
2024/08/28	2.999	3.033	2.966	3.028	2893375	8656825.00
2024/08/29	3.028	3.067	2.992	3.001	4442939	13391003.00
2024/08/30	3.001	3.001	2.937	2.945	5093910	15033894.00
2024/09/02	2.934	2.981	2.934	2.967	4567944	13558189.00
2024/09/03	2.987	2.988	2.935	2.940	2336635	6896333.50
2024/09/04	2.939	2.939	2.893	2.939	3525377	10263317.00
2024/09/05	2.924	2.955	2.910	2.951	4140827	12195732.00
2024/09/06	2.950	2.975	2.950	2.968	3240145	9595804.00
2024/09/09	2.967	2.994	2.950	2.991	2456188	7303525.50
2024/09/10	2.990	3.000	2.970	2.980	1880148	5604844.50
2024/09/11	2.953	3.014	2.925	2.941	2482338	7318419.00
2024/09/12	2.926	2.954	2.926	2.935	2622124	7702116.00
2024/09/13	2.920	2.936	2.912	2.932	2663240	7801227.00
2024/09/18	2.922	2.931	2.869	2.913	2384300	6917200.00
2024/09/19	2.911	2.932	2.888	2.909	1776734	5179960.50
2024/09/20	2.899	2.900	2.886	2.899	2022994	5854500.00
2024/09/23	2.899	2.910	2.888	2.896	1203971	3485228.50
2024/09/24	2.899	2.935	2.888	2.921	1430232	4167273.00
2024/09/25	2.906	2.963	2.906	2.963	2085218	6128238.50
2024/09/26	2.963	3.001	2.940	3.000	2699902	8065913.50
2024/09/27	2.990	2.999	2.941	2.953	2829929	8384176.00
2024/09/30	2.951	2.951	2.840	2.900	3341930	9586516.00
2024/10/08	2.895	2.896	2.814	2.859	3137642	8979947.00
2024/10/09	2.855	2.856	2.795	2.811	4132424	11588330.00
2024/10/10	2.809	2.809	2.745	2.783	5791597	15999278.00
2024/10/11	2.748	2.860	2.748	2.850	4768920	13480777.00
2024/10/14	2.830	2.834	2.820	2.825	4811349	13600247.00
2024/10/15	2.824	2.824	2.780	2.787	4614805	12901459.00
2024/10/16	2.780	2.787	2.767	2.771	4382654	12155070.00
2024/10/17	2.771	2.836	2.770	2.836	6494634	18267440.00
2024/10/18	2.838	2.880	2.801	2.846	2942928	8395096.00
2024/10/21	2.833	2.850	2.781	2.843	3947388	11073409.00
2024/10/22	2.827	2.841	2.809	2.826	2390159	6756422.00
2024/10/23	2.819	2.821	2.793	2.807	3417654	9609180.00
2024/10/24	2.793	2.810	2.786	2.793	2600569	7277410.50
2024/10/25	2.793	2.804	2.774	2.795	2673230	7438508.50
2024/10/28	2.795	2.827	2.770	2.819	5356077	14954875.00
2024/10/29	2.819	2.833	2.791	2.820	3080153	8659299.00
2024/10/30	2.805	2.805	2.787	2.801	4595715	12853536.00
2024/10/31	2.791	2.804	2.771	2.783	3068997	8552452.00
2024/11/01	2.782	2.782	2.739	2.741	2104216	5795542.50
2024/11/04	2.745	2.794	2.720	2.787	6348972	17398108.00
2024/11/05	2.797	2.811	2.763	2.799	2129547	5939815.50
2024/11/06	2.798	2.808	2.780	2.783	1598876	4458128.00
2024/11/07	2.761	2.777	2.741	2.774	1174910	3241939.75
2024/11/08	2.774	2.805	2.750	2.802	2794820	7759778.50
2024/11/11	2.802	2.867	2.787	2.863	2914965	8243351.00
2024/11/12	2.862	2.947	2.838	2.932	6024180	17476808.00
2024/11/13	2.932	2.938	2.890	2.935	7650158	22336496.00
2024/11/14	2.935	2.935	2.880	2.900	5347396	15552915.00
2024/11/15	2.898	2.898	2.853	2.866	6199493	17747170.00
2024/11/18	2.865	2.865	2.817	2.832	4154403	11749229.00
2024/11/19	2.829	2.831	2.792	2.821	2322461	6531859.00
2024/11/20	2.814	2.840	2.806	2.830	1295218	3654038.25
2024/11/21	2.830	2.840	2.814	2.826	1964047	5553202.50
2024/11/22	2.821	2.829	2.815	2.825	1095995	3094945.25
2024/11/25	2.825	2.829	2.797	2.826	1235837	3474607.50
2024/11/26	2.826	2.836	2.813	2.824	2361648	6680022.50
2024/11/27	2.811	2.837	2.811	2.832	2203851	6229809.50
2024/11/28	2.818	2.866	2.818	2.838	1909479	5415059.00
2024/11/29	2.839	2.878	2.838	2.859	1531348	4381632.00
2024/12/02	2.859	2.908	2.853	2.871	1989416	5724910.50
2024/12/03	2.868	2.939	2.853	2.900	4014021	11647119.00
2024/12/04	2.900	2.925	2.875	2.898	3255254	9428073.00
2024/12/05	2.893	2.906	2.871	2.881	4347976	12542682.00
2024/12/06	2.870	2.899	2.861	2.873	3960207	11403225.00
2024/12/09	2.873	2.923	2.860	2.918	5023983	14554023.00
2024/12/10	2.927	3.060	2.927	3.056	10746152	32249900.00
2024/12/11	3.047	3.136	3.016	3.129	9840989	30409662.00
2024/12/12	3.120	3.150	3.089	3.140	6157927	19287784.00
2024/12/13	3.138	3.215	3.125	3.189	4570698	14562778.00
2024/12/16	3.196	3.333	3.180	3.331	4624913	15247114.00
2024/12/17	3.331	3.331	3.272	3.275	5672689	18740006.00
2024/12/18	3.291	3.291	3.159	3.199	18502165	59181832.00
2024/12/19	3.184	3.217	3.164	3.211	7559224	24157832.00
2024/12/20	3.200	3.306	3.200	3.270	3255243	10658225.00
2024/12/23	3.269	3.299	3.255	3.280	3202399	10484138.00
2024/12/24	3.260	3.334	3.253	3.261	2555954	8350532.00
2024/12/25	3.260	3.260	3.219	3.252	4335009	14000703.00
2024/12/26	3.249	3.280	3.228	3.275	1727402	5633067.00
2024/12/27	3.284	3.320	3.275	3.299	2667542	8794913.00
2024/12/30	3.297	3.370	3.287	3.360	4406787	14602359.00
2024/12/31	3.359	3.359	3.308	3.310	3381260	11252165.00
2025/01/02	3.304	3.416	3.304	3.412	3192745	10776965.00
2025/01/03	3.412	3.532	3.412	3.464	5435527	18898536.00
2025/01/06	3.447	3.548	3.425	3.462	3904795	13554818.00
2025/01/07	3.462	3.466	3.388	3.399	2551936	8718391.00
2025/01/08	3.399	3.446	3.396	3.410	1880775	6451126.50
2025/01/09	3.414	3.505	3.414	3.483	3825035	13239318.00
2025/01/10	3.484	3.578	3.430	3.499	5580116	19558880.00
2025/01/13	3.495	3.539	3.426	3.443	4975754	17455876.00
2025/01/14	3.418	3.440	3.369	3.420	5599900	19048770.00
2025/01/15	3.404	3.485	3.380	3.484	2439677	8426167.00
2025/01/16	3.484	3.547	3.434	3.490	2896597	10161450.00
2025/01/17	3.490	3.555	3.480	3.550	2359234	8301861.00
2025/01/20	3.550	3.641	3.539	3.630	2154043	7758190.00
2025/01/21	3.629	3.683	3.583	3.610	2012042	7307004.50
2025/01/22	3.570	3.686	3.565	3.680	3129660	11355863.00
2025/01/23	3.680	3.724	3.646	3.669	2489838	9179075.00
2025/01/24	3.679	3.690	3.620	3.626	4901357	17806904.00
2025/01/27	3.626	3.700	3.619	3.667	4409922	16184600.00
2025/02/05	3.667	3.719	3.628	3.689	1527016	5621258.00
2025/02/06	3.686	3.723	3.632	3.658	5639130	20626718.00
2025/02/07	3.640	3.678	3.631	3.657	4229708	15467528.00
2025/02/10	3.656	3.675	3.591	3.591	5995144	21794092.00
2025/02/11	3.599	3.627	3.565	3.610	3786962	13654353.00
2025/02/12	3.610	3.618	3.571	3.615	5164657	18567592.00
2025/02/13	3.615	3.615	3.522	3.542	3052092	10878578.00
2025/02/14	3.542	3.576	3.500	3.555	2834759	10037212.00
2025/02/17	3.555	3.606	3.520	3.553	2733541	9805311.00
2025/02/18	3.553	3.587	3.545	3.552	648940	2311321.50
2025/02/19	3.568	3.568	3.509	3.526	1842582	6497077.00
2025/02/20	3.526	3.579	3.488	3.488	2071121	7272998.50
2025/02/21	3.480	3.528	3.438	3.454	1216926	4228811.00
2025/02/24	3.453	3.453	3.401	3.409	2191196	7491093.00
2025/02/25	3.409	3.420	3.360	3.370	1728045	5843282.00
2025/02/26	3.365	3.457	3.351	3.428	4095154	14013590.00
2025/02/27	3.428	3.517	3.389	3.423	4268028	14725600.00
2025/02/28	3.407	3.448	3.401	3.438	4064463	13959273.00
2025/03/03	3.440	3.587	3.440	3.540	4293459	14940658.00
2025/03/04	3.555	3.578	3.516	3.541	4453855	15836306.00
2025/03/05	3.559	3.575	3.500	3.540	3769857	13329216.00
2025/03/06	3.544	3.545	3.462	3.462	3973191	13885959.00
2025/03/07	3.447	3.473	3.411	3.437	3842056	13195144.00
2025/03/10	3.436	3.458	3.409	3.418	2179254	7497949.00
2025/03/11	3.418	3.418	3.370	3.374	5056850	17083414.00
2025/03/12	3.370	3.373	3.299	3.373	4219905	14074192.00
2025/03/13	3.366	3.399	3.333	3.375	2405096	8103458.00
2025/03/14	3.373	3.408	3.314	3.366	6988690	23310190.00
2025/03/17	3.354	3.364	3.308	3.327	6150082	20424524.00
2025/03/18	3.317	3.350	3.307	3.341	6654876	22093370.00
2025/03/19	3.327	3.388	3.327	3.370	3333993	11212204.00
2025/03/20	3.375	3.413	3.375	3.384	2639849	8981753.00
2025/03/21	3.384	3.384	3.330	3.370	2722806	9151845.00
2025/03/24	3.371	3.422	3.362	3.402	2244448	7631162.00
2025/03/25	3.408	3.461	3.408	3.435	8424218	28872014.00
2025/03/26	3.425	3.467	3.414	3.448	2576566	8845826.00
2025/03/27	3.438	3.467	3.432	3.454	2308330	7974800.00
2025/03/28	3.465	3.561	3.465	3.509	2592598	9106420.00
2025/03/31	3.523	3.560	3.478	3.488	1941111	6781050.00
2025/04/01	3.488	3.505	3.426	3.482	3129828	10768837.00
2025/04/02	3.458	3.482	3.418	3.482	5016952	17346148.00
2025/04/03	3.494	3.620	3.494	3.617	6896685	24785458.00
2025/04/07	3.616	3.979	3.600	3.701	2898134	10742778.00
2025/04/08	3.700	3.701	3.620	3.630	2763131	10137193.00
2025/04/09	3.622	3.692	3.558	3.610	2829762	10171999.00
2025/04/10	3.600	3.666	3.559	3.666	3557981	12779525.00
2025/04/11	3.642	3.700	3.619	3.625	2818681	10284385.00
2025/04/14	3.615	3.632	3.595	3.628	2022929	7295102.00
2025/04/15	3.624	3.698	3.603	3.690	5268591	19207278.00
2025/04/16	3.691	3.731	3.678	3.687	4370982	16172238.00
2025/04/17	3.686	3.705	3.663	3.704	2979242	11005772.00
2025/04/18	3.707	3.725	3.670	3.672	1939103	7140012.00
2025/04/21	3.669	3.669	3.610	3.631	2134203	7751237.00
2025/04/22	3.634	3.659	3.634	3.644	1572971	5740586.00
2025/04/23	3.642	3.642	3.587	3.612	1212633	4390312.00
2025/04/24	3.620	3.630	3.553	3.602	1382399	4943074.50
2025/04/25	3.602	3.630	3.575	3.617	1428187	5147251.50
2025/04/28	3.605	3.616	3.578	3.581	2393536	8573828.00
2025/04/29	3.605	3.615	3.569	3.604	2261000	8114320.50
2025/04/30	3.604	3.640	3.564	3.627	2324717	8413083.00
2025/05/06	3.626	3.674	3.588	3.674	1331411	4808957.50
2025/05/07	3.647	3.689	3.637	3.657	2984442	10946320.00
2025/05/08	3.666	3.677	3.618	3.667	4469680	16296146.00
2025/05/09	3.659	3.687	3.631	3.687	1053000	3866154.25
2025/05/12	3.688	3.709	3.651	3.705	2266078	8363050.50
2025/05/13	3.698	3.713	3.667	3.690	2297124	8473282.00
2025/05/14	3.688	3.700	3.500	3.672	1429656	5260435.50
2025/05/15	3.672	3.705	3.630	3.653	1438230	5245687.50
2025/05/16	3.638	3.704	3.602	3.700	2262899	8274940.50
2025/05/19	3.696	3.715	3.660	3.713	2319632	8577306.00
2025/05/20	3.713	3.800	3.659	3.795	1997866	7453470.50
2025/05/21	3.795	3.800	3.750	3.780	3052870	11513224.00
2025/05/22	3.784	3.798	3.700	3.758	4420622	16472686.00
2025/05/23	3.750	3.808	3.716	3.758	2559072	9623165.00
2025/05/26	3.758	3.788	3.728	3.750	1090805	4096817.25
2025/05/27	3.735	3.763	3.721	3.754	1623259	6080611.50
2025/05/28	3.754	3.769	3.737	3.741	2095919	7853687.00
2025/05/29	3.740	3.761	3.705	3.724	1818000	6768270.00
2025/05/30	3.730	3.797	3.709	3.733	589112	2200942.75
2025/06/03	3.748	3.758	3.726	3.739	867251	3243140.00
2025/06/04	3.724	3.754	3.724	3.735	3099387	11597519.00
2025/06/05	3.747	3.774	3.736	3.750	1411983	5301381.00
2025/06/06	3.750	3.780	3.750	3.750	1339663	5038576.50
2025/06/09	3.756	3.772	3.750	3.768	2980406	11205020.00
2025/06/10	3.768	3.805	3.767	3.805	2707295	10248456.00
2025/06/11	3.805	3.824	3.791	3.791	3801727	14458030.00
2025/06/12	3.806	3.822	3.784	3.788	2153386	8190259.00
2025/06/13	3.799	3.898	3.798	3.881	1599289	6159419.00
2025/06/16	3.881	3.920	3.878	3.894	2809677	10954509.00
2025/06/17	3.894	3.978	3.894	3.976	1546210	6083776.50
2025/06/18	3.960	4.099	3.960	4.099	1391015	5576996.00
2025/06/19	4.099	4.099	4.056	4.090	1241632	5063958.00
2025/06/20	4.086	4.165	4.033	4.159	1380165	5632710.00
2025/06/23	4.148	4.177	4.088	4.101	1714603	7032978.00
2025/06/24	4.085	4.110	3.950	4.108	4384206	17704274.00
2025/06/25	4.096	4.104	4.023	4.103	1602003	6532203.50
2025/06/26	4.092	4.135	4.072	4.091	1677259	6879846.50
2025/06/27	4.091	4.091	3.970	3.970	2754914	11019553.00
2025/06/30	3.970	4.077	3.944	3.948	1851377	7432785.00
2025/07/01	3.951	4.002	3.929	3.930	3215304	12724734.00
2025/07/02	3.946	4.015	3.914	3.995	3336143	13286401.00
2025/07/03	4.000	4.035	3.964	3.986	1737489	6940843.50
2025/07/04	3.986	4.007	3.970	3.985	1602145	6393182.50
2025/07/07	3.985	3.989	3.934	3.958	1473887	5834240.00
2025/07/08	3.942	3.955	3.875	3.899	3723275	14527744.00
2025/07/09	3.892	3.922	3.858	3.869	2426234	9450902.00
2025/07/10	3.884	3.918	3.848	3.850	1628558	6324402.50
2025/07/11	3.849	3.862	3.820	3.835	1786910	6867114.50
2025/07/14	3.820	3.858	3.820	3.837	916519	3519777.75
2025/07/15	3.837	3.905	3.831	3.880	3948604	15264571.00
2025/07/16	3.880	3.890	3.860	3.875	3015677	11683775.00
2025/07/17	3.875	3.917	3.860	3.915	2061770	8031944.00
2025/07/18	3.915	3.931	3.892	3.892	2062660	8068698.00
2025/07/21	3.892	3.908	3.860	3.860	1780155	6919146.00
2025/07/22	3.852	3.875	3.830	3.837	2294200	8846556.00
2025/07/23	3.837	3.849	3.675	3.791	4089157	15272207.00
2025/07/24	3.778	3.790	3.751	3.778	2349884	8868876.00
2025/07/25	3.775	3.791	3.756	3.763	967152	3650424.00
2025/07/28	3.760	3.840	3.756	3.820	1937181	7380494.50
2025/07/29	3.820	3.840	3.803	3.813	2276923	8686547.00
2025/07/30	3.824	3.846	3.803	3.843	1254978	4803334.00
2025/07/31	3.828	3.948	3.828	3.939	3406969	13285218.00
2025/08/01	3.938	3.938	3.907	3.915	1389091	5445393.50
2025/08/04	3.915	3.950	3.875	3.875	1000347	3901220.75
2025/08/05	3.875	3.875	3.820	3.874	562801	2162448.25
2025/08/06	3.873	3.873	3.845	3.871	1255266	4835300.50
2025/08/07	3.870	3.896	3.856	3.886	1193586	4632877.00
2025/08/08	3.898	3.924	3.859	3.870	748189	2903159.50
2025/08/11	3.870	3.885	3.826	3.872	1258151	4833195.50
2025/08/12	3.871	3.872	3.844	3.853	643767	2484555.50
2025/08/13	3.848	3.870	3.808	3.820	779936	2996698.75
2025/08/14	3.807	3.834	3.804	3.809	551647	2100614.75
2025/08/15	3.809	3.809	3.748	3.761	1560089	5876851.50
2025/08/18	3.755	3.761	3.645	3.656	3500447	12816674.00
2025/08/19	3.656	3.674	3.555	3.614	2626875	9489690.00
2025/08/20	3.614	3.636	3.575	3.589	1667563	6019776.50
2025/08/21	3.587	3.587	3.554	3.576	3009630	10724286.00
2025/08/22	3.576	3.608	3.541	3.584	2919368	10431385.00
2025/08/25	3.584	3.594	3.548	3.560	3059316	10915678.00
2025/08/26	3.560	3.633	3.560	3.609	5815487	20999238.00
2025/08/27	3.627	3.663	3.590	3.658	3023478	10924902.00
2025/08/28	3.658	3.658	3.601	3.628	3491783	12660817.00
2025/08/29	3.635	3.651	3.560	3.600	6025519	21580586.00
2025/09/01	3.600	3.600	3.529	3.537	5288757	18790804.00
2025/09/02	3.537	3.582	3.520	3.554	3498201	12420157.00
2025/09/03	3.540	3.540	3.496	3.529	1892252	6646282.50
2025/09/04	3.529	3.663	3.529	3.628	2692346	9699122.00
2025/09/05	3.629	3.659	3.565	3.579	2671923	9608487.00
2025/09/08	3.564	3.591	3.531	3.540	2153482	7640422.50
2025/09/09	3.540	3.587	3.540	3.557	1062238	3771892.50
2025/09/10	3.574	3.574	3.525	3.531	2422117	8552738.00
2025/09/11	3.531	3.537	3.513	3.531	844724	2982850.50
2025/09/12	3.513	3.568	3.510	3.544	1078372	3815574.75
2025/09/15	3.542	3.551	3.526	3.534	2121790	7511412.50
2025/09/16	3.534	3.548	3.504	3.524	2374032	8364608.50
2025/09/17	3.507	3.530	3.500	3.524	2625730	9239979.00
2025/09/18	3.506	3.575	3.503	3.562	4264782	15013493.00
2025/09/19	3.552	3.579	3.540	3.559	1773184	6314127.50
2025/09/22	3.559	3.562	3.510	3.539	596936	2110089.75
2025/09/23	3.532	3.542	3.504	3.540	675852	2386016.25
2025/09/24	3.540	3.549	3.518	3.520	619730	2184628.50
2025/09/25	3.502	3.531	3.499	3.520	1762723	6188339.50
2025/09/26	3.502	3.522	3.499	3.521	1491185	5248288.50
2025/09/29	3.503	3.529	3.471	3.521	3295668	11504335.00
2025/09/30	3.503	3.521	3.490	3.520	1590320	5570814.00
2025/10/09	3.518	3.520	3.494	3.500	578175	2022823.38
2025/10/10	3.500	3.528	3.458	3.458	1578912	5500129.50
2025/10/13	3.450	3.515	3.450	3.453	3133617	10838058.00
2025/10/14	3.470	3.470	3.435	3.435	2582460	8892663.00
2025/10/15	3.418	3.450	3.406	3.419	2078913	7124301.50
2025/10/16	3.418	3.419	3.381	3.404	1868617	6357521.50
2025/10/17	3.389	3.389	3.340	3.351	2949669	9927428.00
2025/10/20	3.351	3.365	3.253	3.281	4433447	14550061.00
2025/10/21	3.281	3.308	3.240	3.284	5140872	16792956.00
2025/10/22	3.285	3.335	3.254	3.315	4549294	15026886.00
2025/10/23	3.314	3.332	3.295	3.328	2777107	9211010.00
2025/10/24	3.334	3.429	3.301	3.424	2837872	9633078.00
2025/10/27	3.420	3.420	3.354	3.394	1901152	6421574.50
2025/10/28	3.377	3.511	3.377	3.480	2053954	7104975.50
2025/10/29	3.478	3.559	3.454	3.520	5296499	18657412.00
2025/10/30	3.535	3.539	3.500	3.529	2685674	9477856.00
2025/10/31	3.510	3.600	3.494	3.547	2315490	8210576.50
2025/11/03	3.536	3.552	3.464	3.536	2516395	8823892.00
2025/11/04	3.515	3.530	3.460	3.483	2929860	10199317.00
2025/11/05	3.476	3.532	3.401	3.530	2451512	8420460.00
2025/11/06	3.493	3.526	3.486	3.513	1422011	5002813.00
2025/11/07	3.492	3.542	3.485	3.541	1806397	6346634.50
2025/11/10	3.541	3.639	3.520	3.594	2497772	8943863.00
2025/11/11	3.602	3.630	3.573	3.597	1110528	3993576.25
2025/11/12	3.597	3.603	3.566	3.577	1428965	5121455.00
2025/11/13	3.577	3.620	3.577	3.583	492892	1765557.00
2025/11/14	3.583	3.583	3.535	3.582	724868	2585652.50
2025/11/17	3.582	3.603	3.540	3.577	437918	1565284.88
2025/11/18	3.576	3.576	3.534	3.560	2769815	9812820.00
2025/11/19	3.563	3.563	3.524	3.533	650944	2300850.75
2025/11/20	3.512	3.544	3.485	3.543	857987	3024222.75
2025/11/21	3.522	3.580	3.500	3.512	1231581	4346206.50
2025/11/24	3.520	3.525	3.489	3.490	843538	2964884.25
2025/11/25	3.507	3.558	3.470	3.523	1103336	3878794.25
2025/11/26	3.538	3.579	3.529	3.537	896987	3193723.25
2025/11/27	3.516	3.543	3.516	3.532	344703	1217995.75
2025/11/28	3.512	3.532	3.499	3.521	526336	1845248.00
2025/12/01	3.520	3.520	3.485	3.505	499639	1747582.50
2025/12/02	3.484	3.500	3.470	3.484	108195	376772.81
2025/12/03	3.467	3.504	3.467	3.503	454462	1590221.13
2025/12/04	3.494	3.505	3.459	3.500	535820	1869070.00
2025/12/05	3.479	3.518	3.471	3.474	420900	1465049.75
2025/12/08	3.458	3.493	3.447	3.477	779781	2700110.00
2025/12/09	3.477	3.481	3.450	3.479	852829	2952894.50
2025/12/10	3.477	3.502	3.439	3.499	2360634	8249105.00
2025/12/11	3.499	3.514	3.463	3.505	1555940	5430147.50
2025/12/12	3.505	3.528	3.482	3.528	822878	2888360.50
2025/12/15	3.526	3.526	3.478	3.481	1941557	6784330.50
2025/12/16	3.469	3.480	3.450	3.457	1027075	3559819.25
2025/12/17	3.451	3.453	3.388	3.429	519199	1782013.13
2025/12/18	3.401	3.441	3.401	3.433	476493	1631537.38
2025/12/19	3.401	3.441	3.381	3.405	832187	2834571.25
2025/12/22	3.405	3.405	3.386	3.393	171539	581327.44
2025/12/23	3.374	3.391	3.340	3.359	377446	1266979.75
2025/12/24	3.359	3.510	3.334	3.491	1822106	6233381.50
2025/12/25	3.491	3.580	3.454	3.566	1369077	4831766.00
2025/12/26	3.566	3.598	3.504	3.562	2292527	8106412.50
2025/12/29	3.559	3.559	3.506	3.507	1016266	3577514.00
2025/12/30	3.500	3.568	3.483	3.533	1572228	5499769.00
2025/12/31	3.534	3.548	3.494	3.529	419840	1481147.88
2026/01/05	3.529	3.561	3.499	3.519	1321521	4669193.00
2026/01/06	3.503	3.554	3.503	3.534	2138520	7534218.00
2026/01/07	3.515	3.547	3.515	3.537	1497261	5297433.00
2026/01/08	3.530	3.580	3.502	3.540	1088806	3867750.25
2026/01/09	3.519	3.573	3.475	3.490	1817154	6380260.00
2026/01/12	3.474	3.483	3.429	3.474	1688755	5816077.50
2026/01/13	3.468	3.489	3.380	3.420	1987283	6802176.50
2026/01/14	3.406	3.439	3.390	3.395	1218206	4145992.25
2026/01/15	3.394	3.414	3.344	3.377	5380574	18089722.00
2026/01/16	3.361	3.410	3.329	3.394	3526937	11825504.00
2026/01/19	3.394	3.397	3.348	3.382	3010440	10132556.00
2026/01/20	3.376	3.476	3.357	3.464	4026162	13761955.00
2026/01/21	3.469	3.513	3.432	3.505	2398222	8342223.00
2026/01/22	3.504	3.550	3.484	3.530	1328488	4670107.00
2026/01/23	3.503	3.627	3.484	3.567	2883324	10198692.00
2026/01/26	3.546	3.567	3.479	3.565	1991974	7026444.50
2026/01/27	3.554	3.560	3.510	3.547	1633634	5763634.50
2026/01/28	3.532	3.566	3.509	3.545	1171931	4153592.75
2026/01/29	3.550	3.580	3.515	3.559	2139171	7618614.00
2026/01/30	3.558	3.576	3.520	3.559	1899764	6735192.50
2026/02/02	3.534	3.557	3.505	3.535	1642771	5795401.00
2026/02/03	3.535	3.546	3.506	3.541	1443074	5089920.50
2026/02/04	3.522	3.546	3.522	3.540	1190390	4212202.50
2026/02/05	3.543	3.552	3.497	3.545	650644	2289555.75
2026/02/06	3.542	3.559	3.507	3.547	2410634	8488108.00
2026/02/09	3.545	3.572	3.496	3.530	1760581	6182899.00
2026/02/10	3.516	3.530	3.496	3.525	2286246	8031474.00
2026/02/11	3.503	3.585	3.503	3.546	1942013	6899891.00
2026/02/12	3.530	3.562	3.514	3.545	1154409	4078725.00
2026/02/13	3.530	3.574	3.520	3.572	533118	1887635.13
2026/02/24	3.568	3.589	3.517	3.561	1569311	5546689.50
2026/02/25	3.547	3.555	3.523	3.540	1185087	4190611.00
2026/02/26	3.530	3.539	3.482	3.510	1933011	6765720.50
2026/02/27	3.510	3.513	3.438	3.468	5032780	17383308.00
2026/03/02	3.462	3.464	3.398	3.406	7462720	25463628.00
2026/03/03	3.405	3.440	3.386	3.414	2979503	10194792.00
2026/03/04	3.419	3.419	3.370	3.400	1700296	5759263.00
2026/03/05	3.398	3.415	3.373	3.390	1456343	4933990.00
2026/03/06	3.390	3.390	3.360	3.370	1533634	5167196.50
2026/03/09	3.370	3.379	3.353	3.362	1771685	5964921.00
2026/03/10	3.384	3.414	3.356	3.385	3187895	10823097.00
2026/03/11	3.387	3.400	3.366	3.391	1266136	4277826.50
2026/03/12	3.394	3.418	3.365	3.397	1290212	4357039.50
2026/03/13	3.389	3.400	3.360	3.383	2803001	9466097.00
2026/03/16	3.382	3.382	3.303	3.318	1795728	5968305.00
2026/03/17	3.309	3.347	3.302	3.326	1665835	5534498.50
2026/03/18	3.326	3.406	3.305	3.400	2602023	8709085.00
2026/03/19	3.400	3.458	3.370	3.443	1665727	5710802.00
2026/03/20	3.445	3.445	3.389	3.427	2066006	7025898.50
2026/03/23	3.419	3.419	3.366	3.380	1194684	4040791.75
2026/03/24	3.379	3.406	3.340	3.380	941348	3162445.50
2026/04/03	3.377	3.419	3.348	3.407	765765	2584932.75
#Ъ§ОнРДдД:ЭЈДяаХ
