180201 ЦНАВЙужнЙуКгREIT ШеЯп ВЛИДШЈ
      ШеЦк	    ПЊХЬ	    зюИп	    зюЕЭ	    ЪеХЬ	    ГЩНЛСП	    ГЩНЛЖю
2021/06/21	13.790	13.790	13.029	13.108	18102629	238979024.00
2021/06/22	13.106	13.106	12.576	13.050	3610793	46636672.00
2021/06/23	13.050	13.067	12.960	13.026	2256822	29320408.00
2021/06/24	13.028	13.028	12.956	12.963	1869054	24233048.00
2021/06/25	12.967	13.045	12.930	13.045	1480183	19193278.00
2021/06/28	13.041	13.041	12.958	12.961	1129606	14644387.00
2021/06/29	12.961	12.961	12.909	12.922	1033681	13358300.00
2021/06/30	12.929	12.960	12.909	12.955	707191	9136565.00
2021/07/01	12.955	13.098	12.949	13.044	1087307	14132550.00
2021/07/02	13.040	13.040	12.931	12.956	874909	11337486.00
2021/07/05	12.956	12.956	12.933	12.936	530072	6861273.00
2021/07/06	12.936	12.936	12.911	12.913	770805	9956444.00
2021/07/07	12.913	12.914	12.889	12.890	773215	9971332.00
2021/07/08	12.890	12.890	12.808	12.808	1092297	14008986.00
2021/07/09	12.807	12.808	12.721	12.738	922199	11748048.00
2021/07/12	12.738	12.738	12.688	12.689	1122455	14253325.00
2021/07/13	12.689	12.689	12.590	12.595	1050576	13240844.00
2021/07/14	12.594	12.594	12.500	12.505	1218170	15244623.00
2021/07/15	12.505	12.594	12.505	12.588	1254839	15769945.00
2021/07/16	12.588	12.718	12.570	12.703	1326273	16791294.00
2021/07/19	12.704	12.774	12.704	12.743	1417718	18035346.00
2021/07/20	12.743	12.743	12.690	12.737	889797	11309643.00
2021/07/21	12.736	12.738	12.701	12.710	702307	8930077.00
2021/07/22	12.710	12.710	12.606	12.646	486480	6151105.50
2021/07/23	12.646	12.696	12.646	12.672	665894	8431462.00
2021/07/26	12.672	12.672	12.587	12.615	906550	11438826.00
2021/07/27	12.688	12.688	12.545	12.576	1209440	15244278.00
2021/07/28	12.576	12.576	12.546	12.552	1153738	14492590.00
2021/07/29	12.552	12.574	12.550	12.557	1133542	14239142.00
2021/07/30	12.556	12.556	12.526	12.534	1654445	20737130.00
2021/08/02	12.533	12.533	12.505	12.511	1590821	19905600.00
2021/08/03	12.510	12.520	12.503	12.506	1426437	17846860.00
2021/08/04	12.505	12.520	12.501	12.506	916174	11459716.00
2021/08/05	12.506	12.520	12.502	12.504	1544296	19311910.00
2021/08/06	12.503	12.513	12.490	12.507	2607022	32591256.00
2021/08/09	12.507	12.524	12.507	12.518	1285312	16085712.00
2021/08/10	12.516	12.518	12.506	12.511	1275498	15957589.00
2021/08/11	12.512	12.512	12.506	12.511	1278888	15998559.00
2021/08/12	12.510	12.514	12.503	12.511	1308586	16371688.00
2021/08/13	12.511	12.520	12.502	12.513	936975	11721868.00
2021/08/16	12.513	12.513	12.505	12.507	1458931	18248844.00
2021/08/17	12.507	12.510	12.500	12.501	1538114	19233636.00
2021/08/18	12.500	12.505	12.496	12.500	1303793	16297654.00
2021/08/19	12.499	12.513	12.498	12.513	2025915	25332612.00
2021/08/20	12.513	12.537	12.502	12.536	1664501	20848538.00
2021/08/23	12.537	12.619	12.523	12.605	1149131	14448124.00
2021/08/24	12.603	12.628	12.581	12.624	1509468	19034492.00
2021/08/25	12.625	12.659	12.620	12.656	1439832	18207128.00
2021/08/26	12.656	12.684	12.635	12.680	1970539	24970224.00
2021/08/27	12.680	12.771	12.680	12.767	2987618	38093744.00
2021/08/30	12.767	12.939	12.767	12.895	4147151	53371248.00
2021/08/31	12.896	12.946	12.770	12.933	3227035	41716732.00
2021/09/01	12.933	12.933	12.851	12.857	1359139	17482566.00
2021/09/02	12.856	12.868	12.805	12.824	1309614	16812816.00
2021/09/03	12.824	12.824	12.808	12.820	853161	10936495.00
2021/09/06	12.819	12.829	12.800	12.827	744523	9544362.00
2021/09/07	12.826	12.850	12.771	12.826	1390256	17830676.00
2021/09/08	12.825	12.849	12.825	12.845	547670	7032793.00
2021/09/09	12.845	12.848	12.817	12.827	656530	8429737.00
2021/09/10	12.827	12.827	12.801	12.804	728449	9329778.00
2021/09/13	12.803	12.816	12.791	12.809	1644082	21055078.00
2021/09/14	12.809	12.855	12.809	12.845	1461506	18752116.00
2021/09/15	12.847	12.952	12.847	12.938	1741635	22517650.00
2021/09/16	12.938	12.958	12.900	12.923	1583575	20463950.00
2021/09/17	12.924	12.989	12.859	12.878	1891247	24439746.00
2021/09/22	12.880	12.900	12.872	12.880	3817503	49169944.00
2021/09/23	12.880	12.979	12.863	12.936	2377964	30730714.00
2021/09/24	12.935	13.017	12.935	13.009	5004063	64931360.00
2021/09/27	13.016	13.115	13.016	13.053	5409585	70777424.00
2021/09/28	13.054	13.080	12.767	12.889	4907113	63398404.00
2021/09/29	12.889	12.977	12.837	12.936	3340329	43141860.00
2021/09/30	12.938	13.029	12.938	13.019	1994241	25943182.00
2021/10/08	13.020	13.035	12.987	13.001	4089653	53166668.00
2021/10/11	13.000	13.060	12.992	13.058	3606499	46979696.00
2021/10/12	13.059	13.060	13.031	13.050	2505229	32691856.00
2021/10/13	13.050	13.083	13.049	13.055	1624931	21216198.00
2021/10/14	13.055	13.073	13.041	13.056	1580860	20633656.00
2021/10/15	13.056	13.083	13.047	13.051	1090766	14236220.00
2021/10/18	13.050	13.064	13.046	13.050	1144815	14939778.00
2021/10/19	13.050	13.079	13.041	13.075	1910591	24946040.00
2021/10/20	13.075	13.087	13.053	13.080	1933565	25282284.00
2021/10/21	13.081	13.090	13.040	13.054	7716886	100724216.00
2021/10/22	13.059	13.098	13.059	13.084	2783233	36430092.00
2021/10/25	13.084	13.106	13.084	13.102	2355095	30852324.00
2021/10/26	13.102	13.120	13.035	13.039	1913083	25045504.00
2021/10/27	13.039	13.080	13.016	13.043	2593332	33857648.00
2021/10/28	13.043	13.060	12.964	12.995	3010432	39235016.00
2021/10/29	12.996	13.074	12.961	13.071	2912264	37968716.00
2021/11/01	13.071	13.080	13.021	13.024	3519070	45931100.00
2021/11/02	13.024	13.040	12.985	12.993	2204093	28660720.00
2021/11/03	12.993	12.993	12.932	12.951	2596434	33653620.00
2021/11/04	12.950	12.951	12.921	12.926	2576811	33325104.00
2021/11/05	12.926	12.944	12.894	12.929	2488200	32150042.00
2021/11/08	12.930	12.943	12.910	12.924	4954686	64031812.00
2021/11/09	12.924	12.944	12.920	12.926	2767957	35785476.00
2021/11/10	12.926	12.944	12.921	12.929	4746090	61374628.00
2021/11/11	12.937	12.956	12.929	12.953	2520030	32623014.00
2021/11/12	12.952	13.005	12.944	12.980	1987713	25807518.00
2021/11/15	12.980	13.029	12.980	13.017	4104011	53424072.00
2021/11/16	13.020	13.031	12.995	13.004	1284369	16709039.00
2021/11/17	13.000	13.037	12.980	13.018	2507553	32631132.00
2021/11/18	13.018	13.018	12.984	13.005	1427484	18554048.00
2021/11/19	13.005	13.023	12.990	12.993	1070649	13918529.00
2021/11/22	12.994	13.006	12.962	12.969	1928670	25036844.00
2021/11/23	12.968	12.982	12.945	12.946	1857725	24066002.00
2021/11/24	12.947	13.000	12.947	12.975	958182	12428604.00
2021/11/25	12.971	12.989	12.961	12.972	1515109	19652934.00
2021/11/26	12.971	12.977	12.960	12.975	1239283	16073417.00
2021/11/29	12.973	12.973	12.950	12.953	1867298	24194472.00
2021/11/30	12.960	12.971	12.954	12.963	1229687	15942943.00
2021/12/01	12.963	12.988	12.960	12.983	1135917	14738942.00
2021/12/02	12.983	13.003	12.981	13.001	1264093	16429803.00
2021/12/03	13.003	13.039	13.003	13.030	1460466	19025526.00
2021/12/06	13.035	13.044	13.019	13.028	2292563	29868246.00
2021/12/07	13.030	13.036	13.013	13.023	1397491	18200092.00
2021/12/08	13.020	13.030	13.015	13.028	1417135	18456634.00
2021/12/09	13.028	13.070	13.026	13.070	3638703	47435960.00
2021/12/10	13.060	13.169	13.043	13.165	4357881	57131836.00
2021/12/13	13.167	13.372	13.167	13.360	6185625	82094912.00
2021/12/14	13.369	13.750	13.369	13.503	7037548	96015848.00
2021/12/15	13.505	13.630	13.375	13.482	2893184	39143192.00
2021/12/16	13.485	13.535	13.334	13.343	2090068	28019264.00
2021/12/17	13.342	13.482	13.310	13.379	1146897	15350207.00
2021/12/20	13.379	13.414	13.349	13.388	1027505	13737813.00
2021/12/21	13.411	13.600	13.411	13.545	2117504	28679736.00
2021/12/22	13.549	13.649	13.549	13.610	2327409	31678416.00
2021/12/23	13.610	13.634	13.000	13.500	4978248	67539024.00
2021/12/24	12.998	13.130	12.968	13.096	3116111	40591396.00
2021/12/27	13.097	13.251	13.096	13.230	5290802	69667952.00
2021/12/28	13.224	13.230	13.133	13.140	2808811	36979228.00
2021/12/29	13.140	13.160	13.023	13.030	2560756	33432022.00
2021/12/30	13.030	13.030	12.965	13.012	2773039	36029792.00
2021/12/31	13.012	13.114	13.001	13.114	5278339	69100840.00
2022/01/04	13.114	13.145	13.051	13.110	2721629	35653648.00
2022/01/05	13.110	13.110	13.037	13.095	2261427	29520030.00
2022/01/06	13.096	13.096	13.068	13.070	1107867	14487884.00
2022/01/07	13.071	13.087	13.052	13.058	1034949	13521305.00
2022/01/10	13.058	13.087	13.058	13.080	1991594	26045538.00
2022/01/11	13.077	13.077	13.060	13.069	845923	11052951.00
2022/01/12	13.069	13.082	13.060	13.063	1732037	22641914.00
2022/01/13	13.063	13.076	13.048	13.059	2341080	30583526.00
2022/01/14	13.058	13.058	13.030	13.057	2689937	35091552.00
2022/01/17	13.057	13.094	13.046	13.056	3542797	46286880.00
2022/01/18	13.056	13.068	13.045	13.061	1668878	21793936.00
2022/01/19	13.061	13.069	13.056	13.062	2103665	27479614.00
2022/01/20	13.062	13.260	13.058	13.259	4783033	62721692.00
2022/01/21	13.260	13.622	13.260	13.616	3936064	53209096.00
2022/01/24	13.680	14.109	13.680	13.897	5185701	72219712.00
2022/01/25	13.902	13.911	13.683	13.770	2384070	32889544.00
2022/01/26	13.760	13.786	13.680	13.781	1724434	23722954.00
2022/01/27	13.812	13.850	13.785	13.819	1417414	19587866.00
2022/01/28	13.819	13.980	13.819	13.970	1142790	15895914.00
2022/02/07	13.981	14.265	13.981	14.224	2270449	32265310.00
2022/02/08	14.228	14.484	14.228	14.305	2929124	42101964.00
2022/02/09	14.305	14.305	13.900	13.983	2881605	40371936.00
2022/02/10	13.982	14.097	13.819	14.009	2481475	34676992.00
2022/02/11	14.001	14.090	13.980	14.044	1686622	23671114.00
2022/02/14	14.044	14.249	14.044	14.109	2077426	29423730.00
2022/02/15	14.109	14.220	13.927	14.010	2550546	35863916.00
2022/02/16	14.008	14.008	13.750	13.852	3179070	44015228.00
2022/02/17	13.842	13.851	13.644	13.645	2075018	28521186.00
2022/02/18	13.636	13.845	13.466	13.825	3081673	41892832.00
2022/02/21	13.825	13.865	13.756	13.795	867613	11977079.00
2022/02/22	13.794	13.794	13.550	13.553	1390861	18959526.00
2022/02/23	13.553	13.553	13.368	13.444	2558835	34401544.00
2022/02/24	13.428	13.428	13.299	13.319	1740341	23226348.00
2022/02/25	13.318	13.480	13.300	13.313	1890746	25286602.00
2022/02/28	13.285	13.299	13.220	13.254	1043185	13821037.00
2022/03/01	13.225	13.284	13.089	13.125	3024498	39849024.00
2022/03/02	13.122	13.263	13.036	13.200	2227115	29263528.00
2022/03/03	13.205	13.315	13.158	13.213	2746741	36253128.00
2022/03/04	13.263	13.292	13.160	13.199	1175261	15507163.00
2022/03/07	13.193	13.193	13.068	13.100	2020313	26493824.00
2022/03/08	13.098	13.142	13.042	13.067	2125338	27812136.00
2022/03/09	13.067	13.122	13.020	13.049	1648066	21536128.00
2022/03/10	13.052	13.179	13.052	13.075	1848721	24211144.00
2022/03/11	13.074	13.074	13.023	13.050	1236145	16112926.00
2022/03/14	13.050	13.050	13.019	13.021	993998	12945570.00
2022/03/15	13.020	13.020	12.790	12.799	1976902	25462230.00
2022/03/16	12.800	13.017	12.668	13.010	1955686	24996750.00
2022/03/17	13.040	13.220	12.965	13.088	1756426	22989914.00
2022/03/18	13.088	13.103	13.054	13.092	820219	10738406.00
2022/03/21	13.120	13.121	13.060	13.112	1822155	23877692.00
2022/03/22	13.097	13.262	13.071	13.234	1430397	18852122.00
2022/03/23	13.233	13.234	13.169	13.191	2164898	28580180.00
2022/03/24	13.190	13.223	13.063	13.138	1456891	19189256.00
2022/03/25	13.135	13.135	13.080	13.081	1056604	13853166.00
2022/03/28	13.077	13.078	12.955	13.010	1234589	16079563.00
2022/03/29	13.010	13.037	12.989	12.997	1261260	16409400.00
2022/03/30	13.010	13.030	12.988	13.000	1248575	16233685.00
2022/03/31	12.956	12.999	12.956	12.978	1051119	13645120.00
2022/04/01	12.978	13.040	12.958	13.019	1500631	19518694.00
2022/04/06	13.019	13.024	13.001	13.005	1646769	21421988.00
2022/04/07	13.004	13.004	12.979	12.991	799175	10381818.00
2022/04/08	12.991	13.043	12.985	13.009	2037908	26524876.00
2022/04/11	13.009	13.009	12.980	12.997	1121440	14576662.00
2022/04/12	13.000	13.029	13.000	13.006	1916640	24937240.00
2022/04/13	13.006	13.020	12.997	13.002	1419682	18467538.00
2022/04/14	13.003	13.020	12.998	13.000	1372672	17851400.00
2022/04/15	12.999	13.006	12.985	12.996	2400324	31198586.00
2022/04/18	12.997	13.006	12.992	12.998	2482538	32260934.00
2022/04/19	12.998	13.000	12.991	12.995	1744241	22666564.00
2022/04/20	12.995	13.019	12.992	13.008	2031630	26426346.00
2022/04/21	13.008	13.008	12.973	12.992	1659065	21561968.00
2022/04/22	13.000	13.010	12.986	12.992	2381128	30938490.00
2022/04/25	12.992	12.992	12.930	12.971	816756	10592290.00
2022/04/26	12.971	13.027	12.969	13.003	1488817	19355006.00
2022/04/27	12.971	12.971	12.790	12.798	1763656	22617842.00
2022/04/28	12.768	12.796	12.609	12.661	1655978	21037278.00
2022/04/29	12.661	12.715	12.661	12.686	817350	10368754.00
2022/05/05	12.686	12.690	12.633	12.646	1184967	14988477.00
2022/05/06	12.610	12.629	12.565	12.593	1079614	13609462.00
2022/05/09	12.501	12.556	12.501	12.509	1576219	19745302.00
2022/05/10	12.509	12.529	12.487	12.489	1577288	19719718.00
2022/05/11	12.488	12.530	12.485	12.488	1959531	24522622.00
2022/05/12	12.488	12.555	12.488	12.538	924055	11574794.00
2022/05/13	12.540	12.600	12.540	12.597	790823	9942864.00
2022/05/16	12.599	12.648	12.599	12.644	848105	10715758.00
2022/05/17	12.646	12.684	12.622	12.634	916299	11587806.00
2022/05/18	12.634	12.634	12.618	12.620	551802	6966102.00
2022/05/19	12.620	12.620	12.579	12.579	725356	9130010.00
2022/05/20	12.578	12.599	12.570	12.591	681843	8582690.00
2022/05/23	12.460	12.580	12.460	12.551	973708	12214717.00
2022/05/24	12.542	12.542	12.515	12.517	815941	10220037.00
2022/05/25	12.517	12.517	12.500	12.500	735697	9200089.00
2022/05/26	12.502	12.525	12.478	12.493	830848	10383762.00
2022/05/27	12.490	12.492	12.445	12.457	1422533	17737314.00
2022/05/30	12.457	12.469	12.408	12.408	997465	12403619.00
2022/05/31	12.408	12.408	12.280	12.320	2227484	27443890.00
2022/06/01	12.320	12.320	12.183	12.204	2915822	35697584.00
2022/06/02	12.204	12.205	11.982	12.000	4785740	57715836.00
2022/06/06	12.000	12.323	11.973	12.293	3671273	44817976.00
2022/06/07	12.290	12.305	12.265	12.299	2451425	30127512.00
2022/06/08	12.299	12.303	12.217	12.239	1018375	12487164.00
2022/06/09	12.239	12.271	12.222	12.240	992652	12148132.00
2022/06/10	12.240	12.266	12.230	12.252	1036692	12703437.00
2022/06/13	12.248	12.248	12.109	12.163	1151434	14017338.00
2022/06/14	12.163	12.163	12.075	12.133	833315	10103887.00
2022/06/15	12.133	12.142	12.098	12.125	1280708	15517304.00
2022/06/16	12.125	12.149	12.107	12.130	934598	11335988.00
2022/06/17	12.131	12.139	12.071	12.091	1144384	13862212.00
2022/06/20	12.090	12.091	11.989	12.011	1184922	14240214.00
2022/06/21	12.011	12.098	12.002	12.022	1118585	13468621.00
2022/06/22	12.021	12.025	12.000	12.025	1005544	12079481.00
2022/06/23	12.025	12.057	12.001	12.051	1185003	14259973.00
2022/06/24	12.051	12.100	12.038	12.100	1146261	13842250.00
2022/06/27	12.108	12.140	12.108	12.134	1770531	21465888.00
2022/06/28	12.134	12.154	12.122	12.153	3593231	43609520.00
2022/06/29	12.148	12.150	12.139	12.147	2609919	31699122.00
2022/06/30	12.147	12.337	12.146	12.313	3612671	44122484.00
2022/07/01	12.330	12.398	12.302	12.391	1513343	18687352.00
2022/07/04	12.391	12.532	12.391	12.531	2196522	27475622.00
2022/07/05	12.531	12.531	12.385	12.412	2295995	28510664.00
2022/07/06	12.409	12.427	12.325	12.425	1665567	20654318.00
2022/07/07	12.425	12.495	12.381	12.492	1199943	14951628.00
2022/07/08	12.495	12.587	12.492	12.538	1423363	17880774.00
2022/07/11	12.540	12.580	12.482	12.506	1231183	15386700.00
2022/07/12	12.506	12.580	12.499	12.571	2493584	31209204.00
2022/07/13	12.570	12.645	12.503	12.521	1712863	21487450.00
2022/07/14	12.510	12.601	12.433	12.589	1291925	16241516.00
2022/07/15	12.589	12.589	12.538	12.550	661765	8309125.00
2022/07/18	12.552	12.552	12.521	12.540	874005	10951996.00
2022/07/19	12.540	12.552	12.502	12.547	592725	7430087.50
2022/07/20	12.528	12.539	12.486	12.491	969719	12136094.00
2022/07/21	12.467	12.474	12.422	12.469	967330	12051477.00
2022/07/22	12.469	12.485	12.404	12.472	1607090	20044924.00
2022/07/25	12.472	12.497	12.434	12.480	1552201	19362746.00
2022/07/26	12.480	12.480	12.450	12.465	1245032	15519551.00
2022/07/27	12.466	12.504	12.457	12.469	472996	5897291.00
2022/07/28	12.469	12.489	12.451	12.488	425962	5314285.00
2022/07/29	12.488	12.501	12.474	12.500	613058	7655173.50
2022/08/01	12.450	12.520	12.439	12.516	695547	8670505.00
2022/08/02	12.516	12.516	12.413	12.459	1015959	12651232.00
2022/08/03	12.429	12.431	12.419	12.421	743511	9237244.00
2022/08/04	12.401	12.425	12.383	12.421	1957006	24286812.00
2022/08/05	12.400	12.420	12.383	12.395	1060978	13164246.00
2022/08/08	12.390	12.415	12.390	12.404	944266	11716425.00
2022/08/09	12.404	12.404	12.383	12.388	1138738	14113264.00
2022/08/10	12.390	12.409	12.359	12.360	1931759	23922376.00
2022/08/11	12.360	12.364	12.338	12.344	1187855	14668219.00
2022/08/12	12.338	12.367	12.334	12.355	1112254	13740067.00
2022/08/15	12.354	12.436	12.350	12.423	1437136	17825706.00
2022/08/16	12.410	12.525	12.388	12.520	1590734	19836882.00
2022/08/17	12.525	12.565	12.450	12.520	1690932	21162466.00
2022/08/18	12.520	12.532	12.500	12.528	2112771	26451884.00
2022/08/19	12.528	12.567	12.513	12.546	2190277	27454454.00
2022/08/22	12.554	12.609	12.526	12.539	2132236	26841838.00
2022/08/23	12.540	12.567	12.452	12.464	1181468	14771860.00
2022/08/24	12.465	12.466	12.388	12.419	1262148	15696479.00
2022/08/25	12.419	12.494	12.399	12.473	1185699	14734692.00
2022/08/26	12.472	12.472	12.429	12.439	909794	11332392.00
2022/08/29	12.439	12.439	12.367	12.411	891592	11068910.00
2022/08/30	12.411	12.486	12.380	12.445	1116982	13904755.00
2022/08/31	12.448	12.508	12.448	12.464	1228615	15326784.00
2022/09/01	12.464	12.524	12.400	12.488	1960960	24453778.00
2022/09/02	12.480	12.505	12.431	12.490	1497971	18706820.00
2022/09/05	12.490	12.490	12.451	12.455	605302	7543309.50
2022/09/06	12.447	12.462	12.407	12.455	708977	8828549.00
2022/09/07	12.455	12.491	12.415	12.475	1441887	17962178.00
2022/09/08	12.435	12.491	12.435	12.475	1544256	19270328.00
2022/09/09	12.450	12.484	12.450	12.477	1505137	18777208.00
2022/09/13	12.477	12.477	12.446	12.476	2120166	26426050.00
2022/09/14	12.448	12.488	12.448	12.477	1109847	13844593.00
2022/09/15	12.477	12.510	12.453	12.474	1162851	14505158.00
2022/09/16	12.474	12.476	12.392	12.405	1284231	15976033.00
2022/09/19	12.405	12.423	12.367	12.376	1188287	14722923.00
2022/09/20	12.376	12.380	12.350	12.370	578187	7154652.00
2022/09/21	12.370	12.472	12.370	12.468	1109770	13810029.00
2022/09/22	12.467	12.468	12.443	12.453	1758034	21896676.00
2022/09/23	12.453	12.479	12.450	12.462	1309444	16317202.00
2022/09/26	12.131	12.131	12.015	12.034	1668545	20097168.00
2022/09/27	12.021	12.057	12.015	12.028	1818436	21873216.00
2022/09/28	12.028	12.065	12.026	12.035	1983645	23887258.00
2022/09/29	12.035	12.035	12.001	12.009	1273046	15288298.00
2022/09/30	12.008	12.032	11.990	12.016	1019714	12253362.00
2022/10/10	12.010	12.025	12.000	12.002	1447393	17382560.00
2022/10/11	12.002	12.010	11.973	11.977	1320548	15821663.00
2022/10/12	11.950	12.014	11.500	11.984	1828400	21907448.00
2022/10/13	11.982	11.996	11.951	11.977	1648316	19736028.00
2022/10/14	11.977	12.000	11.919	11.947	2215239	26493448.00
2022/10/17	11.947	11.947	11.925	11.930	1102834	13159636.00
2022/10/18	11.930	11.934	11.920	11.928	1502723	17921982.00
2022/10/19	11.928	11.928	11.900	11.901	1445583	17226670.00
2022/10/20	11.901	11.901	11.845	11.851	1892635	22451236.00
2022/10/21	11.851	11.851	11.734	11.754	2608876	30715270.00
2022/10/24	11.897	11.897	11.643	11.646	2249501	26331676.00
2022/10/25	11.647	11.647	11.543	11.576	2984925	34550076.00
2022/10/26	11.616	11.728	11.552	11.555	1649122	19160202.00
2022/10/27	11.615	11.615	11.501	11.520	1604863	18490294.00
2022/10/28	11.520	11.559	11.502	11.518	1792896	20638152.00
2022/10/31	11.598	11.598	11.474	11.498	1182487	13595285.00
2022/11/01	11.588	11.588	11.420	11.469	2079783	23911312.00
2022/11/02	11.469	11.548	11.460	11.533	2392615	27569876.00
2022/11/03	11.590	11.590	11.512	11.557	1993943	23030596.00
2022/11/04	11.586	11.653	11.553	11.640	2159967	25117266.00
2022/11/07	11.640	11.648	11.555	11.570	2125608	24647870.00
2022/11/08	11.608	11.608	11.426	11.496	3233627	37238024.00
2022/11/09	11.493	11.493	11.430	11.439	1464283	16771730.00
2022/11/10	11.455	11.455	11.375	11.397	2107481	24020016.00
2022/11/11	11.410	11.500	11.312	11.327	2974347	33804588.00
2022/11/14	11.327	11.327	11.152	11.155	2910855	32627698.00
2022/11/15	11.200	11.200	11.000	11.031	2254200	24890974.00
2022/11/16	11.030	11.098	11.026	11.062	2241793	24796408.00
2022/11/17	11.062	11.090	10.938	11.079	2867755	31565644.00
2022/11/18	11.077	11.077	11.032	11.069	1985596	21969154.00
2022/11/21	11.069	11.304	11.040	11.292	2524737	28345114.00
2022/11/22	11.293	11.472	11.200	11.289	2236122	25326232.00
2022/11/23	11.289	11.315	11.228	11.301	1710972	19308362.00
2022/11/24	11.301	11.320	11.222	11.305	1621160	18323880.00
2022/11/25	11.305	11.350	11.265	11.342	1628107	18437532.00
2022/11/28	11.340	11.340	11.198	11.307	1928161	21784946.00
2022/11/29	11.301	11.419	11.231	11.389	2232951	25358306.00
2022/11/30	11.416	11.419	11.381	11.402	1675666	19103554.00
2022/12/01	11.408	11.528	11.408	11.468	2243960	25740132.00
2022/12/02	11.460	11.532	11.437	11.508	2116739	24345446.00
2022/12/05	11.507	11.661	11.481	11.591	3010186	34914964.00
2022/12/06	11.591	11.764	11.591	11.735	3270664	38214712.00
2022/12/07	11.735	11.750	11.601	11.750	2091342	24460602.00
2022/12/08	11.721	11.774	11.656	11.753	2302759	27040950.00
2022/12/09	11.754	11.871	11.754	11.850	1860624	22003064.00
2022/12/12	11.896	11.899	11.850	11.867	992237	11776287.00
2022/12/13	11.865	11.882	11.836	11.869	1380232	16378696.00
2022/12/14	11.869	11.869	11.775	11.784	1330410	15680906.00
2022/12/15	11.784	11.819	11.667	11.790	1633081	19252132.00
2022/12/16	11.788	11.818	11.754	11.799	1148324	13554468.00
2022/12/19	11.799	11.807	11.700	11.784	980519	11565716.00
2022/12/20	11.825	11.825	11.719	11.760	1042054	12260191.00
2022/12/21	11.747	11.766	11.729	11.755	919370	10809808.00
2022/12/22	11.759	11.800	11.744	11.764	801659	9432331.00
2022/12/23	11.764	11.798	11.763	11.794	1189878	14026715.00
2022/12/26	11.794	11.804	11.744	11.794	840526	9914064.00
2022/12/27	11.793	11.800	11.780	11.791	535236	6311411.50
2022/12/28	11.754	11.807	11.754	11.786	822800	9697368.00
2022/12/29	11.751	11.809	11.751	11.796	758012	8941218.00
2022/12/30	11.796	11.943	11.796	11.903	1489164	17679010.00
2023/01/03	11.903	11.927	11.785	11.910	1311610	15603550.00
2023/01/04	11.910	11.958	11.893	11.936	1086579	12967848.00
2023/01/05	11.900	11.917	11.818	11.894	919084	10933169.00
2023/01/06	11.894	11.948	11.820	11.914	1022384	12178133.00
2023/01/09	11.929	11.930	11.887	11.893	1093996	13022818.00
2023/01/10	11.894	11.914	11.842	11.900	842199	10022602.00
2023/01/11	11.890	11.910	11.890	11.897	896988	10676802.00
2023/01/12	11.897	11.911	11.870	11.903	326222	3882561.75
2023/01/13	11.864	11.903	11.864	11.884	559855	6652918.00
2023/01/16	11.884	11.884	11.810	11.828	564933	6694701.50
2023/01/17	11.835	11.868	11.786	11.786	561832	6637181.00
2023/01/18	11.786	11.795	11.759	11.759	325692	3835798.00
2023/01/19	11.759	11.778	11.671	11.763	1312232	15374403.00
2023/01/20	11.758	11.758	11.647	11.665	599263	6988805.50
2023/01/30	11.664	11.735	11.600	11.735	1258522	14729307.00
2023/01/31	11.734	11.911	11.717	11.880	1980821	23486556.00
2023/02/01	11.854	11.932	11.851	11.883	854352	10159531.00
2023/02/02	11.882	11.890	11.817	11.848	766103	9075502.00
2023/02/03	11.848	11.863	11.766	11.800	720406	8509871.00
2023/02/06	11.798	11.823	11.710	11.799	1889811	22293358.00
2023/02/07	11.799	11.819	11.761	11.795	1860888	21965568.00
2023/02/08	11.820	11.863	11.773	11.782	1298845	15316454.00
2023/02/09	11.782	11.790	11.740	11.760	1134269	13353948.00
2023/02/10	11.760	11.772	11.731	11.750	1876921	22056976.00
2023/02/13	11.746	11.746	11.670	11.686	1851089	21660454.00
2023/02/14	11.686	11.758	11.672	11.692	2325602	27240582.00
2023/02/15	11.693	11.744	11.693	11.719	1697044	19903474.00
2023/02/16	11.710	11.739	11.687	11.709	1331049	15597706.00
2023/02/17	11.709	11.736	11.661	11.708	2280602	26696808.00
2023/02/20	11.708	11.726	11.676	11.700	2420386	28322400.00
2023/02/21	11.700	11.709	11.681	11.694	3021657	35344996.00
2023/02/22	11.691	11.696	11.650	11.695	1488260	17396192.00
2023/02/23	11.694	11.698	11.622	11.631	1463161	17058998.00
2023/02/24	11.669	11.669	11.524	11.558	1604152	18547894.00
2023/02/27	11.555	11.571	11.475	11.495	1968623	22704086.00
2023/02/28	11.495	11.519	11.405	11.430	1996236	22838832.00
2023/03/01	11.475	11.491	11.410	11.456	2352042	26926880.00
2023/03/02	11.455	11.533	11.438	11.505	2398666	27588258.00
2023/03/03	11.502	11.566	11.502	11.510	2601410	29967014.00
2023/03/06	11.512	11.561	11.461	11.472	2366933	27237562.00
2023/03/07	11.462	11.484	11.424	11.441	2658090	30438720.00
2023/03/08	11.441	11.441	11.421	11.428	1284719	14685462.00
2023/03/09	11.428	11.440	11.419	11.421	1191560	13614299.00
2023/03/10	11.432	11.432	11.413	11.419	1095157	12504859.00
2023/03/13	11.415	11.458	11.411	11.444	2271598	25944608.00
2023/03/14	11.444	11.484	11.435	11.450	2391749	27375604.00
2023/03/15	11.448	11.489	11.448	11.476	2710849	31103964.00
2023/03/16	11.476	11.476	11.451	11.457	1956254	22425934.00
2023/03/17	11.456	11.471	11.431	11.449	2430839	27826678.00
2023/03/20	11.446	11.448	11.402	11.409	1963336	22409014.00
2023/03/21	11.409	11.413	11.351	11.377	1721662	19589138.00
2023/03/22	11.377	11.416	11.338	11.355	2452326	27862110.00
2023/03/23	11.399	11.399	11.306	11.315	2436483	27612112.00
2023/03/24	11.315	11.331	11.278	11.284	3373028	38085828.00
2023/03/27	11.284	11.289	11.256	11.266	2683698	30251572.00
2023/03/28	11.244	11.275	11.200	11.209	1834344	20562168.00
2023/03/29	11.226	11.253	11.192	11.208	1594102	17866662.00
2023/03/30	11.201	11.212	11.135	11.155	2268571	25330658.00
2023/03/31	11.156	11.160	11.120	11.155	3019814	33675280.00
2023/04/03	11.155	11.238	11.145	11.215	2246065	25159948.00
2023/04/04	11.229	11.394	11.224	11.300	3167951	35826804.00
2023/04/06	11.292	11.299	11.245	11.256	1046883	11790701.00
2023/04/07	11.260	11.306	11.258	11.306	2036769	22948324.00
2023/04/10	11.307	11.311	11.251	11.261	1028083	11583706.00
2023/04/11	11.263	11.263	11.132	11.184	1438689	16089226.00
2023/04/12	11.196	11.285	11.159	11.191	2009744	22508924.00
2023/04/13	11.193	11.227	11.134	11.172	1713043	19150234.00
2023/04/14	11.173	11.218	11.161	11.179	2487615	27797330.00
2023/04/17	10.805	10.805	10.723	10.770	2555056	27540150.00
2023/04/18	10.770	10.777	10.746	10.749	1973350	21229140.00
2023/04/19	10.751	10.760	10.638	10.642	2147494	22965426.00
2023/04/20	10.642	10.642	10.471	10.506	2199226	23133246.00
2023/04/21	10.506	10.550	10.345	10.409	2116599	22029756.00
2023/04/24	10.410	10.450	10.220	10.276	2202350	22661330.00
2023/04/25	10.320	10.320	10.262	10.270	1772470	18206500.00
2023/04/26	10.269	10.337	10.269	10.274	890201	9162559.00
2023/04/27	10.274	10.317	10.262	10.262	687148	7057899.00
2023/04/28	10.265	10.298	10.257	10.271	741699	7621097.50
2023/05/04	10.275	10.350	10.253	10.268	1068937	10978792.00
2023/05/05	10.280	10.280	10.238	10.273	871733	8949662.00
2023/05/08	10.273	10.349	10.273	10.282	619478	6369162.00
2023/05/09	10.282	10.288	10.275	10.282	684409	7035194.50
2023/05/10	10.282	10.403	10.280	10.372	986104	10200452.00
2023/05/11	10.373	10.421	10.372	10.385	765328	7949449.00
2023/05/12	10.385	10.388	10.340	10.350	564296	5842485.00
2023/05/15	10.350	10.388	10.250	10.270	859575	8837821.00
2023/05/16	10.264	10.276	10.260	10.276	661861	6795403.50
2023/05/17	10.280	10.281	10.264	10.268	860051	8833093.00
2023/05/18	10.268	10.290	10.261	10.268	756480	7769563.50
2023/05/19	10.290	10.290	10.264	10.267	499386	5127338.00
2023/05/22	10.266	10.272	10.261	10.269	453093	4652155.00
2023/05/23	10.269	10.272	10.264	10.270	335862	3448690.75
2023/05/24	10.272	10.275	10.261	10.264	555632	5703447.50
2023/05/25	10.271	10.282	10.253	10.257	783102	8034492.00
2023/05/26	10.256	10.272	10.250	10.253	757859	7771080.50
2023/05/29	10.253	10.275	10.245	10.249	951604	9753439.00
2023/05/30	10.250	10.274	10.238	10.240	816228	8362913.50
2023/05/31	10.238	10.240	10.105	10.105	944208	9580064.00
2023/06/01	10.105	10.105	9.948	9.950	863136	8626107.00
2023/06/02	9.950	9.989	9.748	9.750	1232780	12068991.00
2023/06/05	9.756	9.765	8.986	8.990	4305295	39632432.00
2023/06/06	8.990	9.020	8.711	8.990	2291467	20279744.00
2023/06/07	8.985	9.278	8.950	9.268	1465547	13419877.00
2023/06/08	9.279	9.497	9.279	9.487	2530460	23898650.00
2023/06/09	9.487	9.697	9.470	9.499	1283554	12291030.00
2023/06/12	9.499	9.499	9.311	9.456	994090	9286930.00
2023/06/13	9.445	9.445	9.350	9.377	987166	9243763.00
2023/06/14	9.377	9.427	9.337	9.399	939305	8809472.00
2023/06/15	9.399	9.400	9.320	9.337	662990	6200872.50
2023/06/16	9.337	9.375	9.297	9.340	1471341	13721602.00
2023/06/19	9.300	9.303	9.239	9.274	1431861	13273923.00
2023/06/20	9.274	9.302	9.235	9.268	1651511	15293167.00
2023/06/21	9.268	9.275	9.232	9.244	1464581	13553087.00
2023/06/26	9.244	9.291	9.059	9.101	1166593	10664390.00
2023/06/27	9.101	9.101	9.015	9.030	1709941	15442989.00
2023/06/28	9.031	9.066	9.006	9.058	1897446	17181454.00
2023/06/29	9.075	9.148	9.015	9.033	1414897	12809743.00
2023/06/30	9.033	9.042	9.001	9.029	1233559	11122717.00
2023/07/03	9.048	9.062	9.000	9.004	1617012	14592799.00
2023/07/04	9.000	9.013	8.988	8.994	1559949	14037758.00
2023/07/05	9.000	9.001	8.974	8.990	1192459	10714197.00
2023/07/06	8.990	9.105	8.990	9.070	2578614	23378852.00
2023/07/07	9.070	9.258	9.069	9.197	2405492	22106162.00
2023/07/10	9.186	9.216	9.129	9.202	2143293	19701818.00
2023/07/11	9.203	9.258	9.164	9.166	1793722	16493118.00
2023/07/12	9.166	9.166	9.135	9.162	1733609	15847672.00
2023/07/13	9.162	9.192	9.106	9.162	1590284	14556742.00
2023/07/14	9.162	9.274	9.138	9.253	2535509	23417512.00
2023/07/17	9.272	9.593	9.272	9.592	3148640	29841696.00
2023/07/18	9.600	9.960	9.600	9.939	3290163	32231544.00
2023/07/19	9.939	9.942	9.700	9.895	3508326	34572580.00
2023/07/20	9.863	9.889	9.688	9.700	1872293	18229462.00
2023/07/21	9.680	9.680	9.515	9.627	1309730	12592438.00
2023/07/24	9.624	9.624	9.513	9.541	1190923	11370218.00
2023/07/25	9.621	9.627	9.518	9.544	1919660	18401770.00
2023/07/26	9.545	9.600	9.452	9.479	1280841	12159872.00
2023/07/27	9.480	9.516	9.361	9.389	1868494	17579674.00
2023/07/28	9.397	9.429	9.314	9.401	1802080	16915354.00
2023/07/31	9.420	9.483	9.415	9.443	1434794	13557886.00
2023/08/01	9.442	9.567	9.419	9.463	1622782	15399534.00
2023/08/02	9.463	9.507	9.463	9.493	1192288	11313835.00
2023/08/03	9.494	9.522	9.463	9.515	1147095	10894894.00
2023/08/04	9.515	9.560	9.500	9.525	1462448	13914001.00
2023/08/07	9.485	9.517	9.469	9.486	1137525	10785879.00
2023/08/08	9.485	9.485	9.439	9.451	1209044	11425611.00
2023/08/09	9.458	9.579	9.458	9.559	1111410	10592570.00
2023/08/10	9.578	9.609	9.559	9.586	2253168	21569894.00
2023/08/11	9.634	9.660	9.601	9.630	1278610	12296032.00
2023/08/14	9.267	9.288	9.192	9.216	1644661	15191618.00
2023/08/15	9.215	9.234	9.118	9.183	1770589	16265185.00
2023/08/16	9.183	9.221	9.120	9.164	1292212	11843747.00
2023/08/17	9.157	9.186	9.150	9.155	1770319	16210549.00
2023/08/18	9.155	9.168	9.150	9.162	1378072	12622328.00
2023/08/21	9.162	9.200	9.122	9.135	1837736	16791306.00
2023/08/22	9.135	9.151	9.032	9.076	1139572	10380603.00
2023/08/23	9.039	9.076	8.987	8.987	747238	6731252.50
2023/08/24	8.980	9.000	8.950	8.969	1311866	11766208.00
2023/08/25	8.967	9.025	8.903	9.025	949784	8526338.00
2023/08/28	9.050	9.234	9.050	9.060	1560901	14204335.00
2023/08/29	9.060	9.068	9.056	9.065	1120008	10146476.00
2023/08/30	9.068	9.137	9.052	9.063	942468	8549191.00
2023/08/31	9.054	9.099	9.025	9.080	1048391	9496382.00
2023/09/01	9.080	9.100	9.060	9.073	956723	8681291.00
2023/09/04	9.073	9.076	9.030	9.031	886951	8028044.50
2023/09/05	9.029	9.049	9.020	9.046	607887	5493302.00
2023/09/06	9.032	9.032	9.009	9.010	817982	7373700.50
2023/09/07	9.013	9.033	8.973	8.985	875265	7871766.50
2023/09/08	8.982	8.992	8.964	8.984	1090448	9784950.00
2023/09/11	8.970	9.008	8.964	8.986	965898	8665754.00
2023/09/12	8.986	8.998	8.951	8.961	844340	7568599.00
2023/09/13	8.935	8.959	8.933	8.941	1391348	12440354.00
2023/09/14	8.937	8.948	8.929	8.932	946332	8456640.00
2023/09/15	8.932	8.950	8.930	8.934	1759270	15724224.00
2023/09/18	8.933	8.953	8.921	8.926	930396	8308894.50
2023/09/19	8.917	8.942	8.915	8.926	1265381	11296978.00
2023/09/20	8.924	8.951	8.913	8.915	728649	6499764.00
2023/09/21	8.915	8.915	8.860	8.885	798900	7099487.50
2023/09/22	8.882	8.882	8.856	8.867	645303	5719990.00
2023/09/25	8.866	8.866	8.819	8.848	916649	8098752.50
2023/09/26	8.848	8.874	8.821	8.840	618240	5464634.00
2023/09/27	8.840	8.852	8.800	8.842	664303	5864910.50
2023/09/28	8.842	8.880	8.810	8.862	1033047	9148809.00
2023/10/09	8.857	8.857	8.823	8.846	640154	5659951.50
2023/10/10	8.840	8.854	8.821	8.850	1868372	16526865.00
2023/10/11	8.852	8.869	8.851	8.864	458485	4060901.25
2023/10/12	8.864	8.926	8.864	8.900	1145513	10175452.00
2023/10/13	8.901	8.933	8.880	8.890	1156361	10293167.00
2023/10/16	8.863	8.897	8.850	8.885	1148366	10185510.00
2023/10/17	8.885	8.904	8.855	8.874	1051879	9333747.00
2023/10/18	8.855	8.875	8.832	8.842	590588	5222348.50
2023/10/19	8.840	8.840	8.731	8.761	960820	8431731.00
2023/10/20	8.761	8.762	8.636	8.667	1202059	10452219.00
2023/10/23	8.670	8.670	8.561	8.583	899804	7743826.00
2023/10/24	8.583	8.668	8.503	8.643	1781788	15279528.00
2023/10/25	8.643	8.745	8.643	8.680	732164	6372820.50
2023/10/26	8.640	8.688	8.625	8.680	703037	6082998.50
2023/10/27	8.641	8.726	8.641	8.726	965350	8389051.00
2023/10/30	8.726	8.753	8.703	8.722	942457	8225971.50
2023/10/31	8.731	8.748	8.710	8.719	458349	3999352.00
2023/11/01	8.719	8.719	8.650	8.699	899162	7798101.50
2023/11/02	8.699	8.701	8.654	8.665	700825	6076669.50
2023/11/03	8.658	8.696	8.658	8.680	1084737	9408706.00
2023/11/06	8.680	8.766	8.652	8.680	798336	6933409.00
2023/11/07	8.680	8.680	8.621	8.635	744114	6423727.00
2023/11/08	8.635	8.680	8.610	8.617	976071	8429163.00
2023/11/09	8.617	8.661	8.606	8.628	742641	6414499.00
2023/11/10	8.628	8.647	8.625	8.625	736441	6356990.50
2023/11/13	8.625	8.637	8.595	8.601	444940	3829703.75
2023/11/14	8.629	8.629	8.600	8.602	885244	7622295.00
2023/11/15	8.600	8.630	8.598	8.629	1464511	12602012.00
2023/11/16	8.602	8.629	8.602	8.609	440404	3793481.75
2023/11/17	8.600	8.614	8.592	8.606	780409	6718272.50
2023/11/20	8.567	8.607	8.567	8.606	547027	4704569.00
2023/11/21	8.600	8.608	8.591	8.607	853457	7339729.00
2023/11/22	8.607	8.619	8.598	8.607	720412	6200219.50
2023/11/23	8.607	8.609	8.579	8.601	986477	8482200.00
2023/11/24	8.598	8.599	8.585	8.599	692759	5952936.50
2023/11/27	8.598	8.612	8.525	8.571	942593	8074333.50
2023/11/28	8.570	8.570	8.531	8.563	599660	5127137.50
2023/11/29	8.563	8.564	8.520	8.556	1070266	9143744.00
2023/11/30	8.559	8.609	8.545	8.568	595522	5108165.00
2023/12/01	8.551	8.615	8.549	8.615	665795	5715591.50
2023/12/04	8.615	8.671	8.603	8.671	995092	8581261.00
2023/12/05	8.672	8.769	8.624	8.668	1516481	13197758.00
2023/12/06	8.657	8.707	8.628	8.655	800020	6928798.00
2023/12/07	8.655	8.655	8.577	8.633	569856	4916577.00
2023/12/08	8.606	8.631	8.580	8.631	446973	3847984.50
2023/12/11	8.631	8.632	8.570	8.605	1229136	10548422.00
2023/12/12	8.605	8.605	8.539	8.574	558674	4781667.50
2023/12/13	8.574	8.574	8.515	8.530	408033	3478723.50
2023/12/14	8.530	8.530	8.506	8.530	470081	4003086.75
2023/12/15	8.530	8.548	8.506	8.546	237146	2024631.13
2023/12/18	8.546	8.566	8.522	8.560	813427	6960544.50
2023/12/19	8.558	8.590	8.523	8.589	996348	8534994.00
2023/12/20	8.602	8.674	8.586	8.650	1812813	15643687.00
2023/12/21	8.650	8.795	8.649	8.753	2688738	23456222.00
2023/12/22	8.753	8.958	8.735	8.817	4026203	35559900.00
2023/12/25	8.680	8.680	8.517	8.603	1658166	14199233.00
2023/12/26	8.563	8.647	8.536	8.623	1580417	13598452.00
2023/12/27	8.614	8.644	8.584	8.620	1446043	12457514.00
2023/12/28	8.619	8.736	8.610	8.687	2187906	18938196.00
2023/12/29	8.687	8.749	8.656	8.737	1825939	15934719.00
2024/01/02	8.739	8.752	8.695	8.702	982554	8559296.00
2024/01/03	8.703	8.750	8.681	8.713	1708249	14921574.00
2024/01/04	8.720	8.743	8.650	8.716	1256851	10914071.00
2024/01/05	8.704	8.750	8.675	8.749	995594	8664985.00
2024/01/08	8.749	8.759	8.693	8.698	1306079	11402108.00
2024/01/09	8.660	8.660	8.618	8.628	1220408	10531777.00
2024/01/10	8.601	8.670	8.558	8.569	1555594	13409130.00
2024/01/11	8.577	8.667	8.577	8.667	1573349	13548940.00
2024/01/12	8.674	8.674	8.580	8.649	1903361	16411065.00
2024/01/15	8.648	8.660	8.564	8.650	2558211	21989350.00
2024/01/16	8.624	8.737	8.620	8.730	1951310	16904314.00
2024/01/17	8.741	8.848	8.697	8.815	2301481	20209636.00
2024/01/18	8.816	8.850	8.761	8.806	1932018	16981870.00
2024/01/19	8.801	8.948	8.762	8.829	3246500	28811784.00
2024/01/22	8.830	8.870	8.732	8.762	1635160	14361543.00
2024/01/23	8.750	8.750	8.702	8.723	1489369	12981095.00
2024/01/24	8.715	8.831	8.691	8.730	2137321	18708294.00
2024/01/25	8.730	8.823	8.703	8.734	2129144	18601272.00
2024/01/26	8.733	8.739	8.711	8.730	1270852	11088490.00
2024/01/29	8.726	8.761	8.701	8.724	1834880	16014522.00
2024/01/30	8.722	8.762	8.691	8.740	1452476	12685543.00
2024/01/31	8.741	8.755	8.689	8.730	949561	8271724.00
2024/02/01	8.727	8.750	8.690	8.745	1472662	12857950.00
2024/02/02	8.742	8.795	8.711	8.749	1271672	11136583.00
2024/02/05	8.747	8.762	8.722	8.730	1103166	9644599.00
2024/02/06	8.726	8.783	8.690	8.769	2322933	20282574.00
2024/02/07	8.769	8.944	8.733	8.919	1298827	11492481.00
2024/02/08	9.069	9.164	8.957	9.100	1700394	15398557.00
2024/02/19	9.100	9.400	9.080	9.289	2273370	20887974.00
2024/02/20	9.280	9.508	9.220	9.367	3286236	30945098.00
2024/02/21	9.367	9.430	9.327	9.392	2484307	23323984.00
2024/02/22	9.358	9.441	9.356	9.399	1565545	14749187.00
2024/02/23	9.400	9.670	9.399	9.658	2036028	19429704.00
2024/02/26	9.650	10.047	9.620	9.939	3199143	31594994.00
2024/02/27	9.939	10.011	9.598	9.760	4618856	45171248.00
2024/02/28	9.750	9.750	9.500	9.510	2995327	28935956.00
2024/02/29	9.470	9.802	9.445	9.517	3258888	31179742.00
2024/03/01	9.512	9.829	9.477	9.709	3388388	32953104.00
2024/03/04	9.709	9.888	9.708	9.810	3603500	35345800.00
2024/03/05	9.760	10.025	9.757	9.926	4815483	47825604.00
2024/03/06	9.935	9.995	9.797	9.824	2207396	21842638.00
2024/03/07	9.824	9.865	9.710	9.716	1921564	18771526.00
2024/03/08	9.616	9.814	9.616	9.718	1994780	19384638.00
2024/03/11	9.705	9.778	9.678	9.749	1791024	17454196.00
2024/03/12	9.749	9.754	9.709	9.728	1107138	10764296.00
2024/03/13	9.727	9.727	9.644	9.720	1281224	12405927.00
2024/03/14	9.680	9.769	9.650	9.680	1856437	18007044.00
2024/03/15	9.652	9.720	9.650	9.720	1115778	10804843.00
2024/03/18	9.720	9.760	9.681	9.703	1055886	10262389.00
2024/03/19	9.703	9.730	9.669	9.675	869061	8413896.00
2024/03/20	9.675	9.699	9.621	9.635	824680	7968043.00
2024/03/21	9.635	9.636	9.480	9.492	1893362	18031132.00
2024/03/22	9.487	9.488	9.332	9.365	3929074	36794264.00
2024/03/25	9.355	9.494	9.325	9.493	1330796	12506019.00
2024/03/26	9.493	9.589	9.476	9.589	1138017	10851690.00
2024/03/27	9.552	9.675	9.552	9.650	1313014	12657587.00
2024/03/28	9.650	9.658	9.562	9.630	1205820	11571988.00
2024/03/29	9.619	9.676	9.605	9.640	1085674	10474337.00
2024/04/01	9.640	9.698	9.611	9.698	676530	6539535.00
2024/04/02	9.698	9.750	9.640	9.743	1074154	10426436.00
2024/04/03	9.745	9.909	9.745	9.893	1798139	17707316.00
2024/04/08	9.894	10.009	9.894	10.009	1771421	17663558.00
2024/04/09	10.011	10.099	9.983	10.080	1749030	17598630.00
2024/04/10	10.080	10.249	9.992	10.178	2345928	23841600.00
2024/04/11	10.178	10.219	10.158	10.175	1762405	17947070.00
2024/04/12	10.175	10.188	10.128	10.157	1636232	16612429.00
2024/04/15	10.160	10.219	10.080	10.133	2401045	24439078.00
2024/04/16	10.101	10.111	9.998	10.048	2663571	26754392.00
2024/04/17	10.048	10.108	10.009	10.036	1493190	14996627.00
2024/04/18	10.036	10.036	9.985	10.000	1314128	13141590.00
2024/04/19	10.003	10.066	9.901	9.991	1546564	15400905.00
2024/04/22	9.992	10.128	9.983	9.994	1634614	16356597.00
2024/04/23	9.992	10.033	9.955	10.002	1615853	16143797.00
2024/04/24	10.008	10.094	9.931	10.085	1605752	16066621.00
2024/04/25	10.025	10.025	9.817	9.951	2703226	26755266.00
2024/04/26	9.950	10.015	9.909	9.959	1777367	17712050.00
2024/04/29	9.949	9.949	9.784	9.795	2687406	26490114.00
2024/04/30	9.789	9.789	9.731	9.762	2364566	23058472.00
2024/05/06	9.754	9.767	9.710	9.740	2005252	19508328.00
2024/05/07	9.740	9.788	9.727	9.779	1328112	12954776.00
2024/05/08	9.782	9.799	9.780	9.790	1404845	13752078.00
2024/05/09	9.790	9.790	9.748	9.764	1515186	14809106.00
2024/05/10	9.750	9.798	9.687	9.790	2343420	22825660.00
2024/05/13	9.787	9.787	9.680	9.719	2615506	25442566.00
2024/05/14	9.700	9.782	9.645	9.650	1660596	16082465.00
2024/05/15	9.649	9.659	9.566	9.600	3162098	30374922.00
2024/05/16	9.594	9.600	9.470	9.580	3796815	36151048.00
2024/05/17	9.579	9.620	9.531	9.620	1713226	16406494.00
2024/05/20	9.601	9.626	9.561	9.600	1677744	16088808.00
2024/05/21	9.581	9.598	9.518	9.556	3625267	34596808.00
2024/05/22	9.537	9.548	9.491	9.548	3088850	29395140.00
2024/05/23	9.547	9.548	9.503	9.548	1660928	15823879.00
2024/05/24	9.540	9.594	9.529	9.593	1500319	14380691.00
2024/05/27	9.593	9.629	9.562	9.597	1495587	14333459.00
2024/05/28	9.596	9.619	9.485	9.485	2026399	19290692.00
2024/05/29	9.485	9.550	9.473	9.485	3279196	31094296.00
2024/05/30	9.470	9.480	9.429	9.454	2977914	28143494.00
2024/05/31	9.444	9.450	9.386	9.411	3052015	28706546.00
2024/06/03	9.406	9.429	9.380	9.398	2802457	26328868.00
2024/06/04	9.390	9.470	9.370	9.470	1477213	13881009.00
2024/06/05	9.474	9.576	9.471	9.562	1045890	9951038.00
2024/06/06	9.550	9.620	9.522	9.600	1840780	17657284.00
2024/06/07	9.600	9.630	9.551	9.605	1606596	15413990.00
2024/06/11	9.605	9.629	9.562	9.590	1202198	11538912.00
2024/06/12	9.565	9.599	9.510	9.540	1584099	15120279.00
2024/06/13	9.500	9.539	9.440	9.528	2083254	19835662.00
2024/06/14	9.488	9.511	9.488	9.509	1486016	14116455.00
2024/06/17	9.498	9.510	9.481	9.505	1099688	10445071.00
2024/06/18	9.480	9.505	9.442	9.490	1265965	11996180.00
2024/06/19	9.474	9.500	9.453	9.468	1315680	12451578.00
2024/06/20	9.452	9.468	9.421	9.468	968095	9134450.00
2024/06/21	9.432	9.515	9.411	9.470	701618	6618190.00
2024/06/24	9.469	9.541	9.452	9.540	1488956	14086925.00
2024/06/25	9.540	9.579	9.475	9.497	1150397	10910652.00
2024/06/26	9.471	9.518	9.431	9.518	1999260	18927158.00
2024/06/27	9.519	9.596	9.482	9.580	844319	8052166.00
2024/06/28	9.580	9.600	9.540	9.600	1359403	13013291.00
2024/07/01	9.598	9.598	9.553	9.587	1526096	14600815.00
2024/07/02	9.552	9.642	9.552	9.640	989888	9530209.00
2024/07/03	9.644	9.646	9.618	9.637	952179	9172800.00
2024/07/04	9.637	9.665	9.615	9.665	1161781	11202336.00
2024/07/05	9.652	9.700	9.600	9.639	2157789	20844118.00
2024/07/08	9.603	9.642	9.580	9.604	1242065	11922205.00
2024/07/09	9.593	9.608	9.556	9.568	1324088	12687303.00
2024/07/10	9.551	9.572	9.533	9.559	586949	5609227.50
2024/07/11	9.621	9.631	9.542	9.580	913428	8740957.00
2024/07/12	9.580	9.638	9.533	9.592	668954	6411991.00
2024/07/15	9.584	9.654	9.581	9.654	1057610	10181966.00
2024/07/16	9.626	9.692	9.607	9.673	1004212	9716237.00
2024/07/17	9.667	9.689	9.634	9.685	969255	9379666.00
2024/07/18	9.690	9.690	9.646	9.673	394956	3815371.75
2024/07/19	9.673	9.708	9.632	9.702	1211294	11718449.00
2024/07/22	9.702	9.724	9.640	9.690	1925767	18675668.00
2024/07/23	9.668	9.718	9.582	9.620	2727692	26252358.00
2024/07/24	9.619	9.619	9.571	9.571	962969	9228554.00
2024/07/25	9.561	9.581	9.555	9.564	528076	5049182.00
2024/07/26	9.561	9.618	9.531	9.600	1138034	10932697.00
2024/07/29	9.660	9.660	9.605	9.634	1033406	9966359.00
2024/07/30	9.634	9.690	9.604	9.666	1017555	9835387.00
2024/07/31	9.666	9.748	9.666	9.747	795225	7725928.00
2024/08/01	9.745	9.785	9.675	9.785	2055098	20059720.00
2024/08/02	9.783	9.790	9.733	9.785	1139365	11138130.00
2024/08/05	9.560	9.639	9.560	9.588	1025989	9841824.00
2024/08/06	9.589	9.600	9.521	9.595	1454945	13935275.00
2024/08/07	9.561	9.691	9.535	9.691	3446252	33258494.00
2024/08/08	9.693	9.889	9.664	9.769	2821634	27740644.00
2024/08/09	9.763	9.800	9.692	9.790	1463787	14280254.00
2024/08/12	9.796	9.878	9.686	9.876	1581517	15507090.00
2024/08/13	9.879	9.888	9.800	9.880	1414383	13966175.00
2024/08/14	9.879	9.982	9.847	9.977	1759929	17507622.00
2024/08/15	9.980	10.048	9.936	10.048	1187942	11898512.00
2024/08/16	10.050	10.050	9.893	9.970	1577003	15731149.00
2024/08/19	9.970	10.028	9.946	9.983	835999	8346420.00
2024/08/20	9.982	10.078	9.950	9.960	1841104	18407272.00
2024/08/21	9.950	9.950	9.880	9.910	2151644	21341790.00
2024/08/22	9.900	9.940	9.758	9.764	1426625	14020249.00
2024/08/23	9.759	9.761	9.712	9.727	1216174	11831456.00
2024/08/26	9.717	9.739	9.680	9.714	1381147	13407599.00
2024/08/27	9.714	9.780	9.664	9.777	1610988	15646035.00
2024/08/28	9.779	9.819	9.759	9.807	1054918	10334295.00
2024/08/29	9.804	9.849	9.599	9.691	4180164	40477948.00
2024/08/30	9.685	9.699	9.642	9.696	1163966	11272082.00
2024/09/02	9.693	9.779	9.660	9.770	862753	8401827.00
2024/09/03	9.770	9.770	9.704	9.770	1046518	10190499.00
2024/09/04	9.746	9.770	9.650	9.704	930540	9044308.00
2024/09/05	9.667	9.780	9.667	9.730	1727543	16769463.00
2024/09/06	9.693	9.775	9.693	9.765	1278520	12479128.00
2024/09/09	9.759	9.775	9.682	9.700	1403217	13631503.00
2024/09/10	9.670	9.708	9.581	9.627	1045163	10055268.00
2024/09/11	9.626	9.657	9.600	9.630	1612157	15535190.00
2024/09/12	9.724	9.724	9.586	9.589	462749	4451576.00
2024/09/13	9.550	9.673	9.533	9.549	803772	7707666.00
2024/09/18	9.545	9.598	9.490	9.530	828307	7905581.50
2024/09/19	9.490	9.519	9.424	9.445	1689086	16013112.00
2024/09/20	9.445	9.500	9.402	9.484	1333884	12581474.00
2024/09/23	9.485	9.517	9.440	9.445	867873	8204707.00
2024/09/24	9.441	9.485	9.441	9.458	771459	7294470.00
2024/09/25	9.458	9.562	9.458	9.557	876555	8353146.50
2024/09/26	9.557	9.574	9.502	9.560	971197	9268210.00
2024/09/27	9.559	9.569	9.521	9.532	601154	5736955.00
2024/09/30	9.524	9.524	9.417	9.455	1610966	15187697.00
2024/10/08	9.436	9.452	9.235	9.293	2969757	27728762.00
2024/10/09	9.288	9.305	9.077	9.109	2175297	19966716.00
2024/10/10	9.100	9.170	9.043	9.170	1191711	10823453.00
2024/10/11	9.170	9.350	9.170	9.350	1644459	15301431.00
2024/10/14	9.348	9.359	9.305	9.345	1347346	12589340.00
2024/10/15	9.345	9.368	9.342	9.343	1489250	13923790.00
2024/10/16	9.319	9.345	9.313	9.341	1305227	12175938.00
2024/10/17	9.301	9.375	9.301	9.301	1567532	14622101.00
2024/10/18	9.350	9.350	9.261	9.267	1319844	12275003.00
2024/10/21	9.280	9.337	9.267	9.291	900461	8363085.50
2024/10/22	9.291	9.339	9.261	9.299	1497348	13923562.00
2024/10/23	9.270	9.300	9.225	9.249	1307169	12093723.00
2024/10/24	9.225	9.257	9.224	9.239	869413	8037105.50
2024/10/25	9.286	9.298	9.200	9.250	775424	7145558.00
2024/10/28	9.245	9.296	9.210	9.295	874189	8100406.00
2024/10/29	9.259	9.397	9.259	9.366	1129282	10567591.00
2024/10/30	9.366	9.375	9.299	9.332	734356	6854677.50
2024/10/31	9.359	9.395	9.323	9.383	1050313	9856263.00
2024/11/01	9.386	9.412	9.386	9.407	905489	8518748.00
2024/11/04	9.417	9.417	9.377	9.396	1108423	10419034.00
2024/11/05	9.398	9.437	9.332	9.401	907302	8510163.00
2024/11/06	9.361	9.408	9.361	9.388	623652	5853698.50
2024/11/07	9.388	9.406	9.360	9.380	355591	3332971.00
2024/11/08	9.372	9.405	9.340	9.405	993049	9324826.00
2024/11/11	9.395	9.428	9.365	9.418	565836	5322942.00
2024/11/12	9.418	9.468	9.411	9.465	616473	5820888.50
2024/11/13	9.465	9.469	9.438	9.464	836085	7908009.50
2024/11/14	9.483	9.486	9.390	9.390	471731	4442938.50
2024/11/15	9.401	9.401	9.305	9.388	971048	9073015.00
2024/11/18	9.362	9.362	9.281	9.285	1176481	10940651.00
2024/11/19	9.315	9.315	9.251	9.306	13421693	124820792.00
2024/11/20	9.306	9.361	9.258	9.320	1542118	14362376.00
2024/11/21	9.323	9.323	9.250	9.255	752804	6991519.00
2024/11/22	9.255	9.313	9.255	9.296	805256	7480315.50
2024/11/25	9.280	9.301	9.260	9.292	671090	6232859.00
2024/11/26	9.284	9.305	9.260	9.274	666979	6185442.00
2024/11/27	9.272	9.297	9.271	9.280	789990	7333612.00
2024/11/28	9.278	9.295	9.271	9.290	619905	5754480.50
2024/11/29	9.295	9.335	9.269	9.296	680062	6327105.50
2024/12/02	9.298	9.303	9.276	9.292	954619	8872777.00
2024/12/03	9.280	9.317	9.280	9.300	497467	4628729.50
2024/12/04	9.300	9.335	9.285	9.308	689708	6418806.00
2024/12/05	9.293	9.308	9.284	9.284	662609	6157805.00
2024/12/06	9.303	9.303	9.275	9.283	810469	7521221.00
2024/12/09	9.283	9.299	9.273	9.282	856415	7950962.00
2024/12/10	9.282	9.326	9.272	9.324	831965	7742079.50
2024/12/11	9.349	9.477	9.299	9.400	3022241	28351262.00
2024/12/12	9.410	9.444	9.399	9.410	1739704	16381629.00
2024/12/13	9.419	9.444	9.373	9.404	1619462	15235578.00
2024/12/16	9.114	9.141	9.017	9.060	1015156	9192632.00
2024/12/17	9.060	9.132	9.055	9.060	1584414	14387278.00
2024/12/18	9.052	9.071	9.018	9.029	1955653	17686064.00
2024/12/19	9.029	9.035	8.930	8.944	1802432	16227077.00
2024/12/20	8.955	8.997	8.950	8.974	1472288	13215029.00
2024/12/23	8.974	9.055	8.974	9.055	1879344	16982328.00
2024/12/24	9.055	9.062	8.999	9.001	1130580	10217689.00
2024/12/25	9.001	9.049	8.980	9.038	1150611	10358691.00
2024/12/26	9.038	9.073	9.026	9.068	3817292	34546912.00
2024/12/27	9.068	9.117	9.053	9.117	1645534	14960653.00
2024/12/30	9.117	9.200	9.117	9.192	1545485	14202719.00
2024/12/31	9.195	9.238	9.192	9.225	1624709	14966209.00
2025/01/02	9.208	9.291	9.208	9.274	1520786	14069983.00
2025/01/03	9.295	9.367	9.278	9.291	3992151	37278016.00
2025/01/06	9.300	9.387	9.291	9.353	8007531	74865536.00
2025/01/07	9.355	9.355	9.204	9.247	2093224	19327210.00
2025/01/08	9.237	9.274	9.170	9.252	1808077	16732755.00
2025/01/09	9.263	9.351	9.252	9.350	1681350	15654010.00
2025/01/10	9.354	9.443	9.316	9.378	1718868	16112646.00
2025/01/13	9.378	9.400	9.300	9.306	1662086	15552495.00
2025/01/14	9.304	9.304	9.171	9.192	2186373	20202434.00
2025/01/15	9.184	9.302	9.171	9.240	1939321	17920786.00
2025/01/16	9.244	9.246	8.989	9.181	3376822	30741528.00
2025/01/17	9.159	9.176	9.089	9.164	1362541	12470695.00
2025/01/20	9.170	9.226	9.098	9.220	1569143	14406637.00
2025/01/21	9.225	9.298	9.170	9.272	2151345	19925762.00
2025/01/22	9.272	9.319	9.230	9.316	2684976	24874362.00
2025/01/23	9.307	9.361	9.265	9.361	1283430	11937340.00
2025/01/24	9.361	9.361	9.253	9.263	1543677	14377041.00
2025/01/27	9.249	9.320	9.249	9.278	1380262	12818666.00
2025/02/05	9.278	9.278	9.215	9.257	1451312	13418455.00
2025/02/06	9.268	9.291	9.250	9.261	1473424	13637167.00
2025/02/07	9.261	9.275	9.222	9.260	1168073	10793035.00
2025/02/10	9.260	9.482	9.240	9.392	2849359	26663968.00
2025/02/11	9.394	9.639	9.346	9.623	2060651	19699116.00
2025/02/12	9.623	9.631	9.540	9.542	1843862	17697272.00
2025/02/13	9.534	9.534	9.460	9.499	1370681	13014397.00
2025/02/14	9.494	9.536	9.460	9.526	863283	8214021.50
2025/02/17	9.568	9.661	9.534	9.627	1785202	17166182.00
2025/02/18	9.588	9.655	9.575	9.575	1247870	12005930.00
2025/02/19	9.574	9.574	9.480	9.485	1625107	15460466.00
2025/02/20	9.485	9.670	9.482	9.629	2312683	22134454.00
2025/02/21	9.632	9.728	9.611	9.682	1725210	16723003.00
2025/02/24	9.682	9.682	9.580	9.580	943260	9061391.00
2025/02/25	9.580	9.580	9.417	9.420	1796997	17061702.00
2025/02/26	9.420	9.448	9.382	9.386	1269573	11963897.00
2025/02/27	9.385	9.402	9.351	9.374	1808896	16956110.00
2025/02/28	9.376	9.397	9.344	9.354	1784811	16712259.00
2025/03/03	9.362	9.383	9.323	9.380	2499687	23345762.00
2025/03/04	9.378	9.434	9.373	9.399	1512681	14229575.00
2025/03/05	9.391	9.398	9.353	9.356	1451043	13600809.00
2025/03/06	9.355	9.369	9.314	9.325	1277526	11911173.00
2025/03/07	9.325	9.326	9.306	9.326	1113534	10369959.00
2025/03/10	9.326	9.410	9.326	9.395	1213218	11367090.00
2025/03/11	9.395	9.395	9.357	9.374	1477589	13838586.00
2025/03/12	9.373	9.373	9.322	9.341	962465	8993608.00
2025/03/13	9.338	9.371	9.327	9.357	834125	7804623.50
2025/03/14	9.357	9.383	9.315	9.371	1169288	10951628.00
2025/03/17	9.371	9.404	9.358	9.384	869010	8162909.50
2025/03/18	9.376	9.457	9.375	9.441	1421238	13381849.00
2025/03/19	9.450	9.459	9.403	9.456	900064	8496155.00
2025/03/20	9.460	9.525	9.440	9.450	1391398	13171010.00
2025/03/21	9.450	9.488	9.421	9.434	973224	9190806.00
2025/03/24	9.424	9.424	9.357	9.370	1195296	11235752.00
2025/03/25	9.365	9.413	9.365	9.400	1085408	10201030.00
2025/03/26	9.400	9.413	9.393	9.400	1117788	10508717.00
2025/03/27	9.382	9.454	9.382	9.430	1141879	10761318.00
2025/03/28	9.430	9.526	9.430	9.500	1377396	13070769.00
2025/03/31	9.505	9.564	9.461	9.466	1465896	13944640.00
2025/04/01	9.466	9.564	9.410	9.562	2219056	20997812.00
2025/04/02	9.451	9.451	9.363	9.369	1382564	12961147.00
2025/04/03	9.369	9.369	9.332	9.338	849247	7931963.00
2025/04/07	9.336	9.336	9.149	9.149	1693475	15643032.00
2025/04/08	9.151	9.226	9.086	9.148	1345386	12291427.00
2025/04/09	9.145	9.178	9.101	9.150	1252351	11464620.00
2025/04/10	9.147	9.154	9.113	9.119	1801616	16431574.00
2025/04/11	9.120	9.198	9.120	9.176	700582	6415852.00
2025/04/14	9.178	9.209	9.156	9.164	954803	8754593.00
2025/04/15	9.168	9.187	9.156	9.177	756897	6937611.00
2025/04/16	9.174	9.198	9.164	9.189	761369	6992735.50
2025/04/17	9.195	9.221	9.178	9.220	951500	8749870.00
2025/04/18	9.205	9.205	9.176	9.189	1049454	9644537.00
2025/04/21	9.194	9.194	9.116	9.156	1137259	10387312.00
2025/04/22	9.152	9.207	9.110	9.205	1043996	9559623.00
2025/04/23	9.208	9.208	9.163	9.206	951985	8750507.00
2025/04/24	9.205	9.249	9.186	9.240	1625553	14966397.00
2025/04/25	9.245	9.249	9.205	9.207	890393	8210429.50
2025/04/28	9.204	9.225	9.190	9.203	953856	8777514.00
2025/04/29	9.220	9.234	9.181	9.221	648893	5978469.00
2025/04/30	9.150	9.224	9.150	9.221	634522	5844564.00
2025/05/06	9.193	9.238	9.192	9.238	631230	5816243.50
2025/05/07	9.238	9.293	9.213	9.280	1365687	12642785.00
2025/05/08	9.280	9.288	9.261	9.280	863471	8005381.50
2025/05/09	9.278	9.280	9.256	9.264	680929	6308476.50
2025/05/12	9.264	9.293	9.256	9.288	841897	7807495.00
2025/05/13	9.272	9.322	9.272	9.301	777088	7227977.50
2025/05/14	9.301	9.350	9.285	9.350	939327	8761566.00
2025/05/15	9.350	9.388	9.318	9.375	1012974	9495165.00
2025/05/16	9.355	9.363	9.335	9.335	1099781	10280930.00
2025/05/19	9.338	9.338	9.307	9.319	676296	6303795.00
2025/05/20	9.309	9.360	9.307	9.344	852933	7947774.50
2025/05/21	9.344	9.404	9.336	9.402	1856560	17433254.00
2025/05/22	9.400	9.410	9.390	9.402	2094488	19687570.00
2025/05/23	9.402	9.412	9.365	9.395	1527396	14357211.00
2025/05/26	9.405	9.430	9.381	9.389	747332	7017340.00
2025/05/27	9.382	9.418	9.382	9.390	974669	9158301.00
2025/05/28	9.381	9.381	9.349	9.360	860109	8051455.50
2025/05/29	9.338	9.400	9.331	9.397	590941	5533555.50
2025/05/30	9.396	9.418	9.391	9.418	767969	7226176.00
2025/06/03	9.418	9.485	9.386	9.483	1160033	10936037.00
2025/06/04	9.483	9.609	9.483	9.607	1563585	14944605.00
2025/06/05	9.607	9.757	9.586	9.747	1592257	15463334.00
2025/06/06	9.712	9.942	9.708	9.778	2389199	23438442.00
2025/06/09	9.740	9.777	9.650	9.706	1436539	13917604.00
2025/06/10	9.673	9.803	9.646	9.800	1400557	13668499.00
2025/06/11	9.760	9.849	9.752	9.815	1033136	10130466.00
2025/06/12	9.813	9.893	9.796	9.881	1239772	12185603.00
2025/06/13	9.859	9.918	9.812	9.918	2411746	23776870.00
2025/06/16	9.917	9.938	9.849	9.921	1297654	12858054.00
2025/06/17	9.881	9.927	9.866	9.890	2159528	21360030.00
2025/06/18	9.890	9.892	9.808	9.875	2083884	20522488.00
2025/06/19	9.836	9.871	9.820	9.831	1810552	17805128.00
2025/06/20	9.830	9.830	9.721	9.743	1572572	15375869.00
2025/06/23	9.743	9.743	9.686	9.731	1296095	12581847.00
2025/06/24	9.730	9.730	9.636	9.660	1227072	11846503.00
2025/06/25	9.660	9.660	9.611	9.622	1124717	10822202.00
2025/06/26	9.622	9.622	9.590	9.615	988133	9484599.00
2025/06/27	9.613	9.670	9.613	9.669	887368	8558965.00
2025/06/30	9.659	9.660	9.600	9.601	774948	7447718.50
2025/07/01	9.601	9.650	9.582	9.629	824513	7925518.00
2025/07/02	9.603	9.725	9.602	9.710	1202748	11658478.00
2025/07/03	9.710	9.736	9.657	9.671	1485901	14422357.00
2025/07/04	9.692	9.699	9.648	9.699	1521458	14716947.00
2025/07/07	9.704	9.704	9.636	9.637	1047188	10120439.00
2025/07/08	9.639	9.640	9.587	9.626	1530846	14703614.00
2025/07/09	9.598	9.633	9.570	9.584	1343494	12880527.00
2025/07/10	9.597	9.610	9.578	9.596	792167	7602591.50
2025/07/11	9.610	9.610	9.513	9.517	1846640	17632992.00
2025/07/14	9.517	9.557	9.506	9.555	873124	8334173.00
2025/07/15	9.551	9.570	9.518	9.564	654091	6250126.00
2025/07/16	9.563	9.609	9.550	9.608	821689	7877433.50
2025/07/17	9.609	9.612	9.599	9.600	858092	8243547.00
2025/07/18	9.602	9.639	9.602	9.625	722228	6944415.00
2025/07/21	9.620	9.620	9.525	9.529	1046986	9998170.00
2025/07/22	9.530	9.554	9.398	9.418	1708192	16167063.00
2025/07/23	9.418	9.418	9.381	9.390	846075	7950949.00
2025/07/24	9.390	9.426	9.383	9.422	605013	5696411.00
2025/07/25	9.420	9.438	9.390	9.424	713392	6719235.00
2025/07/28	9.424	9.445	9.420	9.427	926798	8738067.00
2025/07/29	9.427	9.445	9.392	9.398	940654	8860905.00
2025/07/30	9.397	9.405	9.371	9.373	977014	9171751.00
2025/07/31	9.373	9.409	9.370	9.387	1571593	14756076.00
2025/08/01	9.387	9.398	9.366	9.369	1678656	15742515.00
2025/08/04	9.366	9.387	9.319	9.339	1660421	15533616.00
2025/08/05	9.330	9.350	9.271	9.277	1051447	9778034.00
2025/08/06	9.290	9.320	9.255	9.264	2621396	24301522.00
2025/08/07	9.263	9.299	9.194	9.242	3606193	33359830.00
2025/08/08	9.239	9.276	9.198	9.276	1572956	14527062.00
2025/08/11	9.292	9.292	9.252	9.280	906736	8408468.00
2025/08/12	9.290	9.300	9.270	9.297	1012703	9407597.00
2025/08/13	9.305	9.310	9.286	9.304	1073790	9989765.00
2025/08/14	9.300	9.304	9.285	9.303	681061	6331387.00
2025/08/15	9.303	9.303	9.241	9.260	906072	8396339.00
2025/08/18	9.259	9.259	9.187	9.187	1397866	12862524.00
2025/08/19	9.187	9.187	9.170	9.172	1012428	9288755.00
2025/08/20	9.172	9.210	9.153	9.199	912310	8373820.50
2025/08/21	9.200	9.212	9.199	9.205	565468	5204598.00
2025/08/22	9.200	9.236	9.200	9.228	806425	7439224.50
2025/08/25	9.201	9.240	9.196	9.232	905043	8345867.50
2025/08/26	9.231	9.290	9.203	9.276	771954	7147901.00
2025/08/27	9.278	9.314	9.276	9.310	907738	8429595.00
2025/08/28	9.310	9.328	9.286	9.315	1022420	9515058.00
2025/08/29	9.380	9.429	9.324	9.407	2392228	22421770.00
2025/09/01	9.404	9.419	9.367	9.372	1424655	13373771.00
2025/09/02	9.372	9.411	9.313	9.396	1824955	17117828.00
2025/09/03	9.096	9.096	9.006	9.042	1139314	10303763.00
2025/09/04	9.059	9.100	9.042	9.060	1080996	9825379.00
2025/09/05	9.060	9.110	9.051	9.071	815041	7406086.00
2025/09/08	9.069	9.069	9.054	9.059	526297	4769627.00
2025/09/09	9.059	9.090	9.048	9.050	780217	7069712.00
2025/09/10	9.090	9.090	9.049	9.050	659065	5971176.00
2025/09/11	9.048	9.073	9.040	9.052	592111	5361434.50
2025/09/12	9.050	9.050	9.012	9.015	597209	5384678.50
2025/09/15	9.014	9.040	9.001	9.035	466683	4208667.00
2025/09/16	9.035	9.035	9.015	9.025	487137	4396548.00
2025/09/17	9.025	9.041	9.007	9.023	771985	6961844.50
2025/09/18	9.027	9.041	8.995	8.998	817900	7369922.00
2025/09/19	9.000	9.018	8.915	8.920	1312180	11753887.00
2025/09/22	8.919	8.937	8.845	8.850	991342	8801753.00
2025/09/23	8.850	8.884	8.842	8.865	823712	7298442.50
2025/09/24	8.865	8.889	8.864	8.865	723211	6413642.50
2025/09/25	8.863	8.884	8.826	8.830	884928	7831301.50
2025/09/26	8.832	8.850	8.830	8.839	746760	6604934.00
2025/09/29	8.845	8.860	8.845	8.848	723218	6399719.50
2025/09/30	8.848	8.889	8.830	8.846	1013724	8967156.00
2025/10/09	8.846	8.869	8.836	8.839	708087	6264958.50
2025/10/10	8.846	8.849	8.830	8.833	661165	5842865.00
2025/10/13	8.830	8.835	8.815	8.822	770110	6793999.00
2025/10/14	8.817	8.847	8.800	8.811	455184	4010798.50
2025/10/15	8.811	8.822	8.784	8.798	573164	5044807.00
2025/10/16	8.798	8.810	8.770	8.772	859285	7539691.50
2025/10/17	8.772	8.799	8.761	8.761	502421	4405439.50
2025/10/20	8.762	8.800	8.720	8.730	884428	7735005.50
2025/10/21	8.730	8.764	8.671	8.672	1370793	11897802.00
2025/10/22	8.672	8.699	8.672	8.682	956451	8304140.00
2025/10/23	8.682	8.760	8.681	8.690	1063956	9257242.00
2025/10/24	8.690	8.823	8.690	8.797	857776	7521213.00
2025/10/27	8.797	8.825	8.704	8.742	695838	6091806.00
2025/10/28	8.742	8.803	8.735	8.778	1510341	13264418.00
2025/10/29	8.784	8.809	8.767	8.800	832909	7327975.00
2025/10/30	8.808	8.850	8.800	8.850	917603	8100686.00
2025/10/31	8.860	8.860	8.798	8.809	436030	3845582.25
2025/11/03	8.803	8.850	8.789	8.811	815453	7193239.50
2025/11/04	8.810	8.846	8.786	8.811	698737	6146264.50
2025/11/05	8.811	8.849	8.800	8.837	739592	6536552.50
2025/11/06	8.837	8.859	8.818	8.849	808178	7146946.50
2025/11/07	8.819	8.858	8.818	8.848	1100970	9740871.00
2025/11/10	8.848	8.868	8.838	8.841	891027	7886242.50
2025/11/11	8.847	8.850	8.823	8.835	775555	6856463.00
2025/11/12	8.835	8.856	8.808	8.823	684821	6049078.00
2025/11/13	8.823	8.847	8.807	8.833	488893	4315523.50
2025/11/14	8.841	8.872	8.815	8.870	328864	2909504.75
2025/11/17	8.871	8.871	8.833	8.862	760554	6743252.00
2025/11/18	8.866	8.890	8.850	8.890	919574	8159208.50
2025/11/19	8.890	8.990	8.880	8.990	1247745	11172458.00
2025/11/20	8.990	8.990	8.925	8.950	854949	7644618.00
2025/11/21	8.974	8.979	8.902	8.915	938338	8364470.50
2025/11/24	8.915	8.950	8.806	8.814	922596	8169760.50
2025/11/25	8.849	8.849	8.750	8.810	1098175	9674350.00
2025/11/26	8.799	8.845	8.798	8.830	815279	7186582.50
2025/11/27	8.811	8.834	8.801	8.820	839206	7402724.00
2025/11/28	8.820	8.842	8.803	8.828	807799	7127647.50
2025/12/01	8.826	8.838	8.802	8.807	639064	5631060.00
2025/12/02	8.806	8.807	8.763	8.769	650108	5713247.00
2025/12/03	8.769	8.806	8.762	8.771	231673	2032839.50
2025/12/04	8.771	8.812	8.761	8.767	423541	3713840.25
2025/12/05	8.767	8.788	8.760	8.769	669070	5862310.00
2025/12/08	8.768	8.784	8.738	8.745	798801	6999184.00
2025/12/09	8.745	8.753	8.690	8.695	542550	4723817.00
2025/12/10	8.680	8.728	8.671	8.694	424985	3693088.25
2025/12/11	8.694	8.710	8.685	8.695	566504	4922912.50
2025/12/12	8.695	8.700	8.680	8.691	1103312	9592280.00
2025/12/15	8.680	8.698	8.591	8.599	434148	3749519.00
2025/12/16	8.598	8.598	8.412	8.472	995548	8444245.00
2025/12/17	8.475	8.524	8.410	8.437	991159	8400152.00
2025/12/18	8.437	8.438	8.365	8.368	1109216	9329051.00
2025/12/19	8.368	8.420	8.222	8.230	1528332	12618269.00
2025/12/22	8.245	8.291	8.220	8.231	955399	7876774.50
2025/12/23	8.278	8.278	8.171	8.175	1136676	9346146.00
2025/12/24	8.070	8.070	7.896	8.030	2141142	17025602.00
2025/12/25	8.040	8.154	7.997	8.140	1413698	11440665.00
2025/12/26	8.140	8.167	8.051	8.070	1142629	9227135.00
2025/12/29	8.070	8.070	7.982	8.008	828085	6635163.00
2025/12/30	8.005	8.033	7.970	8.030	919690	7352019.00
2025/12/31	8.030	8.030	7.985	8.026	503942	4034469.25
2026/01/05	8.029	8.078	8.029	8.071	595022	4801603.50
2026/01/06	8.072	8.087	8.030	8.047	1076699	8661800.00
2026/01/07	8.047	8.066	8.025	8.050	1506332	12108404.00
2026/01/08	8.049	8.065	8.045	8.061	1709364	13777331.00
2026/01/09	8.062	8.089	8.048	8.053	1053752	8500418.00
2026/01/12	8.052	8.055	8.002	8.051	1073109	8606312.00
2026/01/13	8.049	8.056	8.045	8.051	2131183	17159346.00
2026/01/14	8.051	8.056	8.042	8.051	585015	4709596.00
2026/01/15	8.053	8.062	8.043	8.049	1201587	9673598.00
2026/01/16	8.050	8.057	8.048	8.055	1164012	9371453.00
2026/01/19	8.056	8.056	8.046	8.050	1289298	10379613.00
2026/01/20	8.050	8.062	8.040	8.050	1225961	9872343.00
2026/01/21	8.050	8.060	8.049	8.051	801329	6453263.00
2026/01/22	8.051	8.126	8.051	8.086	1343680	10878572.00
2026/01/23	8.086	8.127	8.051	8.118	2974837	24082824.00
2026/01/26	8.117	8.117	8.078	8.091	1551889	12561921.00
2026/01/27	8.092	8.114	8.061	8.100	2489519	20158378.00
2026/01/28	8.098	8.110	8.086	8.105	2018926	16352129.00
2026/01/29	8.128	8.128	8.101	8.115	1528509	12392178.00
2026/01/30	8.116	8.128	8.101	8.110	900477	7306928.00
2026/02/02	8.106	8.106	8.020	8.021	963712	7760589.50
2026/02/03	8.021	8.073	8.007	8.054	1559721	12560597.00
2026/02/04	8.050	8.085	8.050	8.077	1156959	9342051.00
2026/02/05	8.072	8.074	8.052	8.068	1581424	12749194.00
2026/02/06	8.081	8.081	8.053	8.059	499835	4028209.00
2026/02/09	8.059	8.080	8.059	8.060	726420	5856299.50
2026/02/10	8.062	8.066	8.054	8.065	957780	7723153.00
2026/02/11	8.065	8.113	8.065	8.105	708253	5734233.00
2026/02/12	8.105	8.109	8.073	8.105	884505	7163950.00
2026/02/13	8.105	8.110	8.082	8.108	527708	4276070.50
2026/02/24	8.101	8.135	8.100	8.110	584140	4742189.00
2026/02/25	8.100	8.120	8.092	8.120	1085754	8808800.00
2026/02/26	8.121	8.121	8.108	8.112	614325	4984523.50
2026/02/27	8.111	8.128	8.067	8.070	1288624	10431424.00
2026/03/02	8.069	8.081	8.026	8.080	1528572	12339944.00
2026/03/03	8.079	8.085	8.061	8.082	1934265	15619489.00
2026/03/04	8.081	8.109	8.060	8.103	1999534	16171307.00
2026/03/05	8.103	8.127	8.082	8.120	1867095	15141333.00
2026/03/06	8.120	8.126	8.101	8.122	721059	5852533.00
2026/03/09	8.121	8.122	8.085	8.099	1566155	12685644.00
2026/03/10	8.105	8.120	8.095	8.100	1176813	9539080.00
2026/03/11	8.100	8.106	8.073	8.094	1084287	8773830.00
2026/03/12	8.090	8.096	8.081	8.093	1285545	10403857.00
2026/03/13	8.097	8.130	8.091	8.120	939090	7612139.00
2026/03/16	8.127	8.132	8.088	8.097	799612	6485174.00
2026/03/17	8.096	8.119	8.092	8.100	1438530	11655920.00
2026/03/18	8.100	8.137	8.100	8.123	1581097	12842101.00
2026/03/19	8.123	8.144	8.111	8.131	759292	6174253.00
2026/03/20	8.125	8.200	8.100	8.186	1749147	14292472.00
2026/03/23	8.186	8.204	8.110	8.140	2316856	18866408.00
2026/03/24	8.136	8.160	8.124	8.136	4825401	39294044.00
2026/04/03	8.179	8.179	8.141	8.151	518824	4228167.00
#Ъ§ОнРДдД:ЭЈДяаХ
