180105 взЗНДяЙуПЊВњдАRE ШеЯп ВЛИДШЈ
      ШеЦк	    ПЊХЬ	    зюИп	    зюЕЭ	    ЪеХЬ	    ГЩНЛСП	    ГЩНЛЖю
2024/09/23	2.580	2.585	2.450	2.574	19168643	48944444.00
2024/09/24	2.519	2.542	2.500	2.520	1805926	4557476.00
2024/09/25	2.503	2.519	2.450	2.515	2800828	6952590.50
2024/09/26	2.485	2.495	2.470	2.481	1205147	2990269.25
2024/09/27	2.482	2.482	2.411	2.431	5076747	12387501.00
2024/09/30	2.400	2.400	2.206	2.368	3862382	9061495.00
2024/10/08	2.356	2.386	2.330	2.375	3289714	7803374.50
2024/10/09	2.350	2.371	2.330	2.369	1918817	4522415.00
2024/10/10	2.369	2.391	2.337	2.390	1136532	2675051.50
2024/10/11	2.380	2.404	2.351	2.404	801370	1917802.75
2024/10/14	2.402	2.402	2.379	2.390	405852	969858.25
2024/10/15	2.379	2.379	2.345	2.351	1484212	3497761.50
2024/10/16	2.346	2.362	2.334	2.351	787008	1844731.00
2024/10/17	2.338	2.351	2.330	2.350	2455190	5748248.00
2024/10/18	2.339	2.348	2.335	2.345	668574	1565913.50
2024/10/21	2.336	2.349	2.336	2.343	313994	736255.19
2024/10/22	2.332	2.398	2.332	2.390	2859878	6821421.50
2024/10/23	2.398	2.398	2.371	2.384	2154938	5128913.50
2024/10/24	2.376	2.399	2.376	2.386	311319	742119.31
2024/10/25	2.378	2.600	2.337	2.373	2548175	6098631.50
2024/10/28	2.338	2.380	2.338	2.350	1958020	4620039.00
2024/10/29	2.343	2.353	2.341	2.346	1254197	2940137.00
2024/10/30	2.341	2.346	2.332	2.340	1958156	4582278.50
2024/10/31	2.362	2.362	2.335	2.342	418673	980728.00
2024/11/01	2.342	2.342	2.332	2.334	820900	1917863.63
2024/11/04	2.331	2.341	2.326	2.333	999723	2330910.00
2024/11/05	2.330	2.336	2.323	2.328	1474471	3433979.25
2024/11/06	2.332	2.332	2.318	2.321	695539	1615440.50
2024/11/07	2.321	2.330	2.321	2.326	822939	1914924.75
2024/11/08	2.329	2.333	2.313	2.314	763669	1775203.88
2024/11/11	2.301	2.328	2.300	2.326	904234	2094949.38
2024/11/12	2.325	2.338	2.308	2.319	1117131	2600242.75
2024/11/13	2.307	2.355	2.307	2.349	1948852	4548249.00
2024/11/14	2.338	2.373	2.337	2.371	710135	1676122.38
2024/11/15	2.372	2.376	2.352	2.360	269311	637275.94
2024/11/18	2.361	2.365	2.358	2.358	308144	726743.94
2024/11/19	2.351	2.365	2.351	2.363	607808	1435106.00
2024/11/20	2.355	2.362	2.355	2.357	385900	909981.81
2024/11/21	2.351	2.361	2.351	2.353	2007408	4726655.00
2024/11/22	2.347	2.356	2.332	2.332	404300	946717.50
2024/11/25	2.332	2.332	2.303	2.330	452455	1047107.44
2024/11/26	2.327	2.330	2.316	2.330	408400	949313.31
2024/11/27	2.311	2.350	2.311	2.340	1165681	2722931.50
2024/11/28	2.340	2.351	2.323	2.346	637104	1492041.38
2024/11/29	2.326	2.337	2.326	2.331	59912	139817.02
2024/12/02	2.342	2.353	2.321	2.352	436506	1020552.50
2024/12/03	2.353	2.359	2.336	2.351	299791	703653.88
2024/12/04	2.354	2.358	2.336	2.352	1911481	4490276.50
2024/12/05	2.331	2.368	2.331	2.355	1658741	3910241.50
2024/12/06	2.335	2.358	2.335	2.356	1072208	2520900.00
2024/12/09	2.356	2.375	2.344	2.350	532011	1249364.75
2024/12/10	2.380	2.380	2.340	2.351	375838	883504.63
2024/12/11	2.342	2.368	2.341	2.352	764704	1799488.63
2024/12/12	2.361	2.361	2.344	2.356	2951991	6944930.50
2024/12/13	2.347	2.359	2.347	2.355	411355	968945.38
2024/12/16	2.355	2.361	2.349	2.350	1561707	3676144.75
2024/12/17	2.353	2.353	2.345	2.345	2181412	5125972.50
2024/12/18	2.349	2.352	2.340	2.345	1613359	3784183.00
2024/12/19	2.344	2.350	2.343	2.345	192366	451187.19
2024/12/20	2.346	2.350	2.346	2.350	179942	422799.88
2024/12/23	2.349	2.357	2.347	2.356	1200581	2822592.75
2024/12/24	2.381	2.381	2.334	2.351	929441	2185401.25
2024/12/25	2.344	2.364	2.344	2.352	2512583	5915712.00
2024/12/26	2.350	2.360	2.349	2.352	474004	1115321.00
2024/12/27	2.352	2.360	2.350	2.350	501171	1179597.75
2024/12/30	2.350	2.377	2.350	2.366	1921500	4546761.50
2024/12/31	2.356	2.369	2.352	2.364	379804	896521.25
2025/01/02	2.365	2.395	2.353	2.370	2779820	6603180.00
2025/01/03	2.372	2.458	2.358	2.457	4875613	11868338.00
2025/01/06	2.460	2.506	2.419	2.476	7475253	18525678.00
2025/01/07	2.470	2.470	2.376	2.422	2299216	5545449.00
2025/01/08	2.383	2.468	2.383	2.461	5326260	13048623.00
2025/01/09	2.453	2.485	2.431	2.485	3591308	8880368.00
2025/01/10	2.485	2.500	2.460	2.500	5634967	14019018.00
2025/01/13	2.483	2.514	2.428	2.446	3724340	9249048.00
2025/01/14	2.430	2.452	2.399	2.408	2096908	5087355.00
2025/01/15	2.408	2.464	2.398	2.456	2351204	5741937.50
2025/01/16	2.443	2.462	2.438	2.462	874720	2148487.75
2025/01/17	2.447	2.455	2.437	2.439	1324200	3239140.25
2025/01/20	2.424	2.458	2.424	2.457	1796916	4384929.00
2025/01/21	2.448	2.464	2.434	2.462	3569710	8776423.00
2025/01/22	2.462	2.476	2.452	2.473	955408	2354604.75
2025/01/23	2.459	2.489	2.458	2.473	1628631	4018389.50
2025/01/24	2.457	2.506	2.457	2.501	1067204	2650315.00
2025/01/27	2.489	2.545	2.489	2.538	1688389	4267403.50
2025/02/05	2.540	2.543	2.483	2.506	9921691	24881976.00
2025/02/06	2.501	2.510	2.481	2.489	2406090	5997652.50
2025/02/07	2.482	2.525	2.482	2.522	2207361	5521364.00
2025/02/10	2.546	2.546	2.502	2.536	1531119	3865902.75
2025/02/11	2.521	2.583	2.521	2.572	2336995	5992575.00
2025/02/12	2.572	2.590	2.572	2.586	1953404	5051345.50
2025/02/13	2.585	2.585	2.565	2.565	2265792	5837856.50
2025/02/14	2.564	2.577	2.550	2.552	1754673	4498643.00
2025/02/17	2.551	2.599	2.540	2.594	3091959	7991993.50
2025/02/18	2.585	2.605	2.583	2.593	1484767	3850680.00
2025/02/19	2.592	2.592	2.560	2.578	1093091	2810726.50
2025/02/20	2.567	2.575	2.550	2.550	1159137	2968642.50
2025/02/21	2.549	2.560	2.541	2.542	426998	1089322.88
2025/02/24	2.549	2.549	2.488	2.488	704300	1773451.38
2025/02/25	2.494	2.502	2.453	2.456	2318908	5725634.50
2025/02/26	2.461	2.477	2.452	2.453	2678104	6617272.50
2025/02/27	2.455	2.491	2.446	2.473	2300911	5654303.50
2025/02/28	2.457	2.472	2.450	2.458	1798334	4427841.00
2025/03/03	2.470	2.476	2.454	2.455	836007	2056569.50
2025/03/04	2.457	2.496	2.449	2.496	2073500	5124451.00
2025/03/05	2.464	2.525	2.464	2.510	1677911	4208908.50
2025/03/06	2.492	2.530	2.492	2.504	3383004	8494651.00
2025/03/07	2.492	2.537	2.480	2.524	2383300	5966624.50
2025/03/10	2.524	2.542	2.520	2.523	1084039	2736019.75
2025/03/11	2.511	2.534	2.510	2.521	2647400	6674510.00
2025/03/12	2.515	2.525	2.508	2.522	2642228	6661394.00
2025/03/13	2.510	2.535	2.509	2.530	1932426	4880564.00
2025/03/14	2.512	2.554	2.512	2.554	1402218	3552212.00
2025/03/17	2.560	2.560	2.540	2.544	451207	1150468.63
2025/03/18	2.544	2.544	2.510	2.529	1014323	2560452.50
2025/03/19	2.521	2.559	2.516	2.548	1454923	3693482.00
2025/03/20	2.548	2.574	2.540	2.562	1858306	4749524.50
2025/03/21	2.549	2.568	2.549	2.563	1025423	2619057.25
2025/03/24	2.563	2.569	2.551	2.569	863812	2212349.25
2025/03/25	2.559	2.572	2.559	2.567	973464	2498245.25
2025/03/26	2.560	2.574	2.555	2.574	1030088	2643809.25
2025/03/27	2.561	2.578	2.561	2.575	434700	1118990.75
2025/03/28	2.576	2.577	2.561	2.570	2733697	7031391.00
2025/03/31	2.563	2.564	2.500	2.546	918400	2326608.50
2025/04/01	2.545	2.545	2.512	2.528	677904	1715958.00
2025/04/02	2.521	2.550	2.510	2.544	764873	1934995.25
2025/04/03	2.521	2.558	2.521	2.558	643904	1640950.38
2025/04/07	2.541	2.541	2.400	2.509	842167	2106299.25
2025/04/08	2.485	2.507	2.476	2.505	651008	1626471.25
2025/04/09	2.489	2.560	2.488	2.560	728004	1825522.50
2025/04/10	2.560	2.593	2.555	2.579	2469684	6369820.50
2025/04/11	2.567	2.579	2.567	2.575	1053575	2714589.75
2025/04/14	2.566	2.570	2.553	2.566	1092295	2798211.00
2025/04/15	2.547	2.547	2.490	2.505	892222	2233526.25
2025/04/16	2.505	2.511	2.500	2.506	427726	1071018.38
2025/04/17	2.491	2.536	2.485	2.516	770958	1929551.63
2025/04/18	2.506	2.526	2.503	2.525	812459	2044881.50
2025/04/21	2.515	2.523	2.476	2.493	642300	1601201.13
2025/04/22	2.494	2.494	2.440	2.450	1328300	3263732.25
2025/04/23	2.441	2.458	2.441	2.450	117004	286673.41
2025/04/24	2.450	2.453	2.436	2.442	730300	1783662.50
2025/04/25	2.441	2.450	2.424	2.429	521600	1270841.13
2025/04/28	2.429	2.436	2.410	2.420	476200	1153427.00
2025/04/29	2.420	2.450	2.420	2.440	218900	535224.50
2025/04/30	2.431	2.458	2.423	2.439	399200	975088.38
2025/05/06	2.429	2.435	2.422	2.430	542715	1317770.13
2025/05/07	2.422	2.453	2.422	2.434	1369300	3340785.75
2025/05/08	2.444	2.478	2.426	2.426	1376577	3360672.75
2025/05/09	2.422	2.437	2.410	2.417	3074918	7450178.50
2025/05/12	2.408	2.425	2.408	2.417	2426700	5863108.00
2025/05/13	2.419	2.426	2.411	2.421	902904	2184907.50
2025/05/14	2.417	2.429	2.415	2.422	520904	1261440.13
2025/05/15	2.419	2.426	2.410	2.411	418000	1009105.00
2025/05/16	2.412	2.419	2.400	2.410	839400	2019311.88
2025/05/19	2.407	2.418	2.400	2.404	1446308	3478989.75
2025/05/20	2.404	2.427	2.400	2.408	2345404	5649591.50
2025/05/21	2.418	2.449	2.407	2.434	1716704	4181218.50
2025/05/22	2.436	2.443	2.425	2.443	345704	840874.94
2025/05/23	2.433	2.443	2.398	2.400	2907400	6999652.00
2025/05/26	2.393	2.414	2.376	2.414	1341104	3218671.00
2025/05/27	2.418	2.418	2.393	2.411	1309004	3145285.50
2025/05/28	2.414	2.415	2.404	2.412	388108	935945.25
2025/05/29	2.401	2.411	2.400	2.410	198525	477690.38
2025/05/30	2.403	2.441	2.403	2.410	468400	1131519.25
2025/06/03	2.400	2.416	2.398	2.400	776804	1864416.25
2025/06/04	2.402	2.453	2.399	2.435	2820500	6820425.00
2025/06/05	2.440	2.459	2.425	2.453	1451704	3547838.25
2025/06/06	2.460	2.476	2.427	2.465	3933379	9651144.00
2025/06/09	2.459	2.459	2.435	2.449	1326600	3241510.00
2025/06/10	2.440	2.458	2.440	2.458	717671	1760973.75
2025/06/11	2.451	2.465	2.435	2.454	812304	1986815.25
2025/06/12	2.449	2.452	2.441	2.445	184611	451569.88
2025/06/13	2.441	2.460	2.441	2.459	949800	2328335.25
2025/06/16	2.459	2.476	2.451	2.475	1164104	2873332.00
2025/06/17	2.478	2.480	2.454	2.470	1221300	3009118.50
2025/06/18	2.470	2.482	2.470	2.472	407812	1009802.81
2025/06/19	2.479	2.479	2.456	2.472	838100	2066472.50
2025/06/20	2.466	2.503	2.466	2.503	1178288	2933255.75
2025/06/23	2.503	2.516	2.480	2.487	269882	673382.06
2025/06/24	2.489	2.490	2.450	2.476	1160273	2862146.00
2025/06/25	2.467	2.472	2.449	2.464	105900	260542.09
2025/06/26	2.460	2.471	2.457	2.465	49400	121878.80
2025/06/27	2.458	2.469	2.440	2.441	674400	1651950.88
2025/06/30	2.440	2.451	2.440	2.450	575300	1406280.25
2025/07/01	2.444	2.454	2.444	2.454	20100	49292.70
2025/07/02	2.462	2.477	2.450	2.470	499700	1231751.25
2025/07/03	2.465	2.472	2.464	2.465	102704	253352.06
2025/07/04	2.459	2.468	2.459	2.465	145504	358410.25
2025/07/07	2.458	2.463	2.384	2.394	8658126	20798850.00
2025/07/08	2.387	2.392	2.378	2.388	1441400	3435710.00
2025/07/09	2.390	2.390	2.371	2.388	866500	2062558.63
2025/07/10	2.390	2.390	2.379	2.383	757700	1804585.50
2025/07/11	2.384	2.387	2.374	2.382	181200	431017.81
2025/07/14	2.382	2.389	2.374	2.381	935282	2227357.00
2025/07/15	2.374	2.388	2.373	2.388	686204	1634347.38
2025/07/16	2.381	2.406	2.380	2.405	639000	1531676.88
2025/07/17	2.399	2.406	2.396	2.402	343000	824004.00
2025/07/18	2.402	2.408	2.400	2.404	644804	1550889.38
2025/07/21	2.394	2.400	2.375	2.376	349804	833697.44
2025/07/22	2.380	2.383	2.372	2.376	206610	491029.91
2025/07/23	2.372	2.379	2.366	2.369	1004387	2382401.50
2025/07/24	2.363	2.392	2.363	2.392	632200	1504476.75
2025/07/25	2.382	2.383	2.375	2.377	193200	459257.09
2025/07/28	2.379	2.406	2.372	2.404	1188504	2839309.00
2025/07/29	2.407	2.410	2.389	2.404	542710	1304264.88
2025/07/30	2.395	2.410	2.395	2.409	254141	610876.56
2025/07/31	2.400	2.451	2.395	2.444	1478820	3606677.75
2025/08/01	2.434	2.440	2.416	2.440	823600	1998508.25
2025/08/04	2.431	2.437	2.422	2.430	244200	592783.63
2025/08/05	2.421	2.454	2.421	2.453	752683	1838459.25
2025/08/06	2.443	2.470	2.441	2.468	697204	1714805.00
2025/08/07	2.468	2.472	2.425	2.470	1583600	3883651.75
2025/08/08	2.460	2.495	2.430	2.478	1160063	2867498.00
2025/08/11	2.468	2.488	2.467	2.477	135500	335715.41
2025/08/12	2.478	2.478	2.448	2.472	1177904	2900336.75
2025/08/13	2.474	2.485	2.455	2.467	599015	1479105.25
2025/08/14	2.457	2.470	2.447	2.464	414163	1018902.56
2025/08/15	2.454	2.476	2.441	2.448	80729	197694.28
2025/08/18	2.440	2.440	2.370	2.387	1931585	4614064.00
2025/08/19	2.376	2.384	2.350	2.375	1461904	3462096.50
2025/08/20	2.362	2.410	2.362	2.380	656500	1566331.25
2025/08/21	2.363	2.395	2.362	2.394	1289343	3058331.75
2025/08/22	2.388	2.398	2.371	2.380	1070100	2550071.50
2025/08/25	2.376	2.386	2.368	2.382	1554300	3687746.50
2025/08/26	2.382	2.408	2.379	2.407	941114	2251171.75
2025/08/27	2.394	2.404	2.380	2.389	928619	2218672.25
2025/08/28	2.368	2.388	2.368	2.374	336704	800614.00
2025/08/29	2.390	2.453	2.390	2.442	1420970	3444479.00
2025/09/01	2.440	2.448	2.415	2.437	1880604	4575624.00
2025/09/02	2.423	2.439	2.420	2.421	1173126	2852073.25
2025/09/03	2.370	2.371	2.350	2.370	458400	1084256.38
2025/09/04	2.371	2.380	2.363	2.368	674800	1600808.13
2025/09/05	2.368	2.373	2.368	2.370	385287	913020.19
2025/09/08	2.368	2.371	2.353	2.355	327200	772536.31
2025/09/09	2.360	2.360	2.342	2.354	747300	1758222.63
2025/09/10	2.363	2.363	2.336	2.345	352300	825538.13
2025/09/11	2.340	2.341	2.329	2.330	332800	777426.69
2025/09/12	2.305	2.345	2.305	2.315	1555825	3601703.25
2025/09/15	2.316	2.325	2.316	2.322	312375	724001.06
2025/09/16	2.332	2.332	2.315	2.318	262629	609588.69
2025/09/17	2.316	2.326	2.315	2.326	228224	528541.50
2025/09/18	2.314	2.326	2.313	2.315	221753	513910.94
2025/09/19	2.315	2.315	2.303	2.305	453404	1045911.31
2025/09/22	2.313	2.319	2.299	2.319	348600	804315.81
2025/09/23	2.323	2.323	2.293	2.300	642800	1479165.25
2025/09/24	2.294	2.299	2.291	2.294	165373	379388.34
2025/09/25	2.283	2.291	2.266	2.270	1532100	3492085.00
2025/09/26	2.271	2.271	2.246	2.247	2625200	5914966.50
2025/09/29	2.248	2.248	2.221	2.230	978013	2174423.00
2025/09/30	2.233	2.233	2.219	2.223	138600	308181.41
2025/10/09	2.223	2.269	2.223	2.257	323284	723912.81
2025/10/10	2.260	2.272	2.255	2.266	470166	1065809.25
2025/10/13	2.260	2.295	2.242	2.281	1125183	2568145.50
2025/10/14	2.293	2.313	2.255	2.282	1182100	2692644.00
2025/10/15	2.279	2.296	2.265	2.267	658100	1494390.63
2025/10/16	2.267	2.267	2.208	2.215	1990266	4417826.00
2025/10/17	2.216	2.224	2.203	2.203	366000	811207.13
2025/10/20	2.213	2.213	2.194	2.200	574239	1262877.63
2025/10/21	2.200	2.201	2.161	2.178	1124500	2439093.75
2025/10/22	2.163	2.189	2.159	2.183	2332500	5072882.00
2025/10/23	2.173	2.183	2.160	2.181	1293700	2802318.50
2025/10/24	2.181	2.181	2.165	2.174	937907	2036091.50
2025/10/27	2.174	2.177	2.153	2.153	579100	1251389.38
2025/10/28	2.130	2.179	2.130	2.175	2072249	4488896.50
2025/10/29	2.175	2.186	2.136	2.155	1390800	2992007.50
2025/10/30	2.155	2.155	2.098	2.098	2214800	4688590.50
2025/10/31	2.097	2.106	2.079	2.083	1573404	3287033.25
2025/11/03	2.079	2.079	2.020	2.026	2191000	4465002.50
2025/11/04	2.022	2.023	1.945	1.979	5416407	10738848.00
2025/11/05	1.954	1.975	1.939	1.964	6432900	12542594.00
2025/11/06	1.964	1.964	1.945	1.949	3039989	5928904.00
2025/11/07	1.950	1.961	1.932	1.937	3475525	6751477.00
2025/11/10	1.938	1.938	1.913	1.924	4931989	9494077.00
2025/11/11	1.925	1.949	1.917	1.949	1391664	2689584.00
2025/11/12	1.949	1.949	1.919	1.923	2692900	5208144.00
2025/11/13	1.922	1.930	1.913	1.918	1635700	3134873.00
2025/11/14	1.915	1.927	1.910	1.914	3603304	6906466.00
2025/11/17	1.914	1.915	1.870	1.903	2194496	4167969.25
2025/11/18	1.899	1.899	1.873	1.882	3465404	6528491.00
2025/11/19	1.882	1.882	1.861	1.871	2151800	4017990.25
2025/11/20	1.866	1.871	1.861	1.868	1378400	2571743.75
2025/11/21	1.868	1.873	1.857	1.865	720700	1340861.63
2025/11/24	1.863	1.867	1.861	1.865	745600	1388748.75
2025/11/25	1.870	1.887	1.867	1.882	1962011	3675966.75
2025/11/26	1.880	1.890	1.873	1.885	943000	1771455.38
2025/11/27	1.875	1.887	1.870	1.877	810800	1522889.38
2025/11/28	1.874	1.888	1.873	1.880	1040704	1953370.63
2025/12/01	1.881	1.884	1.870	1.880	739917	1388828.38
2025/12/02	1.878	1.884	1.873	1.873	587300	1103206.25
2025/12/03	1.873	1.878	1.869	1.871	234600	439124.31
2025/12/04	1.873	1.878	1.868	1.877	754800	1414942.00
2025/12/05	1.875	1.882	1.873	1.880	561500	1054377.25
2025/12/08	1.880	1.902	1.880	1.884	1705911	3221743.00
2025/12/09	1.884	1.889	1.868	1.877	721600	1352197.13
2025/12/10	1.874	1.882	1.871	1.879	765800	1436934.75
2025/12/11	1.879	1.879	1.869	1.869	511900	958856.13
2025/12/12	1.869	1.876	1.869	1.872	195500	366130.09
2025/12/15	1.870	1.875	1.837	1.845	2344135	4328540.00
2025/12/16	1.845	1.848	1.820	1.829	566339	1037430.38
2025/12/17	1.837	1.837	1.824	1.831	401273	733923.63
2025/12/18	1.835	1.835	1.821	1.822	362239	660195.31
2025/12/19	1.822	1.822	1.807	1.813	1021510	1849305.63
2025/12/22	1.807	1.810	1.802	1.810	763504	1378741.25
2025/12/23	1.808	1.815	1.800	1.803	1480096	2669052.00
2025/12/24	1.803	1.853	1.803	1.853	1795834	3290079.75
2025/12/25	1.841	1.885	1.840	1.884	2576800	4817849.00
2025/12/26	1.883	1.890	1.870	1.880	1147600	2158614.25
2025/12/29	1.876	1.897	1.870	1.877	1017400	1915711.75
2025/12/30	1.872	1.894	1.867	1.887	2476900	4662018.00
2025/12/31	1.889	1.899	1.874	1.891	2702900	5112096.50
2026/01/05	1.893	1.895	1.887	1.891	675248	1276910.25
2026/01/06	1.889	1.910	1.880	1.909	2085644	3956435.00
2026/01/07	1.907	1.930	1.893	1.930	3565819	6816979.50
2026/01/08	1.910	1.952	1.910	1.950	3248504	6308521.50
2026/01/09	1.947	1.963	1.925	1.935	1933500	3752992.50
2026/01/12	1.930	1.940	1.914	1.933	1926912	3715572.00
2026/01/13	1.933	1.943	1.920	1.942	1560211	3024827.50
2026/01/14	1.941	1.945	1.938	1.943	941919	1829732.25
2026/01/15	1.943	1.948	1.931	1.948	1276400	2473600.75
2026/01/16	1.948	1.949	1.934	1.943	1013519	1966812.63
2026/01/19	1.935	1.945	1.928	1.943	1279900	2483265.50
2026/01/20	1.940	1.950	1.928	1.946	1959804	3808183.25
2026/01/21	1.947	1.953	1.937	1.947	1389094	2706087.25
2026/01/22	1.941	1.944	1.927	1.942	4021404	7785561.00
2026/01/23	1.932	1.938	1.928	1.928	1152204	2226735.25
2026/01/26	1.930	1.930	1.897	1.897	2365504	4514431.50
2026/01/27	1.897	1.900	1.840	1.847	3586800	6666821.50
2026/01/28	1.840	1.853	1.840	1.846	1169000	2157955.00
2026/01/29	1.846	1.856	1.832	1.856	3184100	5872798.50
2026/01/30	1.851	1.860	1.828	1.831	1446000	2657952.50
2026/02/02	1.835	1.835	1.820	1.823	613404	1119475.13
2026/02/03	1.826	1.826	1.816	1.819	939800	1708886.88
2026/02/04	1.822	1.838	1.817	1.830	1944200	3554786.25
2026/02/05	1.837	1.837	1.819	1.821	745000	1358263.63
2026/02/06	1.822	1.828	1.817	1.817	1273900	2318331.25
2026/02/09	1.818	1.820	1.801	1.805	1564618	2833714.75
2026/02/10	1.806	1.814	1.801	1.803	1139700	2055817.13
2026/02/11	1.802	1.810	1.802	1.809	1930700	3491187.00
2026/02/12	1.812	1.812	1.803	1.805	919900	1661311.13
2026/02/13	1.806	1.812	1.802	1.810	432100	781381.38
2026/02/24	1.811	1.811	1.807	1.810	645500	1168020.13
2026/02/25	1.810	1.811	1.808	1.809	520726	942240.44
2026/02/26	1.810	1.811	1.792	1.793	928404	1672622.38
2026/02/27	1.792	1.793	1.771	1.773	1070704	1907334.38
2026/03/02	1.774	1.777	1.764	1.764	773400	1367329.75
2026/03/03	1.765	1.765	1.762	1.763	643000	1133743.63
2026/03/04	1.763	1.763	1.738	1.740	671600	1175007.13
2026/03/05	1.742	1.745	1.737	1.740	454800	791799.63
2026/03/06	1.740	1.740	1.735	1.740	771200	1339355.75
2026/03/09	1.740	1.745	1.727	1.729	891800	1543358.13
2026/03/10	1.740	1.740	1.730	1.739	468810	814840.50
2026/03/11	1.738	1.738	1.729	1.730	342204	592815.81
2026/03/12	1.730	1.735	1.729	1.735	482700	835408.69
2026/03/13	1.743	1.743	1.738	1.743	473800	824850.50
2026/03/16	1.739	1.744	1.739	1.744	402400	701147.38
2026/03/17	1.745	1.745	1.739	1.741	410800	715422.13
2026/03/18	1.739	1.743	1.738	1.741	286900	499599.81
2026/03/19	1.735	1.748	1.735	1.745	215200	374478.91
2026/03/20	1.745	1.745	1.737	1.742	860473	1497610.38
2026/03/23	1.740	1.740	1.719	1.725	587300	1014850.88
2026/03/24	1.721	1.728	1.717	1.728	101100	174221.50
2026/04/03	1.769	1.769	1.755	1.761	840200	1479854.50
#Ъ§ОнРДдД:ЭЈДяаХ
