180402 ЙЄвјУЩФмЧхНрФмдД ШеЯп ВЛИДШЈ
      ШеЦк	    ПЊХЬ	    зюИп	    зюЕЭ	    ЪеХЬ	    ГЩНЛСП	    ГЩНЛЖю
2024/12/10	6.300	6.368	6.119	6.355	4702428	29249388.00
2024/12/11	6.350	6.520	6.241	6.495	2807231	18028004.00
2024/12/12	6.496	6.722	6.475	6.676	1739329	11574626.00
2024/12/13	6.670	6.750	6.636	6.739	2552825	17119886.00
2024/12/16	6.730	6.872	6.679	6.780	2402382	16178738.00
2024/12/17	6.791	6.866	6.686	6.720	1584118	10681007.00
2024/12/18	6.720	6.739	6.552	6.609	1479068	9794807.00
2024/12/19	6.598	6.606	6.405	6.560	848637	5542383.00
2024/12/20	6.522	6.665	6.522	6.605	853014	5638348.00
2024/12/23	6.601	6.665	6.601	6.644	1302297	8631512.00
2024/12/24	6.606	6.694	6.606	6.645	1220763	8120929.00
2024/12/25	6.621	6.650	6.621	6.640	1151884	7644647.00
2024/12/26	6.640	6.732	6.603	6.730	1077719	7206138.50
2024/12/27	6.730	6.980	6.690	6.809	834180	5675783.50
2024/12/30	6.769	6.878	6.769	6.806	1038110	7081746.00
2024/12/31	6.863	6.863	6.785	6.790	1144047	7781765.00
2025/01/02	6.750	6.845	6.750	6.793	861059	5856780.00
2025/01/03	6.793	6.937	6.793	6.934	1296280	8906086.00
2025/01/06	6.995	7.031	6.906	6.986	2024692	14165584.00
2025/01/07	6.946	6.995	6.818	6.830	1045606	7192476.00
2025/01/08	6.830	6.940	6.821	6.923	1003826	6880603.00
2025/01/09	6.923	6.996	6.919	6.955	1445977	10068080.00
2025/01/10	6.956	7.007	6.900	6.936	1147484	7968705.50
2025/01/13	6.937	6.989	6.840	6.866	417428	2887920.75
2025/01/14	6.832	6.968	6.800	6.803	215400	1467634.75
2025/01/15	6.800	6.831	6.603	6.772	1435306	9674959.00
2025/01/16	6.772	6.772	6.695	6.727	566485	3811770.25
2025/01/17	6.727	6.820	6.700	6.778	467643	3163165.25
2025/01/20	6.830	6.830	6.738	6.813	788800	5366570.00
2025/01/21	6.813	6.839	6.711	6.789	396228	2693156.50
2025/01/22	6.749	6.898	6.749	6.794	317190	2155685.75
2025/01/23	6.754	6.886	6.754	6.800	628629	4281662.50
2025/01/24	6.800	6.820	6.762	6.789	487451	3309473.00
2025/01/27	6.760	6.900	6.760	6.834	668780	4581812.50
2025/02/05	6.835	6.885	6.820	6.879	634893	4340523.00
2025/02/06	6.879	6.989	6.816	6.820	251672	1723400.00
2025/02/07	6.820	6.879	6.820	6.829	807815	5514808.50
2025/02/10	6.850	6.900	6.790	6.795	787953	5372969.00
2025/02/11	6.810	6.885	6.780	6.830	688178	4690608.00
2025/02/12	6.830	6.840	6.801	6.812	884306	6030018.50
2025/02/13	6.812	6.821	6.781	6.810	308582	2100044.75
2025/02/14	6.811	6.830	6.780	6.825	843843	5745011.00
2025/02/17	6.850	6.886	6.850	6.853	622045	4263197.50
2025/02/18	6.853	6.899	6.853	6.893	563855	3877880.25
2025/02/19	6.856	6.997	6.856	6.956	1061992	7349073.50
2025/02/20	6.956	7.095	6.920	6.978	997902	6972736.50
2025/02/21	6.998	7.020	6.988	7.001	1453067	10168603.00
2025/02/24	7.005	7.038	6.909	6.930	2208124	15388001.00
2025/02/25	6.930	6.951	6.900	6.948	1025756	7115610.50
2025/02/26	6.943	6.950	6.930	6.946	1114614	7735337.50
2025/02/27	6.999	6.999	6.921	6.935	830193	5760551.00
2025/02/28	6.936	6.953	6.873	6.900	1608790	11155529.00
2025/03/03	6.908	6.948	6.888	6.945	884297	6120781.50
2025/03/04	6.961	7.094	6.961	7.094	1120096	7849782.50
2025/03/05	7.093	7.238	7.055	7.229	1744310	12522861.00
2025/03/06	7.229	7.247	7.086	7.145	1147615	8229568.00
2025/03/07	7.105	7.396	7.105	7.360	1502310	10859975.00
2025/03/10	7.325	7.433	7.325	7.414	1460649	10813057.00
2025/03/11	7.413	8.154	7.390	7.414	741408	5520217.50
2025/03/12	7.385	7.490	7.385	7.402	742210	5509717.00
2025/03/13	7.362	8.100	7.300	7.344	896328	6606977.00
2025/03/14	7.345	7.385	7.305	7.327	966515	7073467.00
2025/03/17	7.348	7.392	7.329	7.386	1212358	8951085.00
2025/03/18	7.346	7.448	7.346	7.401	837214	6213815.00
2025/03/19	7.364	7.477	7.364	7.455	583414	4346269.00
2025/03/20	7.455	7.999	7.431	7.487	730364	5458921.00
2025/03/21	7.450	7.668	7.450	7.590	660932	4990173.00
2025/03/24	7.678	7.741	7.586	7.600	637539	4861150.00
2025/03/25	7.560	7.697	7.542	7.603	981512	7448803.50
2025/03/26	7.615	7.710	7.615	7.708	585865	4505794.50
2025/03/27	7.731	7.731	7.671	7.730	700806	5408762.50
2025/03/28	7.730	7.829	7.730	7.824	735520	5749020.50
2025/03/31	7.861	7.990	7.861	7.880	828497	6542075.00
2025/04/01	7.960	7.960	7.598	7.730	792112	6106119.50
2025/04/02	7.690	7.948	7.639	7.925	977010	7569157.00
2025/04/03	7.885	8.154	7.863	8.019	619683	4966792.50
2025/04/07	8.019	8.019	7.698	7.714	663106	5149067.00
2025/04/08	7.713	7.899	7.619	7.758	420875	3288809.00
2025/04/09	7.720	7.750	7.650	7.725	351765	2715999.00
2025/04/10	7.725	7.890	7.699	7.879	293385	2299032.00
2025/04/11	7.854	8.085	7.854	7.993	476721	3812435.00
2025/04/14	7.993	8.033	7.955	7.997	429023	3426653.00
2025/04/15	7.960	8.100	7.960	8.050	829629	6661783.00
2025/04/16	7.930	8.062	7.930	8.062	523416	4205697.50
2025/04/17	8.062	8.090	8.040	8.068	436036	3519770.25
2025/04/18	8.076	8.080	7.980	8.016	416962	3348925.00
2025/04/21	8.010	8.104	8.000	8.082	501903	4051451.50
2025/04/22	8.082	8.200	8.082	8.192	492332	4024435.50
2025/04/23	8.216	8.290	8.152	8.170	463330	3791892.25
2025/04/24	8.203	8.203	8.105	8.116	81327	661461.56
2025/04/25	8.100	8.108	7.992	8.004	290418	2326958.00
2025/04/28	8.004	8.025	7.860	7.863	444316	3503239.50
2025/04/29	7.841	7.841	7.611	7.659	799466	6174440.50
2025/04/30	7.659	7.659	7.505	7.604	972210	7375689.50
2025/05/06	7.590	7.820	7.590	7.820	401300	3085791.50
2025/05/07	7.780	7.900	7.780	7.844	434200	3407938.25
2025/05/08	7.867	7.876	7.819	7.819	191100	1495632.25
2025/05/09	7.850	7.890	7.819	7.890	402400	3164349.25
2025/05/12	7.912	7.922	7.858	7.865	471400	3711388.25
2025/05/13	7.896	7.928	7.874	7.880	199237	1573011.63
2025/05/14	7.912	7.930	7.886	7.898	440219	3475572.00
2025/05/15	7.930	7.948	7.870	7.870	359729	2842227.50
2025/05/16	7.851	7.933	7.851	7.915	554490	4391288.00
2025/05/19	7.893	7.925	7.893	7.915	578013	4574838.50
2025/05/20	7.930	8.030	7.920	8.000	640340	5101228.00
2025/05/21	8.034	8.122	7.981	8.090	705600	5682783.50
2025/05/22	8.136	8.136	8.060	8.090	294042	2378308.50
2025/05/23	8.058	8.116	8.032	8.093	499318	4024726.75
2025/05/26	8.061	8.250	8.053	8.244	561027	4591661.00
2025/05/27	8.240	8.297	8.240	8.288	1139922	9433509.00
2025/05/28	8.255	8.418	8.255	8.409	1300370	10854410.00
2025/05/29	8.408	8.408	8.228	8.350	678200	5633541.00
2025/05/30	8.310	8.460	8.310	8.420	529200	4456971.00
2025/06/03	8.422	8.460	8.370	8.401	963625	8126781.50
2025/06/04	8.435	8.493	8.435	8.493	1327700	11263346.00
2025/06/05	8.584	8.584	8.453	8.500	825368	7020380.50
2025/06/06	8.467	8.782	8.467	8.724	528697	4543104.00
2025/06/09	8.724	8.725	8.562	8.653	419800	3630101.25
2025/06/10	8.653	8.654	8.420	8.556	645594	5521331.00
2025/06/11	8.540	8.755	8.488	8.750	255496	2210258.25
2025/06/12	8.715	8.818	8.715	8.756	320400	2802877.25
2025/06/13	8.790	9.600	8.756	9.070	546309	4895440.50
2025/06/16	9.090	9.430	9.006	9.145	269800	2463934.00
2025/06/18	9.108	9.138	8.904	8.929	776532	6964185.50
2025/06/19	8.929	8.985	8.870	8.985	759100	6756751.50
2025/06/20	8.984	9.043	8.830	8.925	846303	7573159.50
2025/06/23	8.889	8.909	8.829	8.884	387100	3433675.50
2025/06/24	8.884	8.929	8.859	8.924	574230	5104359.50
2025/06/25	8.935	8.996	8.909	8.974	138800	1240578.50
2025/06/26	8.974	8.974	8.809	8.809	551745	4928701.50
2025/06/27	8.790	8.790	8.585	8.612	631592	5451341.00
2025/06/30	8.609	8.609	8.578	8.585	415706	3571810.25
2025/07/01	8.575	8.575	8.477	8.507	552668	4705410.50
2025/07/02	8.508	8.759	8.495	8.636	801850	6949400.00
2025/07/03	8.609	8.689	8.609	8.688	546020	4736924.50
2025/07/04	8.680	8.769	8.680	8.740	438612	3835493.25
2025/07/07	8.765	8.800	8.762	8.786	380700	3342073.50
2025/07/08	8.829	8.829	8.689	8.696	462500	4030508.00
2025/07/09	8.669	8.731	8.530	8.540	568414	4940978.00
2025/07/10	8.540	8.645	8.540	8.581	304800	2623520.50
2025/07/11	8.569	8.659	8.569	8.629	395600	3408466.25
2025/07/14	8.610	8.648	8.490	8.550	238619	2049355.38
2025/07/15	8.510	8.550	8.452	8.550	657651	5577307.00
2025/07/16	8.530	8.569	8.529	8.546	255400	2183418.75
2025/07/17	8.549	8.586	8.549	8.581	379908	3258264.50
2025/07/18	8.541	8.589	8.524	8.550	372330	3186580.25
2025/07/21	8.531	8.531	8.372	8.385	383428	3246341.50
2025/07/22	8.400	8.409	8.169	8.182	608051	5024476.00
2025/07/23	8.190	8.190	7.978	8.009	477449	3833684.00
2025/07/24	7.999	8.012	7.936	7.991	585158	4661256.50
2025/07/25	7.990	7.990	7.946	7.961	233462	1857793.63
2025/07/28	7.961	7.961	7.890	7.942	307004	2429948.00
2025/07/29	7.930	7.942	7.900	7.930	187300	1481328.38
2025/07/30	7.930	8.150	7.909	8.150	752739	6058571.50
2025/07/31	8.150	8.398	8.150	8.398	657700	5456660.00
2025/08/01	8.409	8.529	8.409	8.498	590228	5006309.00
2025/08/04	8.508	8.509	8.381	8.450	461780	3878556.75
2025/08/05	8.429	8.429	8.301	8.410	617116	5167499.00
2025/08/06	8.494	8.827	8.480	8.818	1058932	9256727.00
2025/08/07	8.783	8.970	8.560	8.868	1796711	16030794.00
2025/08/08	8.870	8.880	8.774	8.800	1815652	16014948.00
2025/08/11	8.170	8.170	7.676	7.940	1471923	11571550.00
2025/08/12	7.780	7.931	7.744	7.744	490373	3819771.75
2025/08/13	7.749	7.749	7.646	7.646	585500	4493082.50
2025/08/14	7.647	7.669	7.481	7.500	519816	3915301.75
2025/08/15	7.500	7.548	7.481	7.497	1117142	8407219.00
2025/08/18	7.480	7.527	7.396	7.400	455500	3389538.75
2025/08/19	7.390	7.395	7.256	7.266	1002644	7297353.50
2025/08/20	7.288	7.350	7.276	7.348	765236	5602125.00
2025/08/21	7.348	7.352	7.329	7.352	511014	3750859.50
2025/08/22	7.352	7.519	7.340	7.509	407200	3013687.50
2025/08/25	7.509	7.510	7.405	7.409	704950	5262244.50
2025/08/26	7.409	7.450	7.380	7.421	707300	5246510.50
2025/08/27	7.420	7.508	7.417	7.492	950500	7094026.00
2025/08/28	7.480	7.480	7.382	7.382	651800	4839258.00
2025/08/29	7.383	7.404	7.309	7.312	649538	4752912.50
2025/09/01	7.310	7.327	7.221	7.221	727400	5281360.50
2025/09/02	7.245	7.245	7.202	7.204	524856	3784238.50
2025/09/03	7.204	7.312	7.189	7.310	1127892	8206256.00
2025/09/04	7.271	7.398	7.232	7.293	1093200	7974015.50
2025/09/05	7.268	7.290	7.251	7.277	311756	2268090.25
2025/09/08	7.270	7.270	7.233	7.240	423717	3068137.00
2025/09/09	7.268	7.269	7.210	7.210	309150	2236009.75
2025/09/10	7.226	7.226	7.140	7.160	474312	3402694.50
2025/09/11	7.158	7.168	7.158	7.163	270900	1940268.88
2025/09/12	7.166	7.169	7.123	7.133	352900	2523408.50
2025/09/15	7.120	7.149	7.109	7.120	273962	1948579.50
2025/09/16	7.109	7.163	7.093	7.114	433100	3090358.75
2025/09/17	7.110	7.130	7.076	7.086	415243	2943363.25
2025/09/18	7.080	7.080	7.029	7.030	424000	2987186.00
2025/09/19	7.039	7.048	7.010	7.012	269400	1895445.13
2025/09/22	7.030	7.030	6.890	6.895	735600	5093547.00
2025/09/23	6.890	6.891	6.855	6.874	645700	4442772.00
2025/09/24	6.867	6.908	6.850	6.853	154900	1064999.25
2025/09/25	6.854	6.870	6.832	6.841	410900	2813417.25
2025/09/26	6.858	6.869	6.843	6.851	588090	4030231.75
2025/09/29	6.854	6.854	6.810	6.837	558500	3809068.00
2025/09/30	6.844	6.844	6.791	6.800	391000	2659696.50
2025/10/09	6.800	6.829	6.800	6.802	357900	2434875.00
2025/10/10	6.809	6.869	6.809	6.847	221400	1517797.38
2025/10/13	6.850	6.875	6.849	6.871	210317	1444406.75
2025/10/14	6.869	6.889	6.821	6.845	205700	1412654.13
2025/10/15	6.840	6.869	6.805	6.820	234198	1596652.75
2025/10/16	6.820	6.820	6.780	6.807	268252	1823052.75
2025/10/17	6.795	6.795	6.730	6.777	334103	2257537.50
2025/10/20	6.789	6.789	6.760	6.778	513621	3479984.00
2025/10/21	6.778	6.778	6.749	6.757	426820	2882309.50
2025/10/22	6.730	6.845	6.730	6.843	374936	2549594.00
2025/10/23	6.840	6.875	6.832	6.875	477300	3268604.75
2025/10/24	6.880	7.058	6.880	7.052	413800	2892924.50
2025/10/27	7.068	7.068	6.939	6.968	770400	5374924.00
2025/10/28	6.989	7.068	6.950	7.063	1108700	7772276.00
2025/10/29	7.063	7.091	7.023	7.065	789200	5565710.00
2025/10/30	7.064	7.088	7.036	7.040	352000	2483378.50
2025/10/31	7.049	7.049	7.009	7.030	182200	1278252.13
2025/11/03	7.029	7.030	6.960	6.996	290103	2024933.88
2025/11/04	6.970	6.987	6.954	6.964	519700	3617716.00
2025/11/05	6.951	6.970	6.860	6.905	333200	2305388.00
2025/11/06	6.899	6.899	6.871	6.890	195306	1345520.25
2025/11/07	6.890	6.949	6.871	6.928	515600	3554736.50
2025/11/10	6.934	7.089	6.925	7.088	629311	4404363.00
2025/11/11	7.089	7.137	7.089	7.128	410700	2923748.00
2025/11/12	7.128	7.149	7.085	7.149	530013	3771002.75
2025/11/13	7.149	7.169	7.110	7.124	465800	3319281.00
2025/11/14	7.121	7.148	7.115	7.148	256500	1826364.88
2025/11/17	7.148	7.149	7.101	7.148	446900	3184956.00
2025/11/18	7.129	7.190	7.129	7.190	417700	2987403.00
2025/11/19	7.169	7.248	7.169	7.243	302376	2187433.50
2025/11/20	7.243	7.249	7.227	7.239	236400	1711749.75
2025/11/21	7.250	7.250	7.153	7.153	293127	2111509.00
2025/11/24	7.153	7.153	7.120	7.134	223800	1594684.25
2025/11/25	7.110	7.230	7.110	7.230	275345	1970717.75
2025/11/26	7.210	7.230	7.202	7.230	223193	1609068.75
2025/11/27	7.229	7.238	7.209	7.228	82100	593295.81
2025/11/28	7.210	7.213	7.200	7.200	355541	2563301.50
2025/12/01	7.200	7.209	7.169	7.190	455981	3282650.25
2025/12/02	7.189	7.189	7.168	7.168	213600	1533433.88
2025/12/03	7.168	7.190	7.168	7.177	31100	223294.09
2025/12/04	7.169	7.187	7.109	7.109	180200	1283607.75
2025/12/05	7.129	7.129	7.083	7.084	203116	1440908.25
2025/12/08	7.070	7.109	6.999	7.002	233600	1651892.88
2025/12/09	7.000	7.015	6.990	6.990	52180	365292.53
2025/12/10	6.990	7.023	6.969	7.023	303611	2120014.50
2025/12/11	7.029	7.029	7.020	7.023	444700	3123159.00
2025/12/12	7.030	7.089	7.003	7.050	205006	1448982.50
2025/12/15	7.068	7.089	7.050	7.080	40500	286479.41
2025/12/16	7.070	7.070	7.030	7.033	112400	791488.81
2025/12/17	7.035	7.040	7.030	7.036	244600	1720221.38
2025/12/18	7.039	7.050	7.032	7.033	303500	2135622.25
2025/12/19	7.032	7.033	6.790	6.860	1178708	8074620.50
2025/12/22	6.857	6.857	6.619	6.666	1051237	7038184.50
2025/12/23	6.670	6.670	6.490	6.490	1684600	11066721.00
2025/12/24	6.599	6.599	6.383	6.499	1440503	9306827.00
2025/12/25	6.490	6.590	6.469	6.550	606117	3973345.25
2025/12/26	6.549	6.549	6.500	6.514	259000	1688415.50
2025/12/29	6.513	6.513	6.473	6.474	375000	2434534.75
2025/12/30	6.470	6.475	6.396	6.422	588125	3792779.75
2025/12/31	6.429	6.466	6.417	6.434	460500	2965066.00
2026/01/05	6.434	6.569	6.434	6.560	210100	1367201.75
2026/01/06	6.552	6.640	6.509	6.634	574072	3768733.25
2026/01/07	6.626	6.715	6.594	6.690	675709	4494735.50
2026/01/08	6.690	6.769	6.672	6.751	307603	2065989.38
2026/01/09	6.758	6.770	6.700	6.726	488403	3287237.00
2026/01/12	6.690	6.759	6.689	6.751	393676	2654790.50
2026/01/13	6.769	6.798	6.643	6.689	658500	4425724.00
2026/01/14	6.707	6.720	6.610	6.689	502070	3342688.75
2026/01/15	6.688	6.688	6.669	6.676	184900	1233574.25
2026/01/16	6.687	6.720	6.664	6.669	324100	2168316.50
2026/01/19	6.669	6.705	6.629	6.687	563000	3754014.00
2026/01/20	6.687	6.713	6.671	6.706	1146540	7676483.50
2026/01/21	6.706	6.829	6.702	6.804	492780	3332672.50
2026/01/22	6.809	6.834	6.700	6.834	293706	1995342.38
2026/01/23	6.834	6.944	6.802	6.938	907132	6253735.50
2026/01/26	6.939	6.960	6.909	6.956	737667	5117422.50
2026/01/27	6.967	7.052	6.950	7.009	503900	3530785.25
2026/01/28	6.993	7.068	6.992	7.052	387600	2722352.50
2026/01/29	7.029	7.230	7.012	7.227	466417	3335652.25
2026/01/30	7.131	7.289	7.109	7.260	339700	2450322.75
2026/02/02	7.259	7.259	7.131	7.131	382408	2732921.00
2026/02/03	7.149	7.149	7.050	7.050	263108	1862350.75
2026/02/04	7.050	7.107	7.050	7.060	382800	2710192.25
2026/02/05	7.065	7.098	7.055	7.088	545006	3852488.25
2026/02/06	7.069	7.071	7.030	7.062	234600	1653902.50
2026/02/09	7.050	7.110	7.022	7.109	183048	1296675.88
2026/02/10	7.110	7.153	7.089	7.147	299873	2134239.25
2026/02/11	7.168	7.188	7.148	7.188	284873	2039385.63
2026/02/12	7.170	7.221	7.170	7.221	320700	2310413.75
2026/02/13	7.229	7.310	7.190	7.307	372000	2703147.75
2026/02/24	7.366	7.366	7.233	7.253	317400	2305858.00
2026/02/25	7.230	7.248	7.189	7.248	95400	687816.81
2026/02/26	7.248	7.249	7.091	7.102	502400	3592410.50
2026/02/27	7.090	7.108	6.982	7.021	407903	2865116.50
2026/03/02	7.028	7.028	6.939	6.949	329000	2298532.00
2026/03/03	6.930	7.003	6.910	7.002	458200	3194773.25
2026/03/04	6.989	7.044	6.976	7.042	320500	2244208.75
2026/03/05	7.045	7.116	7.042	7.115	445300	3145181.50
2026/03/06	7.115	7.115	7.070	7.075	157848	1117370.00
2026/03/09	7.069	7.096	7.009	7.090	440828	3116947.25
2026/03/10	7.071	7.112	7.033	7.059	350600	2480374.00
2026/03/11	7.030	7.070	7.029	7.057	197134	1389923.75
2026/03/12	7.069	7.109	7.031	7.048	231400	1635725.13
2026/03/13	7.030	7.054	7.010	7.053	236960	1666210.50
2026/03/16	7.053	7.053	6.970	7.036	397100	2779943.25
2026/03/17	7.009	7.200	6.969	7.010	312441	2187241.00
2026/03/18	6.995	7.028	6.991	7.012	379800	2659496.75
2026/03/19	7.026	7.026	6.994	7.014	25500	178795.70
2026/03/20	7.029	7.029	6.989	7.016	51100	357650.00
2026/03/23	7.016	7.018	6.950	6.970	247037	1728104.00
2026/03/24	6.989	7.025	6.929	7.019	220073	1534683.00
2026/04/03	7.010	7.030	6.990	7.013	213400	1495071.50
#Ъ§ОнРДдД:ЭЈДяаХ
