180301 ємНБґґРВСОМпёЫRE ИХПЯ І»ёґИЁ
      ИХЖЪ	    їЄЕМ	    ЧоёЯ	    ЧоµН	    КХЕМ	    іЙЅ»Бї	    іЙЅ»¶о
2021/06/21	2.530	2.530	2.330	2.367	50368885	120538192.00
2021/06/22	2.368	2.370	2.130	2.335	12066654	27915408.00
2021/06/23	2.325	2.325	2.303	2.308	7078879	16345059.00
2021/06/24	2.309	2.325	2.309	2.323	8866843	20530464.00
2021/06/25	2.322	2.325	2.310	2.324	5374550	12437919.00
2021/06/28	2.320	2.320	2.310	2.314	3571290	8257688.00
2021/06/29	2.313	2.313	2.301	2.302	2860208	6586921.00
2021/06/30	2.303	2.313	2.301	2.303	1254231	2889069.50
2021/07/01	2.303	2.318	2.301	2.313	1951846	4511232.50
2021/07/02	2.311	2.312	2.304	2.310	2786945	6437066.50
2021/07/05	2.310	2.310	2.300	2.302	3042621	7012100.00
2021/07/06	2.302	2.304	2.295	2.298	2120967	4874702.00
2021/07/07	2.298	2.298	2.290	2.293	1423174	3265340.75
2021/07/08	2.293	2.296	2.290	2.293	1878346	4305138.50
2021/07/09	2.293	2.294	2.288	2.290	1197920	2743576.25
2021/07/12	2.290	2.294	2.282	2.284	1746732	3996008.00
2021/07/13	2.284	2.284	2.266	2.268	1570694	3565351.25
2021/07/14	2.267	2.267	2.252	2.254	1409768	3181127.00
2021/07/15	2.253	2.290	2.250	2.285	1405107	3184848.75
2021/07/16	2.285	2.298	2.280	2.298	1775254	4068369.25
2021/07/19	2.299	2.305	2.298	2.300	3386004	7791828.00
2021/07/20	2.300	2.300	2.296	2.300	894626	2055743.25
2021/07/21	2.299	2.301	2.295	2.296	951617	2186314.75
2021/07/22	2.295	2.295	2.285	2.287	758088	1734608.63
2021/07/23	2.287	2.291	2.283	2.286	1121138	2562271.75
2021/07/26	2.287	2.288	2.277	2.278	1123288	2560331.75
2021/07/27	2.279	2.279	2.270	2.271	1118923	2542788.50
2021/07/28	2.270	2.282	2.248	2.279	1091647	2469121.25
2021/07/29	2.280	2.292	2.278	2.290	1466715	3351431.75
2021/07/30	2.290	2.294	2.277	2.290	1613373	3693248.25
2021/08/02	2.290	2.305	2.281	2.303	2958373	6796586.00
2021/08/03	2.302	2.313	2.297	2.307	2951142	6808164.00
2021/08/04	2.307	2.308	2.303	2.306	974210	2246473.25
2021/08/05	2.305	2.306	2.300	2.302	1127054	2595158.50
2021/08/06	2.296	2.303	2.296	2.302	1512796	3481658.50
2021/08/09	2.302	2.302	2.295	2.300	1369668	3150032.25
2021/08/10	2.300	2.301	2.296	2.301	1128327	2595171.25
2021/08/11	2.301	2.301	2.299	2.300	897949	2065231.63
2021/08/12	2.300	2.301	2.299	2.299	911157	2095392.63
2021/08/13	2.299	2.301	2.298	2.298	661234	1520058.75
2021/08/16	2.299	2.300	2.295	2.297	771420	1771502.75
2021/08/17	2.297	2.297	2.292	2.295	828611	1901966.13
2021/08/18	2.295	2.301	2.292	2.301	1715046	3941255.50
2021/08/19	2.301	2.308	2.296	2.306	2221677	5117276.00
2021/08/20	2.306	2.311	2.306	2.310	1709227	3946393.75
2021/08/23	2.309	2.310	2.302	2.309	1027398	2370550.75
2021/08/24	2.309	2.312	2.305	2.311	1345488	3107785.00
2021/08/25	2.312	2.338	2.305	2.335	4216212	9811420.00
2021/08/26	2.335	2.346	2.330	2.340	6697096	15648647.00
2021/08/27	2.340	2.397	2.338	2.394	4066591	9654062.00
2021/08/30	2.394	2.443	2.394	2.418	6583158	16003698.00
2021/08/31	2.419	2.421	2.368	2.386	2339976	5586017.50
2021/09/01	2.385	2.385	2.348	2.352	3179139	7494994.00
2021/09/02	2.352	2.372	2.346	2.369	1214071	2870262.75
2021/09/03	2.369	2.369	2.357	2.364	1332074	3145947.25
2021/09/06	2.364	2.366	2.360	2.366	1585841	3744312.00
2021/09/07	2.366	2.385	2.365	2.372	3066021	7277090.00
2021/09/08	2.371	2.374	2.367	2.371	2012648	4773047.00
2021/09/09	2.371	2.374	2.370	2.371	3159275	7493012.00
2021/09/10	2.371	2.371	2.364	2.367	857897	2030596.25
2021/09/13	2.367	2.368	2.363	2.366	1593336	3769806.00
2021/09/14	2.366	2.391	2.366	2.388	1418263	3370115.50
2021/09/15	2.390	2.450	2.390	2.433	4393628	10637765.00
2021/09/16	2.436	2.446	2.414	2.420	3028584	7328937.00
2021/09/17	2.420	2.440	2.420	2.421	2835056	6871296.50
2021/09/22	2.422	2.444	2.422	2.440	1758819	4290759.50
2021/09/23	2.440	2.493	2.440	2.493	3142685	7724068.50
2021/09/24	2.496	2.510	2.468	2.474	3423056	8532958.00
2021/09/27	2.474	2.502	2.468	2.473	4216798	10493943.00
2021/09/28	2.473	2.485	2.447	2.475	3916619	9641421.00
2021/09/29	2.475	2.503	2.442	2.477	4121239	10220007.00
2021/09/30	2.477	2.490	2.470	2.479	6098876	15138621.00
2021/10/08	2.480	2.509	2.480	2.509	1535768	3837907.75
2021/10/11	2.509	2.509	2.492	2.501	4030722	10074500.00
2021/10/12	2.498	2.501	2.488	2.501	3340466	8334532.00
2021/10/13	2.501	2.502	2.498	2.502	1465322	3664451.75
2021/10/14	2.502	2.505	2.500	2.504	1409012	3524668.00
2021/10/15	2.504	2.510	2.500	2.506	1131263	2833402.00
2021/10/18	2.506	2.520	2.500	2.518	1319725	3318883.75
2021/10/19	2.518	2.560	2.518	2.555	2516920	6402428.00
2021/10/20	2.555	2.620	2.542	2.599	4151738	10748482.00
2021/10/21	2.599	2.656	2.599	2.656	3119155	8263304.50
2021/10/22	2.656	2.736	2.656	2.692	5529242	14976637.00
2021/10/25	2.693	2.747	2.693	2.725	3831215	10443682.00
2021/10/26	2.770	2.770	2.691	2.727	5434194	14863932.00
2021/10/27	2.727	2.760	2.680	2.760	5048611	13787633.00
2021/10/28	2.760	2.817	2.760	2.817	5538834	15443927.00
2021/10/29	2.817	2.913	2.817	2.888	5921760	17124080.00
2021/11/01	2.890	2.979	2.860	2.889	9172598	26757288.00
2021/11/02	2.889	2.890	2.750	2.792	11242002	31380010.00
2021/11/03	2.791	2.793	2.665	2.754	7649393	21064126.00
2021/11/04	2.752	2.796	2.710	2.795	6136645	16747717.00
2021/11/05	2.785	2.845	2.775	2.844	3325838	9404041.00
2021/11/08	2.845	2.874	2.816	2.836	2266840	6425450.00
2021/11/09	2.836	2.850	2.796	2.812	1501810	4226643.50
2021/11/10	2.811	2.811	2.772	2.801	2409008	6710208.50
2021/11/11	2.801	2.835	2.787	2.834	1976636	5563501.00
2021/11/12	2.834	2.866	2.833	2.849	2876156	8193595.00
2021/11/15	2.849	2.870	2.812	2.826	3209624	9078764.00
2021/11/16	2.826	2.828	2.806	2.820	3004072	8457862.00
2021/11/17	2.820	2.846	2.788	2.841	3938091	11022133.00
2021/11/18	2.838	2.838	2.796	2.828	1261527	3561710.50
2021/11/19	2.828	2.856	2.813	2.825	4651403	13194840.00
2021/11/22	2.825	2.825	2.774	2.786	4877565	13596513.00
2021/11/23	2.787	2.800	2.774	2.786	4787838	13304593.00
2021/11/24	2.786	2.820	2.775	2.815	4170526	11719332.00
2021/11/25	2.815	2.815	2.800	2.808	3336696	9371670.00
2021/11/26	2.818	2.833	2.808	2.830	2690710	7581940.50
2021/11/29	2.830	2.830	2.798	2.823	1221564	3442792.75
2021/11/30	2.823	2.870	2.823	2.868	1896619	5410408.50
2021/12/01	2.869	2.928	2.869	2.926	2058118	5970768.50
2021/12/02	2.929	3.022	2.929	3.013	3702863	11127849.00
2021/12/03	3.013	3.092	2.962	3.003	3945384	11950999.00
2021/12/06	3.003	3.036	2.960	3.025	3547163	10678442.00
2021/12/07	3.024	3.034	3.010	3.034	2300663	6950022.50
2021/12/08	3.034	3.086	3.030	3.086	2298890	7040560.50
2021/12/09	3.086	3.190	3.086	3.188	4222472	13363717.00
2021/12/10	3.188	3.285	3.124	3.279	5319710	16951778.00
2021/12/13	3.280	3.322	3.266	3.280	6985594	22933706.00
2021/12/14	3.280	3.280	3.240	3.254	6538477	21271604.00
2021/12/15	3.254	3.284	3.221	3.258	7217696	23475294.00
2021/12/16	3.259	3.264	3.162	3.173	6764309	21650182.00
2021/12/17	3.120	3.229	3.120	3.151	5564473	17618150.00
2021/12/20	3.151	3.191	3.113	3.129	2530469	7930705.00
2021/12/21	3.129	3.140	3.090	3.099	4533504	14073627.00
2021/12/22	3.099	3.120	3.076	3.110	3669199	11372709.00
2021/12/23	3.110	3.170	3.110	3.161	6395564	20157636.00
2021/12/24	3.162	3.198	3.132	3.170	5757420	18218498.00
2021/12/27	3.170	3.186	3.150	3.176	2795624	8853988.00
2021/12/28	3.176	3.186	3.160	3.169	3092479	9798668.00
2021/12/29	3.168	3.168	3.127	3.140	4698024	14774475.00
2021/12/30	3.140	3.140	3.100	3.110	5121280	15969136.00
2021/12/31	3.110	3.120	3.060	3.060	6649022	20546724.00
2022/01/04	3.061	3.119	3.061	3.118	2828644	8733708.00
2022/01/05	3.120	3.177	3.118	3.175	2771915	8737683.00
2022/01/06	3.176	3.195	3.136	3.184	2781500	8804773.00
2022/01/07	3.184	3.190	3.152	3.176	1868923	5941577.50
2022/01/10	3.176	3.179	3.160	3.177	1353825	4296385.00
2022/01/11	3.177	3.270	3.173	3.268	3701245	11872161.00
2022/01/12	3.268	3.310	3.100	3.281	4584941	14987739.00
2022/01/13	3.282	3.310	3.245	3.301	5367662	17661866.00
2022/01/14	3.301	3.314	3.282	3.290	4478118	14736981.00
2022/01/17	3.289	3.321	3.265	3.302	4720612	15556614.00
2022/01/18	3.302	3.333	3.281	3.286	3072534	10134902.00
2022/01/19	3.286	3.290	3.275	3.285	3847708	12628845.00
2022/01/20	3.285	3.300	3.271	3.290	2399156	7896377.00
2022/01/21	3.290	3.608	3.290	3.410	8368445	28321514.00
2022/01/24	3.411	3.600	3.370	3.589	11788045	41562588.00
2022/01/25	3.583	3.657	3.500	3.529	7298192	25993702.00
2022/01/26	3.528	3.576	3.450	3.499	5507346	19307232.00
2022/01/27	3.499	3.530	3.460	3.494	4275209	14919327.00
2022/01/28	3.494	3.674	3.490	3.668	7596289	27057426.00
2022/02/07	3.669	3.887	3.669	3.887	7748924	29689738.00
2022/02/08	3.909	4.148	3.909	4.127	13748235	56065948.00
2022/02/10	4.000	4.220	3.870	4.042	16078387	65095008.00
2022/02/11	4.042	4.108	4.002	4.033	12278308	49670436.00
2022/02/14	4.036	4.150	4.036	4.130	15171790	62418000.00
2022/02/15	4.129	4.168	4.073	4.099	16037533	66252096.00
2022/02/16	4.079	4.089	3.922	4.005	13311155	53231420.00
2022/02/17	4.005	4.005	3.803	3.860	13889914	54200196.00
2022/02/18	3.841	4.040	3.661	4.003	14808744	56887112.00
2022/02/21	4.004	4.100	3.978	3.998	12581244	50704420.00
2022/02/22	3.974	3.975	3.801	3.811	13642488	52682848.00
2022/02/23	3.700	3.892	3.600	3.791	13904161	51605380.00
2022/02/24	3.650	3.790	3.647	3.650	12477804	46147872.00
2022/02/25	3.650	3.776	3.603	3.686	8986456	33264386.00
2022/02/28	3.685	3.685	3.548	3.548	8912767	31989602.00
2022/03/01	3.549	3.650	3.400	3.481	18581535	64397048.00
2022/03/02	3.350	3.598	3.293	3.559	16130282	55220664.00
2022/03/03	3.559	3.682	3.555	3.682	12730574	46065580.00
2022/03/04	3.685	3.712	3.600	3.669	11795875	43200440.00
2022/03/07	3.600	3.653	3.526	3.532	7377297	26424358.00
2022/03/08	3.423	3.498	3.322	3.331	10745469	36535712.00
2022/03/09	3.307	3.428	3.200	3.309	10837566	35933848.00
2022/03/10	3.400	3.410	3.315	3.345	6995841	23471090.00
2022/03/11	3.281	3.335	3.245	3.292	5459814	17901282.00
2022/03/14	3.200	3.261	3.186	3.188	5607305	18043268.00
2022/03/15	3.154	3.154	2.966	2.977	11395004	34608836.00
2022/03/16	2.977	3.066	2.840	3.010	13165055	38797000.00
2022/03/17	3.043	3.085	2.947	3.040	12122522	36787892.00
2022/03/18	3.040	3.067	2.967	3.037	5850604	17758222.00
2022/03/21	3.037	3.240	3.036	3.236	9931822	31268694.00
2022/03/22	3.287	3.448	3.286	3.441	12489869	41963084.00
2022/03/23	3.442	3.478	3.300	3.337	11587287	39105064.00
2022/03/24	3.251	3.401	3.190	3.380	10333370	34394688.00
2022/03/25	3.375	3.427	3.310	3.322	5976996	20149222.00
2022/03/28	3.320	3.320	3.223	3.265	5231328	17093146.00
2022/03/29	3.262	3.329	3.250	3.283	4098720	13466149.00
2022/03/30	3.299	3.328	3.276	3.288	5170776	17025430.00
2022/03/31	3.288	3.323	3.255	3.277	5327188	17502088.00
2022/04/01	3.277	3.474	3.256	3.446	8135535	27274520.00
2022/04/06	3.456	3.489	3.425	3.470	8894243	30756540.00
2022/04/07	3.370	3.388	3.260	3.304	5415679	17956192.00
2022/04/08	3.274	3.379	3.251	3.370	5781283	19280678.00
2022/04/11	3.370	3.370	3.269	3.296	5347448	17676138.00
2022/04/12	3.296	3.354	3.295	3.342	6513908	21620392.00
2022/04/13	3.318	3.359	3.300	3.340	5374492	17926054.00
2022/04/14	3.340	3.357	3.322	3.327	4428223	14750527.00
2022/04/15	3.319	3.319	3.280	3.292	4713871	15540323.00
2022/04/18	3.293	3.306	3.279	3.294	3721321	12251992.00
2022/04/19	3.294	3.308	3.280	3.288	3294204	10843163.00
2022/04/20	3.288	3.299	3.282	3.285	2840082	9335742.00
2022/04/21	3.285	3.285	3.214	3.219	4434731	14393674.00
2022/04/22	3.216	3.216	3.140	3.184	4011454	12723124.00
2022/04/25	3.184	3.185	3.039	3.042	5363394	16577788.00
2022/04/26	3.040	3.100	2.995	3.037	5405948	16428165.00
2022/04/27	2.990	3.070	2.972	3.067	4941534	15042352.00
2022/04/28	3.068	3.068	2.999	3.019	4761484	14401873.00
2022/04/29	3.028	3.054	3.010	3.050	3894880	11831972.00
2022/05/05	3.050	3.052	3.015	3.015	2241266	6788217.50
2022/05/06	2.980	3.064	2.970	3.015	2634934	7889448.00
2022/05/09	3.011	3.011	2.980	2.983	3286315	9836013.00
2022/05/10	2.982	2.995	2.957	2.981	3519388	10490411.00
2022/05/11	2.979	3.040	2.975	3.030	3871052	11664233.00
2022/05/12	2.996	3.034	2.996	3.032	2854446	8625294.00
2022/05/13	3.026	3.050	3.014	3.017	3031499	9181261.00
2022/05/16	3.017	3.025	3.001	3.003	2128152	6403680.00
2022/05/17	3.003	3.006	2.988	2.990	2541972	7606354.50
2022/05/18	2.990	2.990	2.980	2.980	2263320	6750998.50
2022/05/19	2.976	2.976	2.948	2.950	2567211	7586163.50
2022/05/20	2.950	2.975	2.950	2.967	2205456	6543519.50
2022/05/23	2.968	2.976	2.957	2.957	1541156	4567724.50
2022/05/24	2.957	2.965	2.940	2.940	1739004	5132977.00
2022/05/25	2.940	2.948	2.932	2.934	1833601	5381567.00
2022/05/26	2.935	2.949	2.930	2.942	2113113	6207419.50
2022/05/27	2.943	2.960	2.940	2.949	1657345	4884950.50
2022/05/30	2.949	2.960	2.932	2.942	1786598	5253091.00
2022/05/31	2.940	2.940	2.913	2.916	3402462	9926457.00
2022/06/01	2.916	2.931	2.887	2.931	2932018	8536295.00
2022/06/02	2.931	2.950	2.914	2.948	2796316	8191785.00
2022/06/06	2.948	3.000	2.930	3.000	3623037	10765099.00
2022/06/07	3.005	3.125	3.005	3.109	6158168	19047860.00
2022/06/08	3.109	3.194	3.050	3.093	5306510	16561693.00
2022/06/09	3.088	3.123	3.030	3.122	4343995	13491726.00
2022/06/10	3.105	3.146	3.060	3.118	2518807	7849991.50
2022/06/13	3.102	3.113	3.060	3.101	2806909	8702490.00
2022/06/14	3.101	3.131	3.081	3.120	3184448	9922588.00
2022/06/15	3.120	3.151	3.100	3.144	3769049	11823950.00
2022/06/16	3.144	3.152	3.126	3.140	2703965	8495564.00
2022/06/17	3.134	3.154	3.120	3.129	3498390	10990037.00
2022/06/20	3.120	3.122	3.082	3.105	3586814	11103259.00
2022/06/21	3.101	3.147	3.061	3.136	3507198	10843471.00
2022/06/22	3.136	3.140	3.113	3.135	1935120	6057703.00
2022/06/23	3.115	3.162	3.115	3.158	4044540	12724436.00
2022/06/24	3.156	3.235	3.156	3.231	3599462	11561672.00
2022/06/27	3.231	3.287	3.190	3.281	3863208	12603325.00
2022/06/28	3.281	3.318	3.265	3.316	3472711	11461011.00
2022/06/29	3.317	3.355	3.300	3.302	3219756	10645866.00
2022/06/30	3.298	3.355	3.298	3.353	4453107	14884226.00
2022/07/01	3.350	3.370	3.350	3.356	3053988	10254970.00
2022/07/04	3.355	3.372	3.335	3.359	3683847	12367905.00
2022/07/05	3.350	3.360	3.272	3.340	3841429	12799063.00
2022/07/06	3.328	3.340	3.291	3.319	2857389	9498169.00
2022/07/07	3.303	3.319	3.288	3.301	2371580	7825323.50
2022/07/08	3.297	3.336	3.278	3.318	2164219	7193065.50
2022/07/11	3.318	3.328	3.280	3.305	2262586	7478288.50
2022/07/12	3.330	3.330	3.281	3.318	1862372	6160882.00
2022/07/13	3.316	3.316	3.295	3.299	1655880	5467235.00
2022/07/14	3.290	3.366	3.290	3.356	2773933	9220688.00
2022/07/15	3.356	3.360	3.340	3.343	2373904	7955985.00
2022/07/18	3.340	3.359	3.340	3.351	2008660	6731242.00
2022/07/19	3.350	3.368	3.340	3.357	1868427	6268560.00
2022/07/20	3.355	3.370	3.345	3.370	1591357	5352145.50
2022/07/21	3.364	3.381	3.358	3.366	2143294	7221750.00
2022/07/22	3.366	3.368	3.349	3.357	1891716	6352058.50
2022/07/25	3.354	3.354	3.301	3.308	3333179	11072804.00
2022/07/26	3.299	3.299	3.248	3.283	2577266	8406525.00
2022/07/27	3.276	3.292	3.260	3.278	2484786	8142913.00
2022/07/28	3.276	3.299	3.260	3.299	1452198	4778672.50
2022/07/29	3.298	3.321	3.291	3.314	1398344	4630487.50
2022/08/01	3.314	3.333	3.294	3.324	1294086	4286902.00
2022/08/02	3.321	3.321	3.258	3.310	1930575	6353903.50
2022/08/03	3.282	3.321	3.282	3.309	2382120	7882714.00
2022/08/04	3.307	3.343	3.286	3.343	2679424	8905123.00
2022/08/05	3.343	3.343	3.324	3.333	1658112	5526154.50
2022/08/08	3.333	3.335	3.311	3.317	1038305	3444882.50
2022/08/09	3.316	3.316	3.272	3.275	1828456	6017233.50
2022/08/10	3.268	3.303	3.251	3.296	1482964	4881283.50
2022/08/11	3.293	3.300	3.273	3.282	1529596	5019703.00
2022/08/12	3.282	3.300	3.268	3.279	1257920	4123819.75
2022/08/15	3.279	3.288	3.270	3.283	1206751	3956934.75
2022/08/16	3.283	3.318	3.270	3.306	2438091	8052870.00
2022/08/17	3.299	3.314	3.288	3.305	1210959	4003288.00
2022/08/18	3.307	3.336	3.307	3.328	1661679	5530552.50
2022/08/19	3.332	3.445	3.331	3.445	3810546	12930049.00
2022/08/22	3.445	3.499	3.428	3.473	7256275	25156086.00
2022/08/23	3.469	3.485	3.421	3.480	2713004	9410503.00
2022/08/24	3.466	3.469	3.438	3.440	2871337	9897984.00
2022/08/25	3.432	3.484	3.401	3.462	1983870	6823827.50
2022/08/26	3.458	3.459	3.428	3.437	1724832	5939024.00
2022/08/29	3.418	3.430	3.400	3.405	2396080	8169539.50
2022/08/30	3.403	3.450	3.386	3.420	3072378	10512533.00
2022/08/31	3.420	3.450	3.402	3.421	2649628	9086639.00
2022/09/01	3.421	3.421	3.385	3.393	2345539	7964232.50
2022/09/02	3.393	3.408	3.370	3.399	1769468	5985216.50
2022/09/05	3.403	3.403	3.378	3.391	1415420	4793127.50
2022/09/06	3.391	3.405	3.380	3.393	1573980	5344580.50
2022/09/07	3.392	3.418	3.388	3.407	1737930	5919478.50
2022/09/08	3.412	3.445	3.402	3.445	2561929	8787489.00
2022/09/09	3.450	3.495	3.446	3.484	4468915	15557158.00
2022/09/13	3.480	3.500	3.456	3.480	2875528	10010816.00
2022/09/14	3.465	3.486	3.450	3.481	1574796	5469498.50
2022/09/15	3.478	3.478	3.452	3.461	1684413	5833076.50
2022/09/16	3.439	3.468	3.439	3.460	1575370	5450521.50
2022/09/19	3.459	3.465	3.431	3.436	1383890	4765438.50
2022/09/20	3.436	3.459	3.431	3.441	704100	2424036.25
2022/09/21	3.441	3.445	3.405	3.427	1033583	3542363.75
2022/09/22	3.425	3.436	3.420	3.435	924563	3172464.50
2022/09/23	3.435	3.456	3.433	3.437	1350001	4648771.50
2022/09/26	3.437	3.450	3.430	3.437	1414015	4864496.00
2022/09/27	3.438	3.447	3.424	3.430	1433768	4921582.50
2022/09/28	3.498	3.540	3.464	3.510	9810200	34464964.00
2022/09/29	3.524	3.534	3.431	3.446	9071710	31738968.00
2022/09/30	3.445	3.470	3.393	3.405	4318447	14750809.00
2022/10/10	3.399	3.399	3.321	3.326	3610239	12095650.00
2022/10/11	3.323	3.323	3.262	3.275	5786368	18979740.00
2022/10/12	3.277	3.300	3.251	3.267	2325712	7603208.50
2022/10/13	3.267	3.306	3.260	3.299	2489080	8176904.00
2022/10/14	3.299	3.340	3.284	3.292	2420016	7965531.50
2022/10/17	3.292	3.305	3.288	3.299	1335792	4402011.50
2022/10/18	3.299	3.340	3.290	3.332	2999200	9919731.00
2022/10/19	3.332	3.332	3.303	3.308	1900139	6291842.50
2022/10/20	3.300	3.321	3.287	3.317	1464056	4850542.50
2022/10/21	3.317	3.399	3.298	3.332	1556832	5197661.50
2022/10/24	3.332	3.332	3.277	3.280	3811447	12553886.00
2022/10/25	3.275	3.281	3.265	3.268	3008357	9840452.00
2022/10/26	3.268	3.295	3.245	3.245	2970264	9697956.00
2022/10/27	3.249	3.249	3.145	3.163	4440433	14181545.00
2022/10/28	3.163	3.221	3.110	3.200	5075044	16021410.00
2022/10/31	3.191	3.191	3.168	3.174	2029375	6437131.00
2022/11/01	3.167	3.197	3.167	3.191	2532288	8065905.50
2022/11/02	3.192	3.246	3.192	3.246	2048002	6592372.50
2022/11/03	3.243	3.286	3.220	3.280	2987868	9714608.00
2022/11/04	3.277	3.320	3.260	3.310	3285962	10824982.00
2022/11/07	3.306	3.314	3.282	3.284	2346111	7740351.50
2022/11/08	3.283	3.283	3.235	3.245	2747256	8930887.00
2022/11/09	3.247	3.272	3.233	3.234	1055404	3425420.75
2022/11/10	3.234	3.256	3.213	3.229	1228872	3971111.25
2022/11/11	3.229	3.280	3.219	3.225	1927412	6242593.00
2022/11/14	3.225	3.260	3.219	3.220	2416051	7798104.50
2022/11/15	3.219	3.222	3.188	3.222	834680	2683248.50
2022/11/16	3.222	3.226	3.203	3.210	1272920	4093856.00
2022/11/17	3.201	3.221	3.152	3.190	2238455	7094374.50
2022/11/18	3.187	3.221	3.160	3.167	2309738	7349286.50
2022/11/21	3.167	3.199	3.155	3.197	2175881	6907677.00
2022/11/22	3.197	3.197	3.163	3.190	1461615	4643264.00
2022/11/23	3.188	3.199	3.151	3.190	2688000	8537934.00
2022/11/24	3.190	3.214	3.159	3.187	2980300	9471089.00
2022/11/25	3.187	3.187	3.175	3.183	2426348	7722014.00
2022/11/28	3.183	3.183	3.162	3.177	3013656	9549803.00
2022/11/29	3.177	3.182	3.169	3.180	3030388	9631541.00
2022/11/30	3.177	3.177	3.165	3.171	2757018	8737390.00
2022/12/01	3.172	3.185	3.170	3.180	3296528	10479137.00
2022/12/02	3.179	3.181	3.171	3.180	2908734	9242265.00
2022/12/05	3.179	3.215	3.170	3.215	2991615	9553136.00
2022/12/06	3.218	3.250	3.218	3.245	2874078	9302986.00
2022/12/07	3.250	3.299	3.230	3.243	3068540	9944834.00
2022/12/08	3.243	3.243	3.210	3.239	1793756	5807398.50
2022/12/09	3.230	3.243	3.228	3.242	1447675	4688752.00
2022/12/12	3.242	3.245	3.209	3.211	1302588	4195208.50
2022/12/13	3.209	3.209	3.188	3.190	1427228	4554636.00
2022/12/14	3.191	3.191	3.184	3.186	1030736	3283912.50
2022/12/15	3.180	3.183	3.166	3.168	1536303	4874197.00
2022/12/16	3.169	3.169	3.121	3.122	1591760	5005702.50
2022/12/19	3.122	3.158	3.111	3.118	1154300	3614106.75
2022/12/20	3.118	3.136	3.095	3.096	829472	2582249.25
2022/12/21	3.095	3.100	3.067	3.077	1736228	5354507.50
2022/12/22	3.076	3.080	3.058	3.079	1373343	4217405.00
2022/12/23	3.079	3.129	3.070	3.125	1309968	4064432.25
2022/12/26	3.124	3.152	3.116	3.142	2209592	6943090.00
2022/12/27	3.142	3.142	3.120	3.126	635480	1989377.25
2022/12/28	3.080	3.126	3.072	3.082	2723296	8411945.00
2022/12/29	3.081	3.117	3.080	3.083	1604960	4967683.00
2022/12/30	3.082	3.087	3.066	3.087	1088432	3352583.00
2023/01/03	3.086	3.093	3.085	3.092	1335595	4125923.75
2023/01/04	3.091	3.092	3.070	3.075	1207663	3718564.50
2023/01/05	3.070	3.072	3.040	3.044	1951237	5943268.50
2023/01/06	3.044	3.093	3.011	3.085	3339758	10162066.00
2023/01/09	3.076	3.094	3.065	3.077	2114295	6510023.00
2023/01/10	3.074	3.091	3.068	3.085	1904666	5864465.00
2023/01/11	3.085	3.085	3.050	3.057	3067523	9381758.00
2023/01/12	3.054	3.054	3.017	3.038	1552069	4712333.50
2023/01/13	3.032	3.032	3.012	3.018	1805848	5454484.00
2023/01/16	3.018	3.026	3.006	3.019	1693041	5105630.00
2023/01/17	3.019	3.026	3.013	3.019	990483	2990789.75
2023/01/18	3.019	3.026	3.011	3.026	1524903	4602025.50
2023/01/19	3.020	3.039	3.015	3.030	1501144	4545301.50
2023/01/20	3.029	3.055	3.017	3.052	1190080	3603102.00
2023/01/30	3.052	3.090	3.050	3.080	2952228	9091953.00
2023/01/31	3.080	3.125	3.080	3.122	3051120	9476246.00
2023/02/01	3.120	3.145	3.115	3.145	2709108	8508945.00
2023/02/02	3.145	3.165	3.116	3.117	3703987	11573855.00
2023/02/03	3.117	3.121	3.102	3.120	3097491	9642929.00
2023/02/06	3.120	3.136	3.110	3.117	2982780	9294177.00
2023/02/07	3.117	3.121	3.103	3.118	1685748	5256727.00
2023/02/08	3.117	3.123	3.116	3.118	2681356	8363790.00
2023/02/09	3.110	3.119	3.100	3.116	2038168	6347207.50
2023/02/10	3.115	3.128	3.106	3.122	2323328	7244536.00
2023/02/13	3.122	3.165	3.110	3.151	4410159	13851996.00
2023/02/14	3.150	3.171	3.135	3.167	4556633	14403317.00
2023/02/15	3.167	3.195	3.121	3.150	5281667	16764350.00
2023/02/16	3.149	3.149	3.125	3.134	3444280	10806592.00
2023/02/17	3.133	3.134	3.103	3.104	5693692	17757578.00
2023/02/20	3.104	3.122	3.100	3.120	2988299	9315731.00
2023/02/21	3.121	3.158	3.118	3.154	5002316	15740635.00
2023/02/22	3.150	3.161	3.137	3.145	3960348	12483964.00
2023/02/23	3.143	3.144	3.120	3.120	1955402	6119600.50
2023/02/24	3.124	3.133	3.100	3.120	1429720	4451239.50
2023/02/27	3.119	3.119	3.090	3.091	2138186	6624568.00
2023/02/28	3.090	3.122	3.079	3.122	2825628	8763562.00
2023/03/01	3.120	3.122	3.094	3.107	1753674	5448572.00
2023/03/02	3.104	3.104	3.093	3.099	2322036	7192778.00
2023/03/03	3.098	3.098	3.082	3.088	1479597	4569550.50
2023/03/06	3.088	3.094	3.063	3.079	1732855	5334915.50
2023/03/07	3.078	3.087	3.070	3.081	1697832	5232780.00
2023/03/08	3.081	3.081	3.050	3.061	1645222	5037559.00
2023/03/09	3.061	3.061	3.049	3.056	2066579	6312120.00
2023/03/10	3.056	3.061	3.049	3.057	2393736	7312353.50
2023/03/13	3.053	3.110	3.047	3.093	2837978	8712728.00
2023/03/14	3.093	3.100	3.053	3.087	2216288	6815673.00
2023/03/15	3.086	3.087	3.075	3.077	786451	2423217.75
2023/03/16	3.077	3.083	3.055	3.069	1500559	4606663.00
2023/03/17	3.069	3.080	3.059	3.069	1491707	4572248.00
2023/03/20	3.069	3.069	3.050	3.056	1809950	5531029.00
2023/03/21	3.056	3.065	3.045	3.054	1761648	5377823.00
2023/03/22	3.054	3.057	3.048	3.055	1635700	4991713.50
2023/03/23	3.055	3.055	3.044	3.055	1732769	5285726.00
2023/03/24	3.055	3.062	3.031	3.056	2401619	7313785.50
2023/03/27	3.056	3.072	3.043	3.070	2291786	7027432.00
2023/03/28	3.070	3.070	3.054	3.058	2256372	6902425.00
2023/03/29	3.055	3.055	3.008	3.015	2249413	6796885.00
2023/03/30	3.014	3.020	3.002	3.016	2004596	6035646.50
2023/03/31	3.016	3.050	3.016	3.044	2809222	8515995.00
2023/04/03	3.045	3.067	3.037	3.048	2812168	8567228.00
2023/04/04	3.048	3.057	3.024	3.032	1582660	4805153.00
2023/04/06	3.032	3.032	3.003	3.012	1866841	5632098.50
2023/04/07	3.011	3.029	3.011	3.021	2207714	6658064.00
2023/04/10	3.020	3.020	3.009	3.014	2033989	6130879.50
2023/04/11	3.017	3.019	3.007	3.008	1921369	5790283.50
2023/04/12	3.007	3.007	2.968	2.971	2867482	8556798.00
2023/04/13	2.971	2.984	2.914	2.940	4444704	13043295.00
2023/04/14	2.935	2.960	2.920	2.960	2927847	8609271.00
2023/04/17	2.954	2.990	2.940	2.989	1885750	5591334.00
2023/04/18	2.989	3.012	2.989	3.007	1928397	5792989.50
2023/04/19	3.001	3.015	2.979	2.987	2905083	8715248.00
2023/04/20	2.984	2.984	2.948	2.976	1609336	4784843.50
2023/04/21	2.981	2.998	2.950	2.974	2532916	7535460.50
2023/04/24	2.974	3.018	2.974	3.012	3367004	10130409.00
2023/04/25	3.015	3.018	2.986	3.015	2286734	6879428.50
2023/04/26	2.978	2.978	2.853	2.899	1818492	5250241.00
2023/04/27	2.890	2.897	2.857	2.859	1858508	5324267.00
2023/04/28	2.855	2.880	2.855	2.865	871391	2502064.00
2023/05/04	2.865	2.878	2.830	2.834	1175151	3347663.75
2023/05/05	2.833	2.844	2.819	2.832	1806092	5113530.00
2023/05/08	2.832	2.832	2.801	2.812	2095065	5882690.50
2023/05/09	2.807	2.807	2.774	2.785	3635324	10121436.00
2023/05/10	2.783	2.839	2.767	2.835	3238979	9101290.00
2023/05/11	2.837	2.856	2.835	2.852	3267549	9288291.00
2023/05/12	2.852	2.852	2.813	2.829	2334783	6617661.50
2023/05/15	2.822	2.850	2.785	2.833	1629952	4568261.00
2023/05/16	2.845	2.860	2.801	2.854	1707736	4852770.00
2023/05/17	2.855	2.870	2.850	2.851	1709880	4891784.50
2023/05/19	2.843	2.850	2.828	2.828	866360	2458549.50
2023/05/22	2.826	2.826	2.804	2.811	1659811	4664094.50
2023/05/23	2.810	2.810	2.800	2.804	863984	2423328.00
2023/05/24	2.802	2.804	2.787	2.789	1205634	3363909.00
2023/05/25	2.755	2.792	2.755	2.792	934062	2595297.75
2023/05/26	2.791	2.791	2.736	2.769	2056307	5670961.00
2023/05/29	2.768	2.768	2.738	2.748	1248976	3430671.50
2023/05/30	2.748	2.748	2.715	2.720	3390826	9264636.00
2023/05/31	2.720	2.744	2.688	2.707	2333880	6312372.00
2023/06/01	2.707	2.727	2.662	2.665	2328008	6229890.00
2023/06/02	2.663	2.700	2.600	2.629	2517326	6676739.00
2023/06/05	2.629	2.630	2.571	2.574	1935520	5022899.50
2023/06/06	2.575	2.598	2.496	2.574	2668292	6720919.50
2023/06/07	2.574	2.616	2.550	2.607	1998701	5141143.50
2023/06/08	2.603	2.688	2.589	2.679	2639126	6980652.50
2023/06/09	2.676	2.703	2.657	2.677	2098959	5633286.00
2023/06/12	2.677	2.677	2.618	2.631	1819691	4792472.50
2023/06/13	2.630	2.630	2.600	2.610	1061181	2770300.75
2023/06/14	2.610	2.610	2.570	2.582	1762660	4556326.50
2023/06/15	2.580	2.592	2.542	2.591	1590919	4100489.50
2023/06/16	2.610	2.710	2.603	2.641	1509156	3958384.50
2023/06/19	2.639	2.639	2.580	2.618	1706795	4437203.00
2023/06/20	2.618	2.618	2.592	2.596	1653943	4303635.50
2023/06/21	2.596	2.600	2.560	2.576	1329481	3434429.00
2023/06/26	2.573	2.573	2.536	2.566	1285200	3283991.50
2023/06/27	2.566	2.566	2.541	2.550	2233964	5699869.00
2023/06/28	2.552	2.566	2.501	2.537	2607812	6613169.50
2023/06/29	2.537	2.567	2.503	2.515	1515155	3817606.50
2023/06/30	2.515	2.535	2.495	2.502	3320344	8318736.50
2023/07/03	2.502	2.523	2.460	2.464	2942696	7288039.50
2023/07/04	2.464	2.464	2.426	2.428	2638493	6425348.00
2023/07/05	2.427	2.427	2.374	2.380	4115943	9819782.00
2023/07/06	2.379	2.419	2.370	2.411	4352619	10457894.00
2023/07/07	2.411	2.469	2.411	2.442	3336131	8166919.50
2023/07/10	2.442	2.469	2.372	2.466	3353855	8206101.50
2023/07/11	2.465	2.465	2.435	2.459	3166592	7746707.50
2023/07/12	2.459	2.472	2.442	2.468	4139164	10179387.00
2023/07/13	2.468	2.550	2.468	2.546	3195088	8029223.50
2023/07/14	2.546	2.599	2.531	2.587	3548154	9176904.00
2023/07/17	2.590	2.639	2.555	2.626	4392176	11513056.00
2023/07/18	2.624	2.752	2.623	2.750	10141476	27627838.00
2023/07/19	2.792	2.792	2.654	2.666	8264871	22169076.00
2023/07/20	2.653	2.653	2.570	2.619	5598476	14654029.00
2023/07/21	2.613	2.655	2.580	2.643	4659639	12327362.00
2023/07/24	2.641	2.696	2.616	2.668	4090426	10897920.00
2023/07/25	2.668	2.718	2.645	2.673	4484716	12023982.00
2023/07/26	2.661	2.673	2.645	2.661	3016272	8023235.50
2023/07/27	2.661	2.680	2.639	2.660	4153856	11035421.00
2023/07/28	2.660	2.668	2.620	2.635	3109097	8220309.00
2023/07/31	2.639	2.710	2.636	2.696	6992636	18808654.00
2023/08/01	2.688	2.769	2.678	2.750	6032628	16491150.00
2023/08/02	2.752	2.792	2.742	2.750	8840800	24537980.00
2023/08/03	2.750	2.790	2.746	2.758	3872211	10753601.00
2023/08/04	2.761	2.809	2.757	2.809	6074288	16993258.00
2023/08/07	2.809	2.839	2.800	2.831	5182216	14618549.00
2023/08/08	2.828	2.876	2.820	2.842	4773192	13592001.00
2023/08/09	2.842	2.874	2.832	2.842	2111856	6022396.50
2023/08/10	2.836	2.845	2.830	2.830	3680752	10452069.00
2023/08/11	2.831	2.840	2.780	2.793	4810692	13461791.00
2023/08/14	2.786	2.813	2.718	2.809	5740992	15758561.00
2023/08/15	2.795	2.821	2.771	2.818	4408485	12397506.00
2023/08/16	2.819	2.840	2.780	2.791	4370186	12296058.00
2023/08/17	2.781	2.790	2.760	2.762	3385751	9394099.00
2023/08/18	2.762	2.799	2.750	2.780	6071203	16850942.00
2023/08/21	2.777	2.780	2.729	2.744	2602312	7194106.50
2023/08/22	2.738	2.743	2.699	2.723	3815468	10363221.00
2023/08/23	2.723	2.723	2.697	2.713	2495548	6756612.00
2023/08/24	2.712	2.717	2.685	2.705	3905623	10544141.00
2023/08/25	2.705	2.732	2.700	2.714	3173828	8620503.00
2023/08/28	2.714	2.745	2.703	2.720	4864744	13303728.00
2023/08/29	2.720	2.720	2.705	2.707	2086456	5647247.50
2023/08/30	2.714	2.728	2.700	2.708	4792460	13036625.00
2023/08/31	2.708	2.738	2.675	2.693	3378986	9107620.00
2023/09/01	2.680	2.692	2.680	2.684	1572496	4225226.00
2023/09/04	2.684	2.684	2.654	2.659	1999592	5337499.50
2023/09/05	2.651	2.665	2.645	2.661	1901876	5060753.00
2023/09/06	2.661	2.686	2.661	2.681	3056360	8175088.00
2023/09/07	2.681	2.685	2.677	2.682	2201844	5901378.00
2023/09/08	2.682	2.690	2.674	2.690	1786790	4785163.50
2023/09/11	2.691	2.735	2.691	2.729	2436588	6612812.50
2023/09/12	2.729	2.767	2.729	2.766	3107556	8539991.00
2023/09/13	2.766	2.766	2.731	2.744	3074216	8435702.00
2023/09/14	2.744	2.744	2.724	2.743	2145436	5869512.00
2023/09/15	2.743	2.743	2.719	2.730	2080608	5673665.50
2023/09/18	2.701	2.725	2.700	2.713	1805791	4888201.50
2023/09/19	2.710	2.730	2.705	2.728	2225819	6038079.50
2023/09/20	2.731	2.750	2.721	2.740	2404512	6562582.50
2023/09/21	2.740	2.753	2.700	2.753	3407352	9266792.00
2023/09/22	2.708	2.737	2.635	2.731	2526024	6825235.00
2023/09/25	2.731	2.733	2.720	2.730	2074388	5660842.00
2023/09/26	2.730	2.734	2.692	2.728	2108026	5742938.50
2023/09/27	2.716	2.728	2.706	2.726	1520850	4141497.00
2023/09/28	2.726	2.738	2.710	2.728	1888328	5152464.50
2023/10/09	2.727	2.727	2.707	2.724	2019950	5487889.50
2023/10/10	2.721	2.722	2.687	2.710	2519772	6829299.50
2023/10/11	2.685	2.705	2.668	2.669	3780036	10118538.00
2023/10/12	2.669	2.670	2.650	2.654	2401248	6384153.50
2023/10/13	2.654	2.654	2.628	2.628	2814460	7412448.00
2023/10/16	2.628	2.645	2.603	2.603	2417232	6317699.50
2023/10/17	2.604	2.627	2.546	2.569	2463220	6363467.50
2023/10/18	2.562	2.595	2.515	2.546	3557528	9039613.00
2023/10/19	2.533	2.533	2.500	2.509	2983808	7500316.50
2023/10/20	2.509	2.509	2.450	2.478	2761664	6816696.00
2023/10/23	2.471	2.471	2.415	2.422	1476270	3603647.00
2023/10/24	2.421	2.490	2.411	2.489	3559595	8678671.00
2023/10/25	2.490	2.560	2.490	2.505	4965321	12543719.00
2023/10/26	2.493	2.503	2.463	2.490	3093688	7687710.00
2023/10/27	2.490	2.510	2.454	2.478	3098025	7692125.00
2023/10/30	2.476	2.476	2.446	2.452	3448667	8451329.00
2023/10/31	2.451	2.451	2.419	2.430	5090960	12378330.00
2023/11/01	2.426	2.426	2.393	2.410	4254235	10243877.00
2023/11/02	2.410	2.410	2.370	2.398	3576560	8541860.00
2023/11/03	2.397	2.409	2.370	2.400	4480100	10755096.00
2023/11/06	2.400	2.406	2.386	2.390	3150660	7526796.00
2023/11/07	2.390	2.400	2.374	2.381	3806576	9071920.00
2023/11/08	2.381	2.400	2.358	2.400	3775187	9001723.00
2023/11/09	2.400	2.479	2.393	2.468	5551168	13593481.00
2023/11/10	2.470	2.490	2.448	2.459	4433592	10933841.00
2023/11/13	2.459	2.459	2.428	2.439	2541308	6199828.00
2023/11/14	2.400	2.444	2.400	2.438	3381676	8245151.00
2023/11/15	2.437	2.440	2.395	2.420	4696236	11331649.00
2023/11/16	2.409	2.420	2.390	2.420	2869428	6877351.00
2023/11/17	2.417	2.417	2.386	2.405	2864588	6863732.50
2023/11/20	2.398	2.405	2.376	2.376	2812591	6717065.50
2023/11/21	2.377	2.398	2.358	2.359	4379035	10391135.00
2023/11/22	2.359	2.377	2.299	2.346	6126076	14225824.00
2023/11/23	2.323	2.339	2.308	2.324	3288319	7634207.50
2023/11/24	2.321	2.321	2.264	2.276	3064089	6989011.00
2023/11/27	2.276	2.276	2.222	2.225	3684464	8231902.00
2023/11/28	2.221	2.221	2.190	2.209	3323500	7342472.50
2023/11/29	2.200	2.210	2.150	2.201	4111135	8950145.00
2023/11/30	2.192	2.246	2.161	2.229	5743880	12802685.00
2023/12/01	2.225	2.245	2.201	2.222	4658526	10360906.00
2023/12/04	2.222	2.250	2.201	2.201	4772368	10559083.00
2023/12/05	2.201	2.210	2.184	2.198	3577448	7845761.00
2023/12/06	2.198	2.213	2.178	2.183	4410120	9660605.00
2023/12/07	2.170	2.170	2.144	2.163	3849032	8282758.50
2023/12/08	2.156	2.165	2.145	2.165	4938394	10619995.00
2023/12/11	2.165	2.165	2.112	2.139	6422047	13654141.00
2023/12/12	2.132	2.136	2.097	2.123	2501575	5283292.00
2023/12/13	2.122	2.122	2.060	2.088	5495640	11433762.00
2023/12/14	2.072	2.088	2.052	2.082	3902167	8060849.50
2023/12/15	2.074	2.121	2.049	2.080	6345199	13152609.00
2023/12/18	2.077	2.081	2.049	2.079	7600712	15692236.00
2023/12/19	2.078	2.078	2.052	2.068	4097712	8438398.00
2023/12/20	2.058	2.169	2.058	2.168	7174668	14963328.00
2023/12/21	2.163	2.267	2.159	2.262	9132400	20451878.00
2023/12/22	2.262	2.350	2.262	2.300	11290172	26159944.00
2023/12/25	2.288	2.318	2.206	2.315	6064740	13863953.00
2023/12/26	2.288	2.322	2.259	2.316	6304995	14533456.00
2023/12/27	2.310	2.318	2.266	2.317	11169980	25487646.00
2023/12/28	2.317	2.335	2.283	2.330	11077496	25571258.00
2023/12/29	2.330	2.360	2.315	2.356	15721452	36845844.00
2024/01/02	2.355	2.358	2.309	2.309	5324728	12461788.00
2024/01/03	2.302	2.348	2.261	2.310	7562636	17566834.00
2024/01/04	2.305	2.335	2.251	2.302	6620744	15083253.00
2024/01/05	2.300	2.300	2.169	2.300	5859176	13046871.00
2024/01/08	2.280	2.280	2.231	2.235	3596188	8092418.50
2024/01/09	2.235	2.235	2.133	2.134	5777092	12517126.00
2024/01/10	2.134	2.134	1.952	2.000	8234844	16810240.00
2024/01/11	2.000	2.087	2.000	2.083	9354804	19437904.00
2024/01/12	2.083	2.118	1.984	2.044	9266716	18730742.00
2024/01/15	2.044	2.044	1.967	2.032	11370295	22525208.00
2024/01/16	2.015	2.032	1.974	2.030	6163468	12438568.00
2024/01/17	2.030	2.150	2.028	2.140	10836512	22646316.00
2024/01/18	2.143	2.179	2.050	2.100	10297912	21287946.00
2024/01/19	2.070	2.136	2.048	2.107	11168408	23572216.00
2024/01/22	2.111	2.114	2.028	2.050	8080672	16575068.00
2024/01/23	2.043	2.043	1.991	2.003	7463496	14932248.00
2024/01/24	1.997	2.037	1.984	2.007	5549229	11102599.00
2024/01/25	2.007	2.036	1.990	2.032	5663252	11417740.00
2024/01/26	2.031	2.032	2.001	2.031	4833235	9788815.00
2024/01/29	2.027	2.070	2.010	2.036	7238972	14887516.00
2024/01/30	2.036	2.058	2.029	2.031	7288551	14863966.00
2024/01/31	2.031	2.035	2.010	2.014	4815836	9703463.00
2024/02/01	2.010	2.025	2.010	2.024	5481456	11046972.00
2024/02/02	2.023	2.023	2.013	2.020	5617668	11326036.00
2024/02/05	2.015	2.024	2.002	2.016	6640796	13372525.00
2024/02/06	2.010	2.016	2.010	2.015	5203464	10469334.00
2024/02/07	2.013	2.020	2.010	2.020	5055649	10177409.00
2024/02/08	2.020	2.060	2.020	2.058	8161008	16700863.00
2024/02/19	2.062	2.186	2.062	2.181	5456932	11633158.00
2024/02/20	2.182	2.269	2.150	2.168	6631054	14658845.00
2024/02/21	2.158	2.211	2.110	2.192	6140425	13426345.00
2024/02/22	2.193	2.295	2.170	2.294	6900275	15425463.00
2024/02/23	2.295	2.349	2.260	2.333	9737180	22554082.00
2024/02/26	2.333	2.420	2.300	2.377	7796773	18534990.00
2024/02/27	2.377	2.399	2.276	2.351	9729928	22665190.00
2024/02/28	2.336	2.336	2.280	2.290	8926258	20698744.00
2024/02/29	2.279	2.315	2.245	2.300	5811814	13361036.00
2024/03/01	2.290	2.345	2.280	2.340	7071296	16496069.00
2024/03/04	2.341	2.394	2.340	2.363	7286564	17322334.00
2024/03/05	2.360	2.443	2.342	2.380	8414042	20317788.00
2024/03/06	2.377	2.405	2.331	2.371	7466480	17578736.00
2024/03/07	2.369	2.393	2.337	2.350	5003508	11803814.00
2024/03/08	2.337	2.368	2.310	2.351	3795973	8937926.00
2024/03/11	2.361	2.361	2.340	2.348	3983628	9376803.00
2024/03/12	2.331	2.371	2.299	2.336	5122607	11887436.00
2024/03/13	2.330	2.335	2.292	2.300	8698572	20032702.00
2024/03/14	2.285	2.306	2.271	2.306	3817171	8747726.00
2024/03/15	2.300	2.316	2.290	2.300	3586589	8247036.00
2024/03/18	2.300	2.300	2.288	2.290	4017514	9215050.00
2024/03/19	2.285	2.300	2.263	2.273	2422419	5508021.00
2024/03/20	2.268	2.268	2.227	2.248	6166399	13820492.00
2024/03/21	2.248	2.249	2.218	2.240	4090776	9115064.00
2024/03/22	2.216	2.238	2.216	2.232	4125608	9181869.00
2024/03/25	2.232	2.261	2.210	2.227	4504532	10055248.00
2024/03/26	2.227	2.292	2.227	2.285	3116948	7049461.00
2024/03/27	2.285	2.343	2.279	2.331	3695871	8607807.00
2024/03/28	2.331	2.375	2.292	2.325	3220342	7434983.00
2024/03/29	2.302	2.322	2.285	2.299	3799472	8746428.00
2024/04/01	2.299	2.316	2.283	2.291	3826165	8788753.00
2024/04/02	2.291	2.310	2.265	2.291	4689337	10685851.00
2024/04/03	2.291	2.340	2.284	2.331	5817052	13408222.00
2024/04/08	2.280	2.298	2.236	2.275	8742428	19698912.00
2024/04/09	2.270	2.300	2.235	2.300	6506672	14703696.00
2024/04/10	2.297	2.310	2.272	2.300	4577447	10530570.00
2024/04/11	2.299	2.315	2.279	2.304	3244428	7487407.50
2024/04/12	2.313	2.328	2.280	2.303	2952235	6793207.00
2024/04/15	2.303	2.310	2.279	2.285	3654492	8375922.00
2024/04/16	2.285	2.285	2.261	2.272	2414300	5485344.50
2024/04/17	2.274	2.322	2.267	2.314	2675636	6170132.50
2024/04/18	2.314	2.314	2.296	2.314	2546312	5867943.50
2024/04/19	2.308	2.311	2.297	2.306	1574288	3626347.00
2024/04/22	2.294	2.332	2.279	2.329	1467696	3394362.50
2024/04/23	2.330	2.373	2.329	2.371	2246694	5279694.50
2024/04/24	2.372	2.390	2.350	2.364	2511519	5955523.50
2024/04/25	2.350	2.378	2.350	2.373	1899856	4496112.50
2024/04/26	2.369	2.402	2.369	2.402	4876461	11657533.00
2024/04/29	2.400	2.430	2.379	2.423	5967477	14330653.00
2024/04/30	2.423	2.423	2.386	2.398	2782043	6677485.50
2024/05/06	2.388	2.403	2.366	2.393	1872208	4452389.00
2024/05/07	2.392	2.414	2.366	2.393	4209436	10093603.00
2024/05/08	2.388	2.392	2.359	2.374	2249416	5334115.50
2024/05/09	2.362	2.388	2.354	2.380	3062044	7263783.00
2024/05/10	2.380	2.388	2.347	2.373	4550316	10770769.00
2024/05/13	2.372	2.372	2.314	2.334	4816888	11250439.00
2024/05/14	2.331	2.343	2.296	2.314	6469136	14992300.00
2024/05/15	2.299	2.314	2.278	2.290	3822325	8756784.00
2024/05/16	2.280	2.340	2.280	2.338	3753525	8722712.00
2024/05/17	2.338	2.369	2.338	2.344	4286883	10054154.00
2024/05/20	2.340	2.360	2.329	2.345	4517812	10600952.00
2024/05/21	2.345	2.354	2.320	2.345	4693712	10969221.00
2024/05/22	2.345	2.349	2.306	2.333	4713932	10980994.00
2024/05/23	2.325	2.341	2.314	2.340	4395688	10235269.00
2024/05/24	2.340	2.368	2.333	2.348	3052299	7183891.50
2024/05/27	2.348	2.370	2.340	2.345	1300120	3052070.50
2024/05/28	2.340	2.350	2.337	2.339	2121844	4966978.50
2024/05/29	2.338	2.350	2.300	2.339	4041608	9382681.00
2024/05/30	2.330	2.342	2.326	2.340	1918300	4484475.50
2024/05/31	2.350	2.360	2.334	2.347	2119168	4969787.50
2024/06/03	2.347	2.357	2.340	2.356	2129200	5009918.50
2024/06/04	2.350	2.360	2.334	2.351	1638744	3846208.50
2024/06/05	2.351	2.360	2.335	2.360	2525920	5930596.50
2024/06/06	2.350	2.364	2.350	2.360	2601168	6137857.50
2024/06/07	2.360	2.364	2.340	2.352	3441724	8086951.00
2024/06/11	2.350	2.354	2.310	2.324	6530096	15171557.00
2024/06/12	2.320	2.324	2.290	2.321	2572175	5952177.00
2024/06/13	2.312	2.334	2.312	2.332	3803660	8849976.00
2024/06/14	2.332	2.335	2.313	2.333	3364448	7820112.00
2024/06/17	2.332	2.333	2.312	2.319	2746728	6371786.00
2024/06/18	2.311	2.339	2.305	2.313	2597308	6013670.50
2024/06/19	2.312	2.320	2.272	2.305	3261308	7486898.00
2024/06/20	2.300	2.304	2.276	2.284	2326400	5315279.50
2024/06/21	2.284	2.289	2.265	2.286	1833384	4170587.25
2024/06/24	2.285	2.295	2.220	2.294	10828044	24369406.00
2024/06/25	2.286	2.287	2.246	2.280	5730299	12970506.00
2024/06/26	2.254	2.289	2.254	2.288	3975460	9028134.00
2024/06/27	2.278	2.315	2.276	2.310	3330619	7666966.50
2024/06/28	2.310	2.317	2.277	2.297	2180976	5011188.50
2024/07/01	2.287	2.300	2.272	2.280	994743	2269140.25
2024/07/02	2.280	2.280	2.260	2.277	3347568	7609128.50
2024/07/03	2.277	2.277	2.259	2.263	1780768	4030444.50
2024/07/04	2.260	2.271	2.259	2.262	570852	1291445.13
2024/07/05	2.259	2.267	2.250	2.252	1176384	2653023.50
2024/07/08	2.252	2.252	2.225	2.237	1546616	3455643.75
2024/07/09	2.236	2.236	2.219	2.226	2335604	5195159.50
2024/07/10	2.226	2.231	2.190	2.193	4385216	9639007.00
2024/07/11	2.192	2.192	2.147	2.160	13330224	28805018.00
2024/07/12	2.155	2.165	2.120	2.163	11412480	24537358.00
2024/07/15	2.164	2.202	2.150	2.200	7046392	15360295.00
2024/07/16	2.200	2.242	2.140	2.237	3746531	8345757.50
2024/07/17	2.237	2.243	2.199	2.210	4727028	10463560.00
2024/07/18	2.209	2.216	2.160	2.213	4418411	9704954.00
2024/07/19	2.213	2.215	2.191	2.208	4307404	9498806.00
2024/07/22	2.205	2.205	2.175	2.183	2291063	4995661.50
2024/07/23	2.182	2.188	2.166	2.175	5081075	11032220.00
2024/07/24	2.174	2.185	2.148	2.174	4418199	9546203.00
2024/07/25	2.168	2.185	2.159	2.160	1753300	3796159.50
2024/07/26	2.163	2.195	2.157	2.191	2260020	4936871.50
2024/07/29	2.191	2.191	2.177	2.190	3033142	6631705.50
2024/07/30	2.190	2.203	2.174	2.195	1253610	2750585.00
2024/07/31	2.194	2.206	2.189	2.201	3136948	6890745.00
2024/08/01	2.201	2.222	2.198	2.215	2711468	5996853.50
2024/08/02	2.212	2.227	2.205	2.227	3380740	7511248.50
2024/08/05	2.219	2.250	2.215	2.247	2715152	6069579.50
2024/08/06	2.247	2.265	2.233	2.262	2593964	5829742.00
2024/08/07	2.268	2.302	2.268	2.299	4186312	9591142.00
2024/08/08	2.290	2.330	2.225	2.283	5470996	12445531.00
2024/08/09	2.275	2.288	2.240	2.280	6657808	15103439.00
2024/08/12	2.229	2.240	2.200	2.210	2232308	4940486.50
2024/08/13	2.210	2.221	2.191	2.216	3205240	7079360.00
2024/08/14	2.216	2.256	2.211	2.243	4592288	10288645.00
2024/08/15	2.243	2.248	2.222	2.240	3475892	7784683.00
2024/08/16	2.240	2.246	2.201	2.228	1812346	4020693.75
2024/08/19	2.219	2.225	2.180	2.194	4208820	9230121.00
2024/08/20	2.193	2.198	2.170	2.178	1067916	2330620.50
2024/08/21	2.178	2.199	2.176	2.195	4258332	9311676.00
2024/08/22	2.190	2.208	2.160	2.176	3762274	8199972.50
2024/08/23	2.170	2.178	2.129	2.152	7832242	16843820.00
2024/08/26	2.146	2.155	2.133	2.150	1673227	3595417.50
2024/08/27	2.150	2.160	2.113	2.114	3754652	8011818.50
2024/08/28	2.110	2.138	2.107	2.135	3020884	6404982.50
2024/08/29	2.121	2.153	2.121	2.125	2984804	6365907.00
2024/08/30	2.125	2.140	2.123	2.139	2793856	5949325.00
2024/09/02	2.139	2.149	2.130	2.141	2777582	5947264.00
2024/09/03	2.139	2.145	2.098	2.110	4090328	8643491.00
2024/09/04	2.110	2.118	2.065	2.111	3878664	8115364.50
2024/09/05	2.100	2.135	2.087	2.129	3131412	6651150.50
2024/09/06	2.120	2.130	2.110	2.128	2520612	5356338.00
2024/09/09	2.125	2.126	2.101	2.115	1225948	2587713.50
2024/09/10	2.115	2.128	2.090	2.102	2079724	4366888.00
2024/09/11	2.102	2.105	2.089	2.100	2004020	4201338.00
2024/09/12	2.094	2.120	2.085	2.116	1905600	4022567.75
2024/09/13	2.113	2.130	2.105	2.118	2072432	4387292.00
2024/09/18	2.111	2.125	2.085	2.088	1289964	2712998.25
2024/09/19	2.087	2.096	2.080	2.090	1440831	3010114.25
2024/09/20	2.090	2.103	2.073	2.103	2324491	4856221.50
2024/09/23	2.103	2.125	2.080	2.120	5107512	10804571.00
2024/09/24	2.120	2.142	2.115	2.138	4198360	8967030.00
2024/09/25	2.140	2.158	2.133	2.144	4243168	9104061.00
2024/09/26	2.142	2.158	2.134	2.145	3434498	7383376.50
2024/09/27	2.145	2.145	2.124	2.128	2635645	5620028.50
2024/09/30	2.128	2.128	2.095	2.120	4534438	9567496.00
2024/10/08	2.121	2.231	2.121	2.155	6552499	14086311.00
2024/10/09	2.151	2.151	2.113	2.134	5965045	12690136.00
2024/10/10	2.134	2.142	2.120	2.130	4412517	9411560.00
2024/10/11	2.130	2.146	2.123	2.125	4441511	9489505.00
2024/10/14	2.123	2.128	2.105	2.118	4025919	8523648.00
2024/10/15	2.115	2.120	2.107	2.114	3252251	6868779.00
2024/10/16	2.114	2.126	2.110	2.118	4158416	8811856.00
2024/10/17	2.111	2.122	2.101	2.110	3398022	7172084.00
2024/10/18	2.110	2.120	2.103	2.118	3181458	6728267.00
2024/10/21	2.118	2.124	2.110	2.113	3418306	7233553.50
2024/10/22	2.113	2.124	2.108	2.120	3674567	7782083.50
2024/10/23	2.120	2.120	2.109	2.115	3836040	8114816.50
2024/10/24	2.114	2.117	2.102	2.104	3475752	7331942.00
2024/10/25	2.104	2.118	2.099	2.112	6828675	14360032.00
2024/10/28	2.110	2.124	2.100	2.114	4785773	10119614.00
2024/10/29	2.113	2.123	2.105	2.111	3759223	7923472.00
2024/10/30	2.109	2.111	2.100	2.105	4191554	8821942.00
2024/10/31	2.105	2.110	2.100	2.105	3846639	8094738.00
2024/11/01	2.105	2.109	2.097	2.098	3824116	8030933.00
2024/11/04	2.098	2.108	2.088	2.096	3318416	6955199.00
2024/11/05	2.096	2.103	2.092	2.100	4519976	9469412.00
2024/11/06	2.100	2.117	2.066	2.069	5664900	11811449.00
2024/11/07	2.041	2.045	2.009	2.022	11401996	23046484.00
2024/11/08	2.020	2.024	2.010	2.011	5912238	11908982.00
2024/11/11	2.011	2.022	2.010	2.017	5229355	10552115.00
2024/11/12	2.017	2.034	2.015	2.031	3805444	7728003.50
2024/11/13	2.031	2.039	2.012	2.015	3511688	7089667.00
2024/11/14	2.017	2.025	2.012	2.021	4695164	9481570.00
2024/11/15	2.021	2.022	2.015	2.016	3782100	7631158.00
2024/11/18	2.016	2.019	2.006	2.007	6562708	13203066.00
2024/11/19	2.008	2.013	1.991	1.999	5277252	10549324.00
2024/11/20	1.999	2.007	1.995	2.000	4057764	8113782.00
2024/11/21	2.000	2.007	1.995	2.004	5866281	11725325.00
2024/11/22	2.004	2.004	1.995	2.000	3729880	7451010.50
2024/11/25	1.999	2.000	1.990	2.000	2650255	5281841.50
2024/11/26	2.000	2.001	1.994	1.998	4221140	8435973.00
2024/11/27	2.002	2.004	1.990	1.996	4642164	9253366.00
2024/11/28	1.996	1.998	1.987	1.994	2728564	5430375.50
2024/11/29	1.997	1.999	1.994	1.997	4066664	8122155.50
2024/12/02	1.997	2.008	1.994	2.003	3198116	6388293.50
2024/12/03	2.003	2.009	2.001	2.002	3782502	7577102.00
2024/12/04	2.000	2.011	1.990	2.010	3885338	7757336.50
2024/12/05	2.010	2.013	2.000	2.005	4546749	9118812.00
2024/12/06	2.012	2.012	1.995	2.000	5237080	10470641.00
2024/12/09	1.999	2.009	1.994	2.004	4865399	9746409.00
2024/12/10	2.000	2.009	1.995	2.002	5388786	10788276.00
2024/12/11	2.003	2.021	1.999	2.021	6201817	12428279.00
2024/12/12	2.023	2.052	2.018	2.045	7410798	15111623.00
2024/12/13	2.051	2.051	2.028	2.034	4117780	8409914.00
2024/12/16	2.030	2.043	2.023	2.034	4318584	8769729.00
2024/12/17	2.034	2.040	2.028	2.029	2586840	5257528.00
2024/12/18	2.029	2.032	2.009	2.017	3357296	6763907.00
2024/12/19	2.017	2.017	1.991	2.006	9838551	19718182.00
2024/12/20	1.994	2.004	1.986	1.990	8555132	17032686.00
2024/12/23	1.990	1.999	1.990	1.997	7286438	14529299.00
2024/12/24	1.997	2.000	1.992	1.998	8416760	16789264.00
2024/12/25	1.997	2.000	1.991	1.998	5618504	11221375.00
2024/12/26	1.998	2.003	1.995	1.998	8966074	17930242.00
2024/12/27	2.000	2.015	1.996	2.011	24502890	49022012.00
2024/12/30	2.015	2.033	2.015	2.024	13338196	26979544.00
2024/12/31	2.025	2.038	2.015	2.035	10428736	21093908.00
2025/01/02	2.036	2.064	2.022	2.060	10296676	21093442.00
2025/01/03	2.060	2.100	2.052	2.091	14368432	29868082.00
2025/01/06	2.092	2.099	2.071	2.077	10354348	21550220.00
2025/01/07	2.080	2.080	2.029	2.034	5208324	10638077.00
2025/01/08	2.030	2.068	2.025	2.050	7514211	15394959.00
2025/01/09	2.050	2.088	2.042	2.087	9088860	18891446.00
2025/01/10	2.088	2.114	2.056	2.109	8839883	18527970.00
2025/01/13	2.114	2.116	2.086	2.107	6654512	14007393.00
2025/01/14	2.100	2.107	2.046	2.065	7882919	16269932.00
2025/01/15	2.056	2.099	2.056	2.087	3907820	8157883.50
2025/01/16	2.088	2.096	2.068	2.086	5572780	11601680.00
2025/01/17	2.086	2.096	2.079	2.083	16093884	33627584.00
2025/01/20	2.083	2.093	2.070	2.087	5805144	12076989.00
2025/01/21	2.085	2.105	2.071	2.093	18412752	38562524.00
2025/01/22	2.094	2.126	2.094	2.124	5238707	11075932.00
2025/01/23	2.134	2.178	2.115	2.175	7741425	16696555.00
2025/01/24	2.171	2.198	2.152	2.187	7042005	15330508.00
2025/01/27	2.185	2.220	2.160	2.196	4271416	9415262.00
2025/02/05	2.194	2.201	2.169	2.190	6241488	13656775.00
2025/02/06	2.184	2.195	2.153	2.180	58831768	127147592.00
2025/02/07	2.179	2.191	2.160	2.184	8071636	17587656.00
2025/02/10	2.192	2.287	2.167	2.260	13792064	30736548.00
2025/02/11	2.261	2.343	2.237	2.339	11004356	25398292.00
2025/02/12	2.333	2.342	2.270	2.285	8807386	20389012.00
2025/02/13	2.274	2.285	2.241	2.243	6630363	14955094.00
2025/02/14	2.243	2.267	2.225	2.263	5826611	13078540.00
2025/02/17	2.265	2.292	2.247	2.275	8538280	19437544.00
2025/02/18	2.282	2.289	2.252	2.267	6364718	14468556.00
2025/02/19	2.260	2.284	2.250	2.265	8315928	18836856.00
2025/02/20	2.265	2.284	2.252	2.274	6342552	14404860.00
2025/02/21	2.274	2.300	2.264	2.285	4427557	10132888.00
2025/02/24	2.286	2.286	2.236	2.250	8661616	19558218.00
2025/02/25	2.243	2.249	2.197	2.231	7496860	16642446.00
2025/02/26	2.226	2.257	2.218	2.236	5373696	12055841.00
2025/02/27	2.230	2.235	2.195	2.200	6959820	15364057.00
2025/02/28	2.200	2.211	2.185	2.205	7449931	16349687.00
2025/03/03	2.205	2.212	2.197	2.205	8834207	19451900.00
2025/03/04	2.205	2.235	2.200	2.230	6357054	14137866.00
2025/03/05	2.230	2.230	2.207	2.229	2934807	6520409.50
2025/03/06	2.227	2.228	2.208	2.211	6517124	14415892.00
2025/03/07	2.216	2.216	2.198	2.199	2455308	5402707.50
2025/03/10	2.198	2.210	2.191	2.208	2903598	6401376.00
2025/03/11	2.208	2.214	2.200	2.203	1712439	3776197.00
2025/03/12	2.206	2.210	2.190	2.195	2758292	6054638.50
2025/03/13	2.200	2.202	2.185	2.200	2287929	5025016.50
2025/03/14	2.191	2.214	2.191	2.210	1911049	4203030.00
2025/03/17	2.213	2.245	2.208	2.242	4566172	10208039.00
2025/03/18	2.244	2.252	2.225	2.251	3539357	7924604.00
2025/03/19	2.251	2.274	2.251	2.271	3579924	8113431.50
2025/03/20	2.273	2.287	2.270	2.280	2461000	5606092.00
2025/03/21	2.280	2.282	2.262	2.274	4800481	10893189.00
2025/03/24	2.274	2.280	2.250	2.254	4286656	9703050.00
2025/03/25	2.254	2.268	2.254	2.258	4747076	10722605.00
2025/03/26	2.257	2.267	2.247	2.263	5336660	12032885.00
2025/03/27	2.263	2.289	2.255	2.271	5122856	11671955.00
2025/03/28	2.280	2.291	2.269	2.275	4974512	11339322.00
2025/03/31	2.278	2.290	2.264	2.270	2354821	5356571.50
2025/04/01	2.270	2.280	2.236	2.251	5945028	13375518.00
2025/04/02	2.240	2.240	2.220	2.235	6105244	13610193.00
2025/04/03	2.235	2.235	2.163	2.220	21613621	47596768.00
2025/04/07	2.198	2.198	2.097	2.110	21265576	45206740.00
2025/04/08	2.100	2.118	2.000	2.111	10855200	22857856.00
2025/04/09	2.108	2.116	2.086	2.109	8125972	17063104.00
2025/04/10	2.111	2.130	2.111	2.120	8235259	17479618.00
2025/04/11	2.120	2.144	2.110	2.122	6901663	14728759.00
2025/04/14	2.123	2.125	2.106	2.125	4054975	8575948.00
2025/04/15	2.125	2.125	2.113	2.118	4165704	8829846.00
2025/04/16	2.122	2.137	2.118	2.133	4481656	9544276.00
2025/04/17	2.132	2.149	2.124	2.129	5357159	11438766.00
2025/04/18	2.130	2.149	2.115	2.117	4904688	10423522.00
2025/04/21	2.117	2.117	2.106	2.107	4730704	9976018.00
2025/04/22	2.106	2.111	2.096	2.097	3427360	7206091.00
2025/04/23	2.098	2.131	2.097	2.122	5353532	11341665.00
2025/04/24	2.122	2.125	2.110	2.115	8751040	18524590.00
2025/04/25	2.115	2.120	2.108	2.110	2301320	4865886.50
2025/04/28	2.106	2.113	2.084	2.085	4233220	8863020.00
2025/04/29	2.084	2.095	2.076	2.094	5312242	11080033.00
2025/04/30	2.094	2.115	2.094	2.111	3831743	8072964.50
2025/05/06	2.112	2.120	2.106	2.113	2232184	4711827.50
2025/05/07	2.113	2.129	2.109	2.127	3390972	7174279.00
2025/05/08	2.127	2.144	2.123	2.139	5485808	11707911.00
2025/05/09	2.130	2.159	2.128	2.158	5822692	12524128.00
2025/05/12	2.157	2.179	2.157	2.176	5896292	12819566.00
2025/05/13	2.180	2.184	2.170	2.179	6169328	13427476.00
2025/05/14	2.170	2.218	2.161	2.193	10775083	23741034.00
2025/05/15	2.193	2.208	2.183	2.198	7095108	15627503.00
2025/05/16	2.197	2.208	2.166	2.202	6331220	13911805.00
2025/05/19	2.193	2.220	2.190	2.218	5482160	12111507.00
2025/05/20	2.218	2.219	2.200	2.211	4898046	10822375.00
2025/05/21	2.207	2.238	2.190	2.236	5733640	12751042.00
2025/05/22	2.229	2.230	2.214	2.229	3847180	8546553.00
2025/05/23	2.229	2.237	2.200	2.220	4232416	9376311.00
2025/05/26	2.223	2.223	2.193	2.193	1879712	4147654.25
2025/05/27	2.194	2.194	2.179	2.179	3707084	8102070.00
2025/05/28	2.185	2.213	2.178	2.210	3360380	7366413.50
2025/05/29	2.228	2.250	2.220	2.228	11072256	24784534.00
2025/05/30	2.223	2.230	2.188	2.190	5298852	11662807.00
2025/06/03	2.190	2.199	2.178	2.185	2599424	5669706.50
2025/06/04	2.178	2.193	2.173	2.178	1602920	3495064.75
2025/06/05	2.178	2.194	2.170	2.190	1642760	3586690.25
2025/06/06	2.190	2.230	2.182	2.225	3164432	7018124.50
2025/06/09	2.225	2.230	2.202	2.204	2246260	4962134.00
2025/06/10	2.204	2.217	2.204	2.213	1288180	2850576.25
2025/06/11	2.213	2.240	2.210	2.237	3215592	7169037.00
2025/06/12	2.237	2.243	2.227	2.234	2050555	4583740.00
2025/06/13	2.228	2.246	2.228	2.240	2968654	6643659.00
2025/06/16	2.232	2.259	2.223	2.258	2041668	4576695.50
2025/06/17	2.249	2.266	2.249	2.257	3527012	7972194.00
2025/06/18	2.249	2.263	2.246	2.251	4417782	9962057.00
2025/06/19	2.242	2.258	2.242	2.255	3259696	7333455.50
2025/06/20	2.255	2.270	2.250	2.270	2857372	6448339.50
2025/06/23	2.270	2.274	2.245	2.262	3455639	7800463.00
2025/06/24	2.262	2.269	2.215	2.229	4241664	9470019.00
2025/06/25	2.227	2.228	2.211	2.216	2890036	6406274.00
2025/06/26	2.213	2.219	2.200	2.208	2065874	4568733.00
2025/06/27	2.207	2.218	2.190	2.199	2479882	5453690.50
2025/06/30	2.199	2.208	2.195	2.204	1287512	2834860.75
2025/07/01	2.204	2.225	2.204	2.225	2887964	6382387.00
2025/07/02	2.225	2.249	2.222	2.240	2411103	5394246.00
2025/07/03	2.240	2.251	2.237	2.243	2888558	6486083.00
2025/07/04	2.240	2.248	2.236	2.245	2902488	6513273.50
2025/07/07	2.260	2.260	2.241	2.247	2002176	4503265.50
2025/07/08	2.247	2.247	2.230	2.233	1017094	2274510.00
2025/07/09	2.233	2.244	2.218	2.233	1706844	3801190.75
2025/07/10	2.236	2.242	2.220	2.238	969604	2170043.75
2025/07/11	2.239	2.239	2.220	2.228	1204388	2682688.25
2025/07/14	2.227	2.234	2.220	2.229	763746	1702321.25
2025/07/15	2.233	2.240	2.224	2.230	1209492	2704742.50
2025/07/16	2.224	2.234	2.221	2.230	2327520	5181922.50
2025/07/17	2.225	2.236	2.222	2.226	1524424	3396026.25
2025/07/18	2.222	2.252	2.220	2.249	3262189	7321615.00
2025/07/21	2.249	2.269	2.240	2.258	5029400	11340104.00
2025/07/22	2.256	2.266	2.235	2.240	1667734	3750048.50
2025/07/23	2.233	2.247	2.202	2.226	3290948	7305733.50
2025/07/24	2.217	2.252	2.217	2.251	3942442	8826180.00
2025/07/25	2.251	2.260	2.251	2.257	2466756	5563084.50
2025/07/28	2.259	2.259	2.245	2.254	5172668	11632743.00
2025/07/29	2.255	2.260	2.240	2.250	1671903	3754423.50
2025/07/30	2.245	2.270	2.245	2.269	5187356	11750508.00
2025/07/31	2.269	2.281	2.263	2.281	5082224	11552363.00
2025/08/01	2.283	2.317	2.275	2.302	13999360	32142682.00
2025/08/04	2.300	2.302	2.281	2.290	7285152	16666537.00
2025/08/05	2.290	2.290	2.269	2.275	4566723	10385056.00
2025/08/06	2.272	2.282	2.266	2.280	1813975	4130859.50
2025/08/07	2.280	2.320	2.280	2.302	7741480	17814586.00
2025/08/08	2.308	2.308	2.290	2.302	1721997	3961957.00
2025/08/11	2.301	2.301	2.270	2.282	2762752	6300585.50
2025/08/12	2.275	2.288	2.272	2.285	491672	1123181.00
2025/08/13	2.286	2.297	2.275	2.296	2441843	5577906.50
2025/08/14	2.296	2.305	2.288	2.289	8286736	19055192.00
2025/08/15	2.284	2.295	2.267	2.276	1449312	3299856.25
2025/08/18	2.281	2.284	2.226	2.268	5617462	12626498.00
2025/08/19	2.260	2.272	2.230	2.256	2982951	6736411.00
2025/08/20	2.261	2.270	2.240	2.259	2138136	4830037.50
2025/08/21	2.253	2.271	2.247	2.267	1699600	3850044.25
2025/08/22	2.267	2.270	2.260	2.270	825008	1868146.63
2025/08/25	2.268	2.279	2.249	2.275	2463612	5574390.00
2025/08/26	2.275	2.301	2.260	2.288	3520495	8066341.00
2025/08/27	2.288	2.296	2.276	2.288	1690800	3857993.25
2025/08/28	2.277	2.300	2.274	2.294	1538040	3516966.50
2025/08/29	2.305	2.318	2.268	2.293	2727502	6276241.50
2025/09/01	2.293	2.293	2.285	2.288	1093962	2506559.25
2025/09/02	2.292	2.340	2.289	2.322	8106283	18728402.00
2025/09/03	2.310	2.310	2.261	2.271	1582984	3599754.50
2025/09/04	2.269	2.288	2.256	2.268	3947323	8957425.00
2025/09/05	2.264	2.288	2.254	2.288	8522210	19405834.00
2025/09/08	2.290	2.290	2.266	2.279	2609556	5929688.00
2025/09/09	2.279	2.279	2.262	2.269	2829747	6424731.00
2025/09/10	2.268	2.279	2.247	2.257	3559479	8050274.00
2025/09/11	2.250	2.260	2.247	2.259	734904	1658766.00
2025/09/12	2.259	2.288	2.259	2.276	2893460	6584793.50
2025/09/15	2.276	2.301	2.276	2.298	3759731	8626143.00
2025/09/16	2.298	2.303	2.285	2.291	2784876	6377186.50
2025/09/17	2.292	2.299	2.280	2.294	2431947	5559102.50
2025/09/18	2.294	2.303	2.280	2.290	1806096	4135438.50
2025/09/19	2.288	2.304	2.286	2.298	3256271	7474193.50
2025/09/22	2.298	2.303	2.290	2.303	1238352	2841009.50
2025/09/23	2.299	2.305	2.280	2.300	1152204	2645004.25
2025/09/24	2.290	2.300	2.283	2.299	1067646	2444776.75
2025/09/25	2.296	2.300	2.286	2.288	1295435	2970655.75
2025/09/26	2.286	2.300	2.281	2.298	2171724	4986301.50
2025/09/29	2.296	2.298	2.288	2.298	1720703	3944554.75
2025/09/30	2.298	2.299	2.284	2.296	1389920	3183803.75
2025/10/09	2.296	2.302	2.280	2.290	2400728	5500711.50
2025/10/10	2.290	2.295	2.282	2.284	895516	2048225.75
2025/10/13	2.282	2.291	2.262	2.286	2656332	6069215.50
2025/10/14	2.284	2.290	2.271	2.280	1109344	2532073.00
2025/10/15	2.275	2.281	2.270	2.281	870948	1980920.00
2025/10/16	2.272	2.280	2.261	2.272	1484119	3367245.25
2025/10/17	2.260	2.275	2.260	2.271	2054120	4653585.00
2025/10/20	2.260	2.272	2.256	2.266	1949816	4408067.00
2025/10/21	2.266	2.270	2.244	2.250	1296171	2923088.75
2025/10/22	2.249	2.258	2.236	2.251	2744827	6164763.50
2025/10/23	2.251	2.266	2.240	2.266	2345392	5279475.50
2025/10/24	2.270	2.285	2.252	2.269	3043003	6905198.50
2025/10/27	2.269	2.279	2.260	2.264	931236	2109836.25
2025/10/28	2.265	2.305	2.265	2.287	3968380	9101176.00
2025/10/29	2.287	2.304	2.281	2.287	3033784	6949666.50
2025/10/30	2.287	2.297	2.280	2.290	2199971	5037618.50
2025/10/31	2.287	2.297	2.271	2.281	2402604	5476181.00
2025/11/03	2.270	2.290	2.270	2.277	3064212	6981025.00
2025/11/04	2.270	2.275	2.258	2.266	1768968	4003117.50
2025/11/05	2.266	2.285	2.250	2.275	3344760	7565579.50
2025/11/06	2.275	2.280	2.256	2.263	2265563	5130729.00
2025/11/07	2.263	2.287	2.258	2.282	2694268	6144173.50
2025/11/10	2.283	2.338	2.283	2.333	4101076	9487947.00
2025/11/11	2.332	2.382	2.312	2.329	4900480	11498354.00
2025/11/12	2.329	2.340	2.324	2.330	1714732	3993795.00
2025/11/13	2.320	2.325	2.296	2.320	3945934	9118548.00
2025/11/14	2.320	2.343	2.310	2.334	8086840	18900006.00
2025/11/17	2.333	2.344	2.312	2.335	4608412	10728981.00
2025/11/18	2.332	2.365	2.311	2.355	2693644	6314637.00
2025/11/19	2.351	2.351	2.338	2.346	1429210	3352573.25
2025/11/20	2.346	2.346	2.320	2.330	2500492	5821850.00
2025/11/21	2.319	2.329	2.300	2.309	1557424	3591827.75
2025/11/24	2.295	2.309	2.276	2.301	1513035	3466005.75
2025/11/25	2.297	2.325	2.296	2.308	1444474	3324078.25
2025/11/26	2.302	2.330	2.300	2.328	588619	1363939.88
2025/11/27	2.330	2.335	2.305	2.321	4134192	9597108.00
2025/11/28	2.321	2.328	2.313	2.326	1174816	2726770.50
2025/12/01	2.320	2.320	2.288	2.303	1623444	3737244.00
2025/12/02	2.297	2.316	2.280	2.314	1091140	2500804.50
2025/12/03	2.310	2.327	2.300	2.312	4449459	10290302.00
2025/12/04	2.312	2.326	2.300	2.305	2765812	6396725.50
2025/12/05	2.305	2.319	2.296	2.308	3759923	8660081.00
2025/12/08	2.310	2.310	2.291	2.305	3132684	7213057.00
2025/12/09	2.298	2.306	2.289	2.298	1496299	3433414.75
2025/12/10	2.290	2.308	2.287	2.305	2500008	5739208.50
2025/12/11	2.305	2.308	2.294	2.300	2640368	6070344.00
2025/12/12	2.295	2.310	2.294	2.299	2036256	4687651.00
2025/12/15	2.296	2.308	2.285	2.297	1716172	3933267.75
2025/12/16	2.288	2.297	2.271	2.296	913536	2090764.25
2025/12/17	2.290	2.304	2.280	2.299	2180843	5000533.50
2025/12/18	2.284	2.308	2.277	2.284	849292	1938247.38
2025/12/19	2.280	2.285	2.245	2.274	2253056	5101039.00
2025/12/22	2.280	2.280	2.254	2.268	3397536	7684102.00
2025/12/23	2.269	2.272	2.232	2.259	3742912	8411797.00
2025/12/24	2.259	2.360	2.242	2.323	4132872	9501995.00
2025/12/25	2.323	2.371	2.310	2.339	3190958	7493467.00
2025/12/26	2.330	2.368	2.324	2.341	2277111	5340054.50
2025/12/29	2.336	2.361	2.320	2.342	2097808	4917354.50
2025/12/30	2.342	2.342	2.321	2.338	1198296	2794279.50
2025/12/31	2.337	2.352	2.323	2.337	1862749	4356836.00
2026/01/05	2.334	2.350	2.312	2.341	2905827	6797555.50
2026/01/06	2.325	2.382	2.325	2.365	5020267	11851655.00
2026/01/07	2.366	2.395	2.366	2.390	2994387	7147637.00
2026/01/08	2.390	2.405	2.373	2.398	5360395	12847040.00
2026/01/09	2.390	2.412	2.390	2.397	7745388	18631234.00
2026/01/12	2.396	2.397	2.360	2.371	3180092	7569412.50
2026/01/13	2.370	2.387	2.369	2.371	3944361	9378860.00
2026/01/14	2.371	2.378	2.365	2.373	4966849	11783958.00
2026/01/15	2.373	2.380	2.360	2.375	3159997	7486708.50
2026/01/16	2.380	2.387	2.368	2.372	2235484	5320433.00
2026/01/19	2.372	2.380	2.359	2.374	3818224	9065664.00
2026/01/20	2.374	2.416	2.361	2.416	6419724	15415424.00
2026/01/21	2.414	2.466	2.402	2.450	6273428	15331518.00
2026/01/22	2.460	2.460	2.420	2.436	4651008	11342206.00
2026/01/23	2.433	2.445	2.416	2.437	1813286	4397109.50
2026/01/26	2.437	2.451	2.423	2.440	5407563	13180390.00
2026/01/27	2.440	2.446	2.414	2.430	6883044	16752136.00
2026/01/28	2.430	2.443	2.415	2.435	4440268	10811174.00
2026/01/29	2.430	2.509	2.421	2.496	4370000	10774903.00
2026/01/30	2.480	2.500	2.424	2.450	4898132	12030719.00
2026/02/02	2.440	2.444	2.420	2.436	1792264	4358748.50
2026/02/03	2.430	2.450	2.422	2.429	4374248	10635502.00
2026/02/04	2.433	2.436	2.413	2.423	2768384	6700260.00
2026/02/05	2.400	2.435	2.400	2.428	4465963	10786112.00
2026/02/06	2.428	2.429	2.418	2.421	2716758	6584014.50
2026/02/09	2.422	2.425	2.405	2.411	1540872	3719136.25
2026/02/10	2.408	2.426	2.392	2.420	2051971	4948312.50
2026/02/11	2.417	2.455	2.410	2.436	1871372	4564469.00
2026/02/12	2.436	2.455	2.423	2.455	2074487	5067950.00
2026/02/13	2.455	2.475	2.410	2.422	2162532	5254561.50
2026/02/24	2.420	2.468	2.413	2.456	4939388	12067877.00
2026/02/25	2.456	2.458	2.437	2.447	1259000	3081793.25
2026/02/26	2.447	2.450	2.427	2.442	1007791	2456764.00
2026/02/27	2.442	2.453	2.429	2.433	844176	2053852.25
2026/03/02	2.430	2.432	2.405	2.423	2972991	7203535.50
2026/03/03	2.411	2.448	2.411	2.431	1634912	3981250.50
2026/03/04	2.430	2.439	2.400	2.422	2828111	6852320.50
2026/03/05	2.417	2.434	2.417	2.429	984092	2385925.25
2026/03/06	2.428	2.434	2.413	2.433	544815	1319521.63
2026/03/09	2.430	2.432	2.410	2.432	946668	2296378.00
2026/03/10	2.434	2.453	2.426	2.431	1391076	3390010.00
2026/03/11	2.431	2.449	2.420	2.427	1866172	4542186.50
2026/03/12	2.427	2.438	2.409	2.418	1362292	3290188.50
2026/03/13	2.410	2.432	2.401	2.426	903916	2183795.00
2026/03/16	2.425	2.429	2.397	2.400	418652	1007415.50
2026/03/17	2.400	2.424	2.392	2.414	1164324	2807171.50
2026/03/18	2.414	2.424	2.398	2.414	1816368	4389309.00
2026/03/19	2.410	2.436	2.388	2.408	1299414	3138788.00
2026/03/20	2.407	2.433	2.399	2.415	5303015	12819376.00
2026/03/23	2.400	2.422	2.390	2.390	1165080	2797795.75
2026/03/24	2.396	2.410	2.387	2.394	2434680	5821760.00
2026/04/03	2.382	2.407	2.382	2.393	5339036	12772499.00
#КэѕЭАґФґ:НЁґпРЕ
