180305 ДП·ЅЛі·бОпБчREIT ИХПЯ І»ёґИЁ
      ИХЖЪ	    їЄЕМ	    ЧоёЯ	    ЧоµН	    КХЕМ	    іЙЅ»Бї	    іЙЅ»¶о
2025/04/21	3.800	3.800	3.640	3.735	67524000	251314080.00
2025/04/22	3.724	3.746	3.695	3.742	20757967	77084184.00
2025/04/23	3.724	3.747	3.722	3.738	11398721	42570508.00
2025/04/24	3.737	3.741	3.728	3.741	20527644	76718816.00
2025/04/25	3.733	3.739	3.714	3.721	7720857	28791860.00
2025/04/28	3.715	3.715	3.650	3.670	14626319	53791448.00
2025/04/29	3.668	3.707	3.662	3.696	5979820	22086604.00
2025/04/30	3.695	3.717	3.695	3.711	5073943	18813258.00
2025/05/06	3.711	3.730	3.700	3.728	7153209	26581584.00
2025/05/07	3.716	3.755	3.713	3.749	7089874	26535404.00
2025/05/08	3.749	3.759	3.738	3.755	6838529	25637140.00
2025/05/09	3.746	3.764	3.745	3.749	3448792	12946505.00
2025/05/12	3.749	3.762	3.746	3.759	3762981	14123108.00
2025/05/13	3.759	3.759	3.748	3.750	2852552	10703335.00
2025/05/14	3.747	3.763	3.747	3.756	5239080	19671602.00
2025/05/15	3.762	3.762	3.737	3.753	3918263	14678121.00
2025/05/16	3.753	3.770	3.746	3.766	4112824	15466729.00
2025/05/19	3.775	3.789	3.763	3.780	3759377	14187914.00
2025/05/20	3.780	3.801	3.780	3.800	6555187	24892660.00
2025/05/21	3.801	3.838	3.784	3.830	4932047	18777182.00
2025/05/22	3.826	3.833	3.814	3.820	2853160	10916347.00
2025/05/23	3.819	3.819	3.785	3.804	3494263	13278339.00
2025/05/26	3.798	3.807	3.785	3.804	3260200	12389058.00
2025/05/27	3.804	3.804	3.790	3.799	2337245	8879388.00
2025/05/28	3.793	3.799	3.791	3.796	2000770	7591845.50
2025/05/29	3.796	3.812	3.796	3.807	3074702	11704776.00
2025/05/30	3.805	3.810	3.796	3.805	3798831	14446815.00
2025/06/03	3.805	3.805	3.790	3.796	3678071	13965420.00
2025/06/04	3.795	3.798	3.788	3.793	3492143	13249151.00
2025/06/05	3.793	3.807	3.793	3.801	2902531	11036720.00
2025/06/06	3.805	3.820	3.800	3.818	2399897	9151707.00
2025/06/09	3.818	3.822	3.800	3.812	1995119	7598520.00
2025/06/10	3.812	3.812	3.803	3.806	2747234	10461843.00
2025/06/11	3.808	3.820	3.797	3.816	3207622	12213946.00
2025/06/12	3.816	3.828	3.807	3.814	2974827	11351257.00
2025/06/13	3.815	3.837	3.811	3.830	4535485	17327948.00
2025/06/16	3.830	3.852	3.822	3.852	3676262	14104255.00
2025/06/17	3.852	3.905	3.843	3.889	2969065	11483567.00
2025/06/18	3.890	3.986	3.889	3.972	3177109	12533176.00
2025/06/19	3.979	4.000	3.933	3.986	3109278	12314516.00
2025/06/20	3.988	4.115	3.986	4.102	4018386	16153808.00
2025/06/23	4.100	4.212	4.070	4.160	5524183	22928198.00
2025/06/24	4.160	4.199	4.074	4.141	4325364	17834424.00
2025/06/25	4.141	4.149	4.078	4.140	3661695	15072123.00
2025/06/26	4.134	4.134	4.066	4.100	3600287	14746858.00
2025/06/27	4.117	4.117	4.012	4.052	4731620	19168712.00
2025/06/30	4.044	4.065	4.011	4.046	3318855	13416684.00
2025/07/01	4.040	4.092	4.040	4.049	3245377	13171578.00
2025/07/02	4.043	4.087	4.030	4.063	3975588	16147699.00
2025/07/03	4.063	4.080	4.052	4.057	4280437	17380820.00
2025/07/04	4.057	4.075	4.040	4.044	2404381	9730241.00
2025/07/07	4.044	4.094	4.044	4.076	2947570	12012973.00
2025/07/08	4.092	4.095	4.067	4.078	3549033	14472700.00
2025/07/09	4.070	4.089	4.069	4.080	4367996	17801846.00
2025/07/10	4.080	4.087	4.060	4.078	3296540	13452820.00
2025/07/11	4.067	4.088	4.067	4.076	1510055	6156642.50
2025/07/14	4.076	4.077	4.060	4.077	2251353	9171612.00
2025/07/15	4.070	4.089	4.064	4.085	2438799	9957611.00
2025/07/16	4.085	4.097	4.077	4.097	2626985	10731564.00
2025/07/17	4.096	4.106	4.080	4.081	3531347	14431182.00
2025/07/18	4.080	4.090	4.065	4.089	2296694	9358120.00
2025/07/21	4.089	4.100	4.061	4.098	2937680	11975648.00
2025/07/22	4.082	4.091	4.007	4.048	3906325	15891091.00
2025/07/23	4.018	4.048	3.924	3.995	8055537	31788872.00
2025/07/24	3.985	4.005	3.940	3.995	4026140	16010041.00
2025/07/25	3.995	3.995	3.962	3.979	4623436	18398094.00
2025/07/28	3.970	4.039	3.950	4.025	2543956	10187612.00
2025/07/29	4.026	4.026	3.970	3.980	2281277	9130352.00
2025/07/30	3.989	4.004	3.945	4.000	6156582	24426726.00
2025/07/31	3.989	4.052	3.985	4.050	6047411	24255240.00
2025/08/01	4.059	4.070	4.030	4.064	2863757	11587698.00
2025/08/04	4.066	4.077	4.034	4.049	2676530	10868969.00
2025/08/05	4.033	4.049	4.018	4.031	2490026	10064555.00
2025/08/06	4.031	4.076	4.023	4.062	2251042	9120513.00
2025/08/07	4.054	4.087	4.052	4.078	1891780	7716838.50
2025/08/08	4.078	4.078	4.063	4.072	1741201	7080538.50
2025/08/11	4.073	4.073	4.056	4.070	1676976	6815282.00
2025/08/12	4.055	4.075	4.045	4.070	1428753	5806857.00
2025/08/13	4.055	4.070	4.054	4.067	2314516	9412484.00
2025/08/14	4.067	4.071	4.055	4.064	1460547	5937155.00
2025/08/15	4.058	4.063	4.026	4.052	3358325	13591538.00
2025/08/18	4.044	4.044	3.960	3.965	3277469	13049218.00
2025/08/19	3.964	3.986	3.938	3.978	4403858	17491918.00
2025/08/20	3.978	4.050	3.978	4.010	3595846	14485956.00
2025/08/21	4.022	4.050	4.009	4.033	1804085	7263879.00
2025/08/22	4.043	4.046	4.009	4.025	1503089	6058701.50
2025/08/25	4.024	4.024	3.986	4.006	4066218	16273675.00
2025/08/26	4.000	4.048	3.989	4.035	2218548	8936262.00
2025/08/27	4.033	4.043	4.024	4.033	2376719	9580516.00
2025/08/28	4.033	4.050	4.031	4.040	2269349	9177055.00
2025/08/29	4.048	4.076	4.040	4.068	2150321	8726187.00
2025/09/01	4.062	4.065	4.033	4.037	1558478	6297289.50
2025/09/02	4.022	4.059	4.002	4.051	2787631	11274866.00
2025/09/03	4.057	4.090	4.044	4.066	1734508	7030096.00
2025/09/04	4.055	4.078	4.055	4.066	2335563	9507313.00
2025/09/05	4.066	4.088	4.041	4.049	1688469	6842520.50
2025/09/08	4.049	4.049	4.011	4.029	1500683	6049265.50
2025/09/09	4.022	4.037	4.015	4.033	1293832	5213721.00
2025/09/10	4.035	4.068	4.022	4.030	1354882	5458792.00
2025/09/11	4.031	4.044	4.014	4.018	907725	3650470.75
2025/09/12	4.022	4.040	4.015	4.030	1526987	6149539.00
2025/09/15	4.022	4.050	4.018	4.050	932913	3762894.00
2025/09/16	4.049	4.070	4.040	4.063	1493099	6053990.50
2025/09/17	4.065	4.076	4.055	4.057	1161410	4713514.50
2025/09/18	4.057	4.080	4.057	4.076	1080472	4399471.00
2025/09/19	4.076	4.078	4.066	4.078	1049042	4270969.50
2025/09/22	4.070	4.070	4.038	4.061	992949	4030056.25
2025/09/23	4.060	4.110	4.040	4.103	1355642	5505735.50
2025/09/24	4.099	4.099	4.050	4.067	1363435	5564197.00
2025/09/25	4.051	4.066	4.032	4.038	1503952	6072058.50
2025/09/26	4.033	4.076	4.002	4.040	1947494	7874992.50
2025/09/29	4.039	4.044	4.012	4.032	1067166	4303389.50
2025/09/30	4.022	4.043	4.022	4.037	877162	3539391.75
2025/10/09	4.013	4.041	4.006	4.021	1286219	5187340.00
2025/10/10	4.013	4.038	4.013	4.024	1252289	5039480.00
2025/10/13	4.033	4.055	3.928	4.034	1413337	5696977.50
2025/10/14	4.022	4.036	4.011	4.020	1234803	4969921.00
2025/10/15	4.019	4.019	4.000	4.000	1166193	4669032.50
2025/10/16	4.000	4.000	3.961	3.994	1580873	6279217.50
2025/10/17	3.978	4.014	3.970	3.994	2499045	9970150.00
2025/10/20	4.011	4.025	3.954	3.962	1663403	6612551.50
2025/10/21	3.962	3.963	3.910	3.926	1323251	5184543.00
2025/10/22	3.926	3.949	3.913	3.920	945347	3702828.75
2025/10/23	3.920	3.967	3.912	3.963	1949578	7661888.00
2025/10/24	3.963	3.996	3.939	3.995	1165115	4643570.50
2025/10/27	3.998	4.000	3.973	3.986	2053107	8192031.00
2025/10/28	3.985	4.012	3.978	4.008	2160064	8640762.00
2025/10/29	4.007	4.044	3.989	4.039	2315518	9318708.00
2025/10/30	4.054	4.054	4.014	4.038	2200874	8873183.00
2025/10/31	4.036	4.055	4.011	4.027	1417223	5700325.00
2025/11/03	4.022	4.066	3.995	4.032	1938929	7831218.00
2025/11/04	4.031	4.031	3.995	4.011	1504921	6025427.50
2025/11/05	4.000	4.030	3.981	4.009	1993481	7990416.00
2025/11/06	3.952	4.022	3.952	4.007	1220077	4888767.50
2025/11/07	4.000	4.012	3.989	3.995	1370026	5487756.50
2025/11/10	3.994	4.052	3.990	4.030	2064342	8317346.50
2025/11/11	4.027	4.080	4.027	4.057	2300299	9337566.00
2025/11/12	4.044	4.080	4.044	4.075	1876781	7645285.00
2025/11/13	4.075	4.128	4.075	4.091	2885519	11796085.00
2025/11/14	4.090	4.161	4.075	4.145	2746278	11339984.00
2025/11/17	4.145	4.160	4.115	4.143	2224752	9225407.00
2025/11/18	4.069	4.069	4.021	4.031	1782524	7209836.50
2025/11/19	4.012	4.047	3.964	3.989	1560369	6267412.00
2025/11/20	3.998	4.008	3.965	3.995	1353978	5406482.00
2025/11/21	3.995	3.999	3.951	3.968	1232194	4913503.00
2025/11/24	3.968	3.999	3.968	3.981	1518332	6048609.00
2025/11/25	4.005	4.038	3.981	4.002	1618841	6477499.00
2025/11/26	4.003	4.038	4.003	4.030	1507767	6078224.50
2025/11/27	4.030	4.045	4.019	4.021	1306360	5260447.00
2025/11/28	4.021	4.035	3.982	3.998	1533006	6134288.00
2025/12/01	3.980	3.992	3.926	3.982	1447311	5746466.50
2025/12/02	3.983	3.983	3.958	3.967	1542603	6125402.50
2025/12/03	3.966	4.020	3.966	4.012	1570957	6278329.00
2025/12/04	4.018	4.028	3.988	4.007	1221360	4900769.00
2025/12/05	4.028	4.068	3.986	4.000	2270708	9100548.00
2025/12/08	3.999	4.001	3.960	3.991	2422384	9670037.00
2025/12/09	3.967	3.995	3.967	3.976	1716071	6832588.50
2025/12/10	3.961	4.060	3.961	3.993	2082725	8321963.00
2025/12/11	3.969	4.010	3.969	3.986	1647307	6589224.50
2025/12/12	3.987	4.012	3.987	3.995	1979423	7916150.50
2025/12/15	3.969	3.995	3.960	3.972	1990888	7924654.00
2025/12/16	3.975	3.975	3.938	3.960	1352700	5341543.00
2025/12/17	3.960	3.961	3.934	3.950	1450000	5719104.50
2025/12/18	3.950	3.950	3.901	3.921	2323629	9099683.00
2025/12/19	3.901	3.945	3.845	3.932	2050613	7942628.00
2025/12/22	3.893	3.929	3.885	3.921	1664375	6508681.00
2025/12/23	3.979	3.980	3.879	3.886	1669290	6493923.50
2025/12/24	3.936	3.965	3.850	3.961	2366775	9312892.00
2025/12/25	3.972	4.027	3.921	4.000	2771972	11087948.00
2025/12/26	4.001	4.002	3.977	3.988	1204096	4802929.50
2025/12/29	3.948	4.005	3.948	3.998	2143257	8566735.00
2025/12/30	3.997	3.997	3.918	3.981	2215437	8803394.00
2025/12/31	4.000	4.017	3.913	4.002	1378667	5446623.50
2026/01/05	4.016	4.020	3.962	4.019	1871754	7513188.00
2026/01/06	4.030	4.042	3.972	4.025	1720597	6923041.00
2026/01/07	4.020	4.069	3.985	4.058	1770252	7162015.00
2026/01/08	4.078	4.081	4.020	4.028	2505011	10134675.00
2026/01/09	4.029	4.064	4.029	4.042	5241463	21202752.00
2026/01/12	4.050	4.067	3.998	4.038	2741652	11068869.00
2026/01/13	4.015	4.090	4.013	4.040	2191937	8875621.00
2026/01/14	4.008	4.058	4.008	4.042	2376939	9613370.00
2026/01/15	4.042	4.065	4.001	4.037	1682412	6808511.50
2026/01/16	4.039	4.052	4.013	4.050	1902175	7673379.50
2026/01/19	4.050	4.062	4.021	4.051	1717771	6939167.50
2026/01/20	4.051	4.091	4.031	4.082	2160077	8782169.00
2026/01/21	4.102	4.128	4.047	4.109	3392294	13905094.00
2026/01/22	4.079	4.222	4.079	4.188	2274364	9530571.00
2026/01/23	4.152	4.314	4.152	4.270	3368922	14358638.00
2026/01/26	4.270	4.273	4.206	4.259	3584957	15255593.00
2026/01/27	4.238	4.263	4.226	4.255	2932899	12448328.00
2026/01/28	4.254	4.275	4.235	4.266	2222934	9468490.00
2026/01/29	4.252	4.443	4.252	4.398	2423874	10520670.00
2026/01/30	4.398	4.419	4.327	4.349	2116677	9227842.00
2026/02/02	4.323	4.351	4.283	4.284	1250334	5373309.50
2026/02/03	4.283	4.297	4.281	4.285	1294930	5546105.00
2026/02/04	4.285	4.309	4.274	4.285	1795908	7703688.00
2026/02/05	4.285	4.320	4.252	4.316	1226200	5262273.00
2026/02/06	4.315	4.315	4.263	4.278	1504834	6434323.00
2026/02/09	4.272	4.272	4.230	4.232	1318576	5613097.00
2026/02/10	4.231	4.290	4.200	4.286	1695970	7155865.50
2026/02/11	4.260	4.343	4.260	4.319	1659296	7149919.00
2026/02/12	4.319	4.324	4.275	4.288	1595052	6882967.00
2026/02/13	4.272	4.301	4.261	4.293	1889415	8101035.00
2026/02/24	4.277	4.308	4.266	4.307	1558833	6662504.50
2026/02/25	4.293	4.320	4.273	4.290	1199698	5151698.50
2026/02/26	4.306	4.307	4.233	4.270	1394953	5922830.00
2026/02/27	4.268	4.268	4.228	4.244	914327	3879973.25
2026/03/02	4.243	4.269	4.207	4.222	1442614	6100309.00
2026/03/03	4.197	4.231	4.195	4.230	1912704	8073799.00
2026/03/04	4.229	4.229	4.171	4.185	1574500	6598965.00
2026/03/05	4.185	4.195	4.152	4.152	1588805	6646084.00
2026/03/06	4.153	4.172	4.086	4.100	2171395	8940706.00
2026/03/09	4.101	4.110	4.058	4.102	2488100	10140302.00
2026/03/10	4.101	4.182	4.101	4.163	2266175	9429198.00
2026/03/11	4.163	4.210	4.153	4.195	1705728	7119628.00
2026/03/12	4.208	4.260	4.138	4.148	1747800	7304054.50
2026/03/13	4.149	4.195	4.117	4.134	1287490	5343142.50
2026/03/16	4.166	4.166	3.992	4.001	2652500	10690913.00
2026/03/17	3.997	4.018	3.960	3.961	2917515	11620187.00
2026/03/18	3.957	3.969	3.920	3.920	2371400	9365251.00
2026/03/19	3.924	3.942	3.900	3.935	1795411	7070357.00
2026/03/20	3.943	3.965	3.920	3.943	1266650	5014715.00
2026/03/23	3.943	3.943	3.856	3.860	1806392	7015713.00
2026/03/24	3.856	3.890	3.856	3.889	1791700	6939036.00
2026/04/03	3.761	3.780	3.691	3.780	3322988	12350227.00
#КэѕЭАґФґ:НЁґпРЕ
