180901 ДП·ЅИуФуїЖјјКэѕЭ ИХПЯ І»ёґИЁ
      ИХЖЪ	    їЄЕМ	    ЧоёЯ	    ЧоµН	    КХЕМ	    іЙЅ»Бї	    іЙЅ»¶о
2025/08/08	5.600	5.850	5.442	5.850	79276682	451739232.00
2025/08/11	5.950	6.150	5.850	6.065	31131776	186657232.00
2025/08/12	6.006	6.145	6.003	6.128	15110445	91866352.00
2025/08/13	6.120	6.139	6.040	6.090	12568854	76774152.00
2025/08/14	6.053	6.103	6.042	6.100	8982346	54759484.00
2025/08/15	6.100	6.115	6.066	6.099	6323225	38509480.00
2025/08/18	6.097	6.097	5.870	5.975	10053824	59888328.00
2025/08/19	5.932	5.944	5.821	5.939	6820035	40271452.00
2025/08/20	5.880	6.018	5.880	5.950	6160216	36871624.00
2025/08/21	5.970	6.002	5.911	5.999	5290077	31623136.00
2025/08/22	6.000	6.025	5.963	6.010	3983780	23881106.00
2025/08/25	6.010	6.031	5.956	6.029	4198132	25237640.00
2025/08/26	6.029	6.140	6.000	6.124	4335752	26314996.00
2025/08/27	6.101	6.127	6.071	6.115	3989984	24372430.00
2025/08/28	6.115	6.115	6.055	6.084	3636043	22076560.00
2025/08/29	6.080	6.085	6.032	6.081	3744695	22690464.00
2025/09/01	6.070	6.079	6.037	6.072	3665003	22212866.00
2025/09/02	6.072	6.089	6.037	6.078	5086794	30835234.00
2025/09/03	6.080	6.106	6.053	6.087	3504908	21266962.00
2025/09/04	6.091	6.100	6.059	6.090	3391027	20626508.00
2025/09/05	6.090	6.090	6.056	6.072	2949972	17913566.00
2025/09/08	6.072	6.072	5.999	6.019	3296384	19815360.00
2025/09/09	6.019	6.044	5.982	6.028	2501338	15057190.00
2025/09/10	6.003	6.029	5.980	6.022	2700266	16197604.00
2025/09/11	6.002	6.041	5.993	6.041	3372488	20239312.00
2025/09/12	6.040	6.043	6.006	6.035	2843496	17124394.00
2025/09/15	6.027	6.099	6.014	6.095	3780220	22933006.00
2025/09/16	6.095	6.107	6.063	6.096	3222902	19592400.00
2025/09/17	6.070	6.112	6.033	6.098	3973801	24164688.00
2025/09/18	6.068	6.135	6.068	6.133	2528533	15464408.00
2025/09/19	6.125	6.149	6.098	6.120	1914705	11735745.00
2025/09/22	6.120	6.120	6.061	6.090	3488707	21232346.00
2025/09/23	6.070	6.120	6.058	6.090	2405937	14639088.00
2025/09/24	6.070	6.090	6.051	6.090	2097279	12737557.00
2025/09/25	6.078	6.085	5.981	6.060	5219524	31481986.00
2025/09/26	6.037	6.070	6.018	6.060	2366395	14331020.00
2025/09/29	6.021	6.101	6.002	6.075	2811448	17042702.00
2025/09/30	6.053	6.090	6.021	6.080	1439875	8710716.00
2025/10/09	6.070	6.081	6.031	6.078	2079058	12587605.00
2025/10/10	6.053	6.080	6.040	6.080	1696449	10304111.00
2025/10/13	6.040	6.099	6.040	6.095	1717211	10446081.00
2025/10/14	6.085	6.110	6.051	6.102	1948633	11826525.00
2025/10/15	6.098	6.102	6.050	6.090	2403889	14618970.00
2025/10/16	6.088	6.093	6.050	6.090	1857764	11269336.00
2025/10/17	6.084	6.100	6.060	6.100	2910976	17707630.00
2025/10/20	6.100	6.128	6.067	6.105	3607512	21944468.00
2025/10/21	6.104	6.104	6.060	6.076	1859097	11284377.00
2025/10/22	6.056	6.088	6.053	6.088	2213680	13434901.00
2025/10/23	6.075	6.146	6.065	6.139	1761802	10747817.00
2025/10/24	6.143	6.218	6.122	6.200	2456377	15187454.00
2025/10/27	6.200	6.220	6.189	6.203	1854960	11500892.00
2025/10/28	6.205	6.300	6.205	6.291	2195359	13697354.00
2025/10/29	6.294	6.478	6.274	6.406	4822643	30649540.00
2025/10/30	6.398	6.476	6.375	6.409	7440064	47774368.00
2025/10/31	6.426	6.449	6.342	6.380	2022921	12943708.00
2025/11/03	6.380	6.433	6.356	6.400	2909964	18639636.00
2025/11/04	6.376	6.400	6.324	6.363	2412830	15299942.00
2025/11/05	6.350	6.421	6.325	6.388	1386813	8837228.00
2025/11/06	6.388	6.444	6.360	6.399	1918672	12282491.00
2025/11/07	6.395	6.406	6.395	6.402	1898600	12149981.00
2025/11/10	6.399	6.410	6.378	6.400	1639855	10491130.00
2025/11/11	6.427	6.492	6.393	6.448	2612149	16776976.00
2025/11/12	6.429	6.448	6.380	6.392	2988095	19130472.00
2025/11/13	6.393	6.407	6.365	6.389	3526006	22536880.00
2025/11/14	6.367	6.427	6.335	6.390	2110171	13481474.00
2025/11/17	6.390	6.409	6.341	6.355	2905314	18491390.00
2025/11/18	6.387	6.387	6.338	6.343	3967901	25190408.00
2025/11/19	6.338	6.338	6.247	6.263	4730890	29707780.00
2025/11/20	6.233	6.275	6.228	6.266	1832167	11466878.00
2025/11/21	6.228	6.259	6.121	6.160	3192998	19783342.00
2025/11/24	6.150	6.240	6.120	6.239	1837572	11376791.00
2025/11/25	6.276	6.299	6.239	6.291	753836	4728924.50
2025/11/26	6.302	6.367	6.235	6.281	2490046	15655640.00
2025/11/27	6.279	6.311	6.243	6.280	1521584	9565102.00
2025/11/28	6.280	6.300	6.263	6.280	1929155	12116103.00
2025/12/01	6.250	6.346	6.181	6.346	1192024	7510272.50
2025/12/02	6.346	6.388	6.308	6.342	1140633	7236929.50
2025/12/03	6.343	6.380	6.323	6.374	1445163	9174074.00
2025/12/04	6.349	6.388	6.337	6.346	1215410	7708760.00
2025/12/05	6.346	6.350	6.280	6.324	1679938	10607085.00
2025/12/08	6.315	6.315	6.282	6.314	2433892	15335954.00
2025/12/09	6.297	6.322	6.285	6.309	2094282	13200736.00
2025/12/10	6.290	6.360	6.290	6.360	2233801	14139308.00
2025/12/11	6.378	6.420	6.324	6.412	2589639	16535483.00
2025/12/12	6.413	6.449	6.400	6.442	3052813	19642532.00
2025/12/15	6.402	6.448	6.340	6.399	1628472	10386816.00
2025/12/16	6.359	6.394	6.323	6.375	2261729	14365148.00
2025/12/17	6.347	6.398	6.264	6.382	2201618	13987346.00
2025/12/18	6.347	6.379	6.316	6.344	1688653	10685797.00
2025/12/19	6.344	6.360	6.228	6.306	2024616	12715060.00
2025/12/22	6.295	6.317	6.265	6.287	3219908	20231640.00
2025/12/23	6.287	6.400	6.242	6.271	2574364	16163192.00
2025/12/24	6.271	6.460	6.270	6.398	3506439	22304086.00
2025/12/25	6.398	6.460	6.301	6.444	2671614	17174896.00
2025/12/26	6.444	6.444	6.317	6.425	918816	5905111.00
2025/12/29	6.420	6.430	6.352	6.400	2100285	13408402.00
2025/12/30	6.360	6.400	6.350	6.392	2123126	13534661.00
2025/12/31	6.420	6.420	6.361	6.386	1317715	8403239.00
2026/01/05	6.420	6.450	6.379	6.438	3150942	20259690.00
2026/01/06	6.442	6.455	6.412	6.440	3872830	24951480.00
2026/01/07	6.400	6.568	6.400	6.568	1917007	12496805.00
2026/01/08	6.569	6.677	6.569	6.665	2586577	17142202.00
2026/01/09	6.665	6.934	6.665	6.724	3436663	23152090.00
2026/01/12	6.755	6.880	6.665	6.758	2069130	13959267.00
2026/01/13	6.758	6.785	6.640	6.660	3762556	25129802.00
2026/01/14	6.637	6.690	6.620	6.658	4649255	30923960.00
2026/01/15	6.656	6.668	6.620	6.648	2411773	16012267.00
2026/01/16	6.648	6.660	6.613	6.652	1730422	11503096.00
2026/01/19	6.681	6.773	6.630	6.771	1840605	12304306.00
2026/01/20	6.772	6.834	6.732	6.806	3683075	25059366.00
2026/01/21	6.816	6.940	6.816	6.940	2398383	16535539.00
2026/01/22	6.940	7.190	6.898	7.145	4361378	30974432.00
2026/01/23	7.188	7.250	6.978	7.051	6014155	42870612.00
2026/01/26	7.006	7.060	6.999	7.000	3615409	25423806.00
2026/01/27	7.000	7.043	6.943	7.027	3771251	26496486.00
2026/01/28	7.027	7.060	7.009	7.030	2576278	18137628.00
2026/01/29	7.030	7.072	7.029	7.032	3851530	27087226.00
2026/01/30	7.020	7.049	7.018	7.023	1728305	12140090.00
2026/02/02	7.001	7.001	6.944	6.970	2046300	14261010.00
2026/02/03	6.980	6.980	6.930	6.971	1906124	13265817.00
2026/02/04	7.000	7.000	6.918	6.940	1868832	12977471.00
2026/02/05	6.970	6.970	6.847	6.935	3587852	24659010.00
2026/02/06	6.931	6.959	6.877	6.915	1757241	12141303.00
2026/02/09	6.940	6.940	6.840	6.899	2262875	15572321.00
2026/02/10	6.858	6.939	6.813	6.886	1560780	10784920.00
2026/02/11	6.900	7.045	6.900	6.920	1700790	11826069.00
2026/02/12	6.969	7.010	6.921	6.963	1219374	8478746.00
2026/02/13	6.969	7.020	6.963	7.017	1736003	12146591.00
2026/02/24	7.026	7.340	7.026	7.210	4419987	31913132.00
2026/02/25	7.210	7.320	7.138	7.217	3660463	26422216.00
2026/02/26	7.223	7.246	7.167	7.202	3577559	25746084.00
2026/02/27	7.206	7.250	7.118	7.205	2722271	19581994.00
2026/03/02	7.205	7.250	7.165	7.228	2957783	21355912.00
2026/03/03	7.233	7.250	7.088	7.100	5667234	40336252.00
2026/03/04	7.089	7.089	6.983	7.000	3152809	22148056.00
2026/03/05	6.974	7.023	6.918	6.939	4076200	28331594.00
2026/03/06	7.000	7.070	6.877	6.936	2716053	18772246.00
2026/03/09	6.907	6.925	6.858	6.882	2482006	17131498.00
2026/03/10	6.882	7.099	6.882	6.989	3862200	27038010.00
2026/03/11	6.959	7.100	6.950	7.073	2223431	15688388.00
2026/03/12	7.073	7.163	7.035	7.095	1715457	12127580.00
2026/03/13	7.027	7.101	7.024	7.035	1214919	8549210.00
2026/03/16	7.030	7.033	6.920	7.005	1027934	7145224.00
2026/03/17	7.005	7.100	6.965	7.055	1341322	9445332.00
2026/03/18	7.055	7.089	7.038	7.089	1150901	8112493.50
2026/03/19	7.114	7.130	7.035	7.050	1624779	11506596.00
2026/03/20	7.050	7.072	6.952	7.024	1317540	9266963.00
2026/03/23	7.000	7.021	6.844	6.912	1618507	11177054.00
2026/03/24	6.882	6.998	6.850	6.969	751836	5205852.50
2026/04/03	6.870	6.950	6.870	6.940	1131129	7841208.50
#КэѕЭАґФґ:НЁґпРЕ
