180801 ЦРєЅКЧёЦВМДЬREIT ИХПЯ І»ёґИЁ
      ИХЖЪ	    їЄЕМ	    ЧоёЯ	    ЧоµН	    КХЕМ	    іЙЅ»Бї	    іЙЅ»¶о
2021/06/21	16.056	16.056	14.600	14.711	11834529	181529360.00
2021/06/22	14.711	14.711	13.412	14.700	4322447	59971080.00
2021/06/23	14.672	14.672	13.939	14.288	1941702	27794168.00
2021/06/24	14.287	14.287	13.990	14.070	1167096	16419460.00
2021/06/25	14.070	14.090	14.062	14.078	789552	11105713.00
2021/06/28	14.079	14.089	14.054	14.054	825372	11611747.00
2021/06/29	14.055	14.059	13.995	13.996	796902	11163376.00
2021/06/30	13.997	14.084	13.997	14.037	249731	3504693.75
2021/07/01	14.037	14.257	14.000	14.186	416729	5886021.50
2021/07/02	14.170	14.170	13.998	14.037	657078	9210141.00
2021/07/05	14.037	14.049	14.013	14.018	486055	6814395.00
2021/07/06	14.020	14.026	14.005	14.008	572832	8026150.00
2021/07/07	14.008	14.020	13.998	14.001	516576	7232440.50
2021/07/08	14.000	14.002	13.993	13.994	425235	5952161.50
2021/07/09	13.994	14.000	13.994	13.998	390103	5460458.50
2021/07/12	13.999	14.000	13.994	13.997	465293	6512831.50
2021/07/13	13.997	13.999	13.994	13.997	366551	5130361.50
2021/07/14	13.996	13.996	13.944	13.948	392079	5474794.00
2021/07/15	13.948	13.990	13.948	13.987	369852	5163772.00
2021/07/16	13.988	14.011	13.988	14.009	650479	9111676.00
2021/07/19	14.009	14.012	14.002	14.011	443202	6207971.50
2021/07/20	14.012	14.040	13.980	14.020	349537	4895877.50
2021/07/21	14.020	14.020	14.000	14.009	246778	3457786.00
2021/07/22	14.009	14.015	13.999	14.014	182878	2562313.25
2021/07/23	14.014	14.150	14.014	14.045	303202	4253608.50
2021/07/26	14.045	14.045	14.029	14.039	299293	4201081.00
2021/07/27	14.040	14.044	14.009	14.042	340371	4777658.00
2021/07/28	14.041	14.042	14.009	14.042	365859	5132185.50
2021/07/29	14.042	14.043	14.001	14.041	227670	3196163.25
2021/07/30	14.040	14.043	14.001	14.041	162888	2286863.75
2021/08/02	14.040	14.049	14.011	14.047	281027	3944812.25
2021/08/03	14.047	14.163	14.018	14.147	273304	3856966.50
2021/08/04	14.146	14.262	14.020	14.250	195563	2785334.75
2021/08/05	14.250	14.327	14.141	14.324	242762	3460385.00
2021/08/06	14.324	14.499	14.324	14.343	427165	6131497.00
2021/08/09	14.344	14.391	14.344	14.391	177904	2558547.00
2021/08/10	14.391	14.482	14.391	14.481	378656	5479358.50
2021/08/11	14.482	14.699	14.481	14.543	625413	9152635.00
2021/08/12	14.543	14.690	14.543	14.649	403787	5908753.00
2021/08/13	14.650	14.850	14.476	14.481	500544	7281647.00
2021/08/16	14.481	14.481	14.120	14.380	255852	3673517.25
2021/08/17	14.380	14.440	14.380	14.399	192413	2772336.00
2021/08/18	14.399	14.440	14.399	14.440	230261	3318025.75
2021/08/19	14.440	14.510	14.440	14.477	314290	4549017.00
2021/08/20	14.477	14.490	14.435	14.489	280781	4060468.50
2021/08/23	14.489	14.489	14.460	14.464	473225	6845246.50
2021/08/24	14.465	14.475	14.463	14.468	454803	6579851.00
2021/08/25	14.467	14.480	14.446	14.471	436266	6310977.50
2021/08/26	14.471	14.588	14.463	14.575	294836	4280659.00
2021/08/27	14.575	14.727	14.568	14.716	532552	7809899.00
2021/08/30	14.717	15.003	14.717	14.920	739043	11048551.00
2021/08/31	14.920	15.158	14.920	15.013	524605	7879058.00
2021/09/01	15.013	15.152	14.920	14.948	498062	7471306.50
2021/09/02	14.948	15.120	14.945	15.000	418946	6286723.50
2021/09/03	15.001	15.300	15.000	15.015	397088	5964407.00
2021/09/06	15.015	15.280	15.015	15.018	572514	8603848.00
2021/09/07	15.019	15.076	15.019	15.040	517270	7785073.00
2021/09/08	15.040	15.080	15.010	15.011	478191	7190170.00
2021/09/09	15.110	15.110	15.000	15.012	480605	7215950.00
2021/09/10	15.012	15.016	15.000	15.007	292587	4390170.00
2021/09/13	15.007	15.130	15.007	15.119	576228	8663630.00
2021/09/14	15.119	15.790	15.119	15.605	497553	7652205.50
2021/09/15	15.606	16.287	15.606	15.899	1197948	19117370.00
2021/09/16	15.898	16.199	15.501	15.960	753389	11974696.00
2021/09/17	15.961	16.440	15.961	16.291	962741	15661537.00
2021/09/22	16.291	16.600	16.100	16.599	908906	14932604.00
2021/09/23	16.599	17.700	16.599	17.219	1302782	22502690.00
2021/09/24	17.219	17.979	17.219	17.838	1826018	32394132.00
2021/09/27	17.874	18.555	16.054	16.966	3037178	54091696.00
2021/09/28	16.964	16.964	15.500	16.050	2004117	32412404.00
2021/09/29	16.043	16.853	15.676	16.286	1506775	24639692.00
2021/09/30	16.290	16.799	16.290	16.706	1045838	17411074.00
2021/10/08	16.725	17.050	16.725	16.799	914749	15378901.00
2021/10/11	16.799	16.850	16.545	16.723	1009733	16889414.00
2021/10/12	16.723	16.800	16.550	16.689	397289	6627374.00
2021/10/13	16.690	16.790	16.690	16.700	570959	9538834.00
2021/10/14	16.700	16.706	16.678	16.692	597758	9976009.00
2021/10/15	16.692	16.692	16.653	16.672	434342	7239982.50
2021/10/18	16.648	16.688	16.623	16.657	475078	7909957.00
2021/10/19	16.657	16.669	16.635	16.669	476589	7935462.50
2021/10/20	16.670	17.002	16.670	17.000	560567	9446601.00
2021/10/21	17.000	17.500	17.000	17.420	855243	14848797.00
2021/10/22	17.421	17.760	17.421	17.715	1012455	17942578.00
2021/10/25	17.716	17.870	17.716	17.846	838948	14960253.00
2021/10/26	17.846	18.000	17.120	17.336	1683363	29660724.00
2021/10/27	17.335	17.682	17.000	17.525	863701	15036476.00
2021/10/28	17.526	17.822	17.526	17.776	863549	15294908.00
2021/10/29	17.776	17.850	17.600	17.780	896913	15925047.00
2021/11/01	17.781	17.850	17.550	17.604	934717	16559887.00
2021/11/02	17.604	17.655	17.100	17.290	777379	13493596.00
2021/11/03	17.288	17.288	17.000	17.001	1160961	19805426.00
2021/11/04	17.002	17.500	16.709	16.901	1112868	18876864.00
2021/11/05	16.901	17.149	16.900	17.133	722229	12327317.00
2021/11/08	17.133	17.340	17.000	17.059	416450	7104718.00
2021/11/09	17.060	17.234	16.900	17.008	372311	6329539.00
2021/11/10	17.017	17.110	17.000	17.003	354164	6027520.00
2021/11/11	17.003	17.083	16.995	17.082	386949	6589442.00
2021/11/12	17.082	17.800	17.082	17.605	888494	15565249.00
2021/11/15	17.705	17.820	17.461	17.671	1381663	24343200.00
2021/11/16	17.674	18.000	17.660	18.000	726994	12956941.00
2021/11/17	17.400	17.603	17.052	17.515	897030	15568416.00
2021/11/18	17.515	17.515	17.199	17.200	871580	15095750.00
2021/11/19	17.199	17.220	17.000	17.100	1029614	17628200.00
2021/11/22	17.100	17.100	17.002	17.046	889812	15167304.00
2021/11/23	17.046	17.050	17.000	17.002	801691	13638645.00
2021/11/24	17.003	17.065	17.003	17.025	457498	7795232.50
2021/11/25	17.025	17.025	17.006	17.020	540268	9191560.00
2021/11/26	17.020	17.030	17.000	17.022	360301	6132661.00
2021/11/29	17.021	17.021	16.950	17.001	650145	11039249.00
2021/11/30	17.001	17.021	17.000	17.011	529968	9012400.00
2021/12/01	17.011	17.030	17.000	17.014	398501	6780212.00
2021/12/02	17.015	17.200	17.015	17.188	717268	12307028.00
2021/12/03	17.188	17.273	17.188	17.204	598325	10307037.00
2021/12/06	17.204	17.262	17.150	17.156	453233	7797692.00
2021/12/07	17.156	17.246	17.148	17.194	643047	11043583.00
2021/12/08	17.217	17.300	17.217	17.275	496584	8571884.00
2021/12/09	17.275	17.400	17.238	17.396	635085	10999770.00
2021/12/10	17.396	17.420	17.266	17.389	572247	9921046.00
2021/12/13	17.400	17.413	17.350	17.411	476824	8291388.50
2021/12/14	17.411	17.545	17.406	17.525	817624	14310341.00
2021/12/15	17.524	17.901	17.450	17.870	1313663	23417322.00
2021/12/16	17.892	18.300	17.200	17.419	1702756	30091022.00
2021/12/17	17.390	17.580	17.200	17.394	632451	11021673.00
2021/12/20	17.395	17.450	17.238	17.242	576175	9956070.00
2021/12/21	17.243	17.282	17.241	17.246	438121	7557115.00
2021/12/22	17.246	17.476	17.246	17.473	538799	9386370.00
2021/12/23	17.473	17.610	17.430	17.602	583173	10241664.00
2021/12/24	17.603	17.715	17.422	17.556	682987	11982899.00
2021/12/27	17.557	17.624	17.557	17.602	303162	5330233.00
2021/12/28	17.610	17.630	17.605	17.608	316391	5572709.50
2021/12/29	17.608	17.608	17.500	17.511	330010	5788762.00
2021/12/30	17.510	17.510	17.349	17.381	391240	6799699.00
2021/12/31	17.381	17.500	17.335	17.451	260418	4541143.50
2022/01/04	17.451	17.500	17.300	17.462	363671	6331424.50
2022/01/05	17.464	17.499	17.364	17.468	377121	6577937.00
2022/01/06	17.468	17.470	17.359	17.392	341290	5931271.00
2022/01/07	17.392	17.489	17.392	17.452	339703	5933000.50
2022/01/10	17.445	17.458	17.400	17.452	378954	6605510.00
2022/01/11	17.452	17.500	17.431	17.471	275115	4806066.50
2022/01/12	17.471	17.502	17.455	17.489	381468	6668993.50
2022/01/13	17.490	17.620	17.489	17.620	610032	10694149.00
2022/01/14	17.620	17.965	17.530	17.914	1115549	19913620.00
2022/01/17	17.914	18.400	17.840	18.284	1483170	26870916.00
2022/01/18	18.284	18.622	17.600	17.880	1634599	29511616.00
2022/01/19	17.880	18.164	17.614	18.128	744722	13346098.00
2022/01/20	18.080	18.300	17.860	18.298	1272439	23097246.00
2022/01/21	18.299	18.530	18.298	18.527	1533825	28262922.00
2022/01/24	18.310	19.006	18.310	18.645	1362303	25538450.00
2022/01/25	18.645	18.645	18.060	18.402	911329	16680305.00
2022/01/26	18.389	18.681	18.100	18.410	628601	11584894.00
2022/01/27	18.350	18.350	18.190	18.219	642039	11701820.00
2022/01/28	17.881	18.379	17.881	18.346	626657	11406077.00
2022/02/07	18.390	18.660	18.390	18.657	623796	11598454.00
2022/02/08	18.657	19.030	18.657	18.895	1133476	21491588.00
2022/02/09	18.896	19.110	18.570	19.064	1328496	25069682.00
2022/02/10	19.060	19.345	18.730	18.977	1013226	19335798.00
2022/02/11	18.985	19.160	18.985	19.066	760627	14495527.00
2022/02/14	19.070	20.000	19.070	19.930	1178161	22954816.00
2022/02/15	19.932	20.900	19.536	19.960	2380902	48293660.00
2022/02/16	20.152	20.199	19.364	19.673	1336155	26290020.00
2022/02/17	19.674	20.200	19.150	19.265	1434094	27772424.00
2022/02/18	19.240	19.800	18.569	19.800	2146127	40955640.00
2022/02/21	19.800	20.100	19.634	19.856	1141015	22687936.00
2022/02/22	19.351	19.856	19.100	19.124	1350046	26184334.00
2022/02/23	18.985	19.371	18.600	18.995	1543262	29024238.00
2022/02/24	18.711	18.900	18.280	18.366	1107693	20623766.00
2022/02/25	18.365	18.900	18.361	18.534	889060	16519226.00
2022/02/28	18.534	18.534	18.229	18.320	632140	11575668.00
2022/03/01	18.380	18.380	18.077	18.077	1149466	20805538.00
2022/03/02	18.075	18.509	17.180	18.440	1411826	25366494.00
2022/03/03	18.440	18.733	18.398	18.540	1277624	23570820.00
2022/03/04	18.543	18.721	18.300	18.454	760864	14032642.00
2022/03/07	18.377	18.377	17.926	17.926	819806	14796392.00
2022/03/08	17.887	17.888	17.430	17.500	1067476	18803076.00
2022/03/09	17.481	17.800	17.150	17.555	1230321	21436794.00
2022/03/10	17.650	17.950	17.650	17.888	690141	12308816.00
2022/03/11	17.870	17.888	17.313	17.875	640573	11371260.00
2022/03/14	17.720	17.968	17.503	17.611	473590	8381749.00
2022/03/15	17.580	17.580	16.911	16.912	1035911	17832924.00
2022/03/16	16.912	17.200	16.286	17.031	1201303	20120764.00
2022/03/17	17.034	17.340	16.990	17.189	941478	16175414.00
2022/03/18	16.990	17.126	16.842	17.100	533429	9105030.00
2022/03/21	17.101	17.453	17.101	17.448	622808	10789470.00
2022/03/22	17.480	18.100	17.451	18.030	862631	15362427.00
2022/03/23	18.110	18.394	17.700	17.777	1189726	21436252.00
2022/03/24	17.777	17.939	17.280	17.590	669081	11822144.00
2022/03/25	17.579	17.806	17.300	17.761	560941	9918488.00
2022/03/28	17.748	17.748	17.500	17.585	508852	8952354.00
2022/03/29	17.577	17.865	17.500	17.642	518573	9155855.00
2022/03/30	17.780	17.850	17.641	17.758	424887	7528935.50
2022/03/31	17.770	17.820	17.663	17.800	401653	7130419.00
2022/04/01	17.900	18.560	17.900	18.559	1655337	30390106.00
2022/04/06	18.565	19.183	18.565	19.183	2058194	38951020.00
2022/04/07	19.185	19.188	18.710	18.794	1026392	19347134.00
2022/04/08	17.110	18.024	17.110	17.781	1338168	23677606.00
2022/04/11	17.749	17.760	17.503	17.640	712501	12592789.00
2022/04/12	17.638	17.980	17.558	17.610	1073511	18955402.00
2022/04/13	17.579	17.600	17.357	17.483	1088088	19015486.00
2022/04/14	17.470	17.470	17.346	17.404	933742	16243884.00
2022/04/15	17.380	17.380	17.300	17.314	759753	13155126.00
2022/04/18	17.315	17.500	17.315	17.420	600225	10452966.00
2022/04/19	17.420	17.550	17.400	17.406	680095	11876004.00
2022/04/20	17.418	17.437	17.320	17.437	644116	11207452.00
2022/04/21	17.427	17.427	17.200	17.200	625442	10817206.00
2022/04/22	17.175	17.300	16.850	17.235	896758	15272115.00
2022/04/25	17.190	17.190	16.960	16.964	630448	10726859.00
2022/04/26	16.913	17.136	16.789	16.939	588314	9954844.00
2022/04/27	16.940	16.960	16.880	16.957	446297	7558544.00
2022/04/28	16.982	17.100	16.956	16.970	394134	6696069.50
2022/04/29	16.970	17.036	16.900	17.031	329374	5584378.50
2022/05/05	17.031	17.048	16.900	16.987	305558	5187068.50
2022/05/06	16.980	16.987	16.900	16.957	267223	4525167.50
2022/05/09	16.953	16.953	16.906	16.920	193529	3275198.75
2022/05/10	16.919	16.960	16.860	16.934	249980	4227977.50
2022/05/11	16.934	17.040	16.900	17.006	328093	5578181.50
2022/05/12	17.005	17.170	16.900	17.105	261692	4474169.50
2022/05/13	17.130	17.361	17.113	17.306	421179	7281985.50
2022/05/16	17.306	17.500	17.214	17.225	390505	6789336.50
2022/05/17	17.225	17.227	17.155	17.186	210350	3616858.50
2022/05/18	17.186	17.345	17.127	17.185	200623	3446637.50
2022/05/19	17.000	17.130	17.000	17.060	291872	4982624.50
2022/05/20	17.060	17.250	17.059	17.094	219253	3747813.25
2022/05/23	17.095	17.096	17.000	17.010	293312	4994280.50
2022/05/24	17.009	17.009	16.902	16.921	290042	4914470.00
2022/05/25	16.921	16.998	16.900	16.976	236409	4011174.50
2022/05/26	16.974	17.260	16.974	17.071	255432	4359355.50
2022/05/27	17.073	17.130	17.073	17.089	201922	3450955.25
2022/05/30	17.091	17.150	17.090	17.147	272434	4664664.50
2022/05/31	17.147	17.147	16.911	17.145	330998	5668180.00
2022/06/01	17.144	17.144	17.000	17.086	227078	3879131.00
2022/06/02	17.086	17.117	17.050	17.113	296069	5053247.50
2022/06/06	17.113	17.175	17.054	17.165	297708	5096976.00
2022/06/07	17.165	17.401	17.162	17.300	404690	6995898.00
2022/06/08	17.300	17.422	17.201	17.204	546338	9446462.00
2022/06/09	17.201	17.274	17.040	17.260	302771	5209115.00
2022/06/10	17.260	17.360	17.158	17.305	303054	5245547.50
2022/06/13	17.298	17.298	17.201	17.248	259107	4467816.00
2022/06/14	17.246	17.246	17.210	17.222	225270	3879277.25
2022/06/15	17.222	17.222	17.180	17.192	315821	5429906.50
2022/06/16	17.193	17.293	17.188	17.198	319409	5501275.50
2022/06/17	17.139	17.192	17.078	17.083	392945	6727616.50
2022/06/20	17.070	17.070	16.950	16.991	744358	12631262.00
2022/06/21	16.991	17.052	16.880	17.010	447242	7583040.00
2022/06/22	17.010	17.150	17.009	17.013	203648	3466780.25
2022/06/23	17.000	17.013	16.930	17.002	195050	3315739.75
2022/06/24	17.002	17.250	17.002	17.167	432623	7419648.50
2022/06/27	17.177	17.219	17.068	17.208	370843	6367874.50
2022/06/28	17.205	17.290	17.105	17.249	470813	8108024.00
2022/06/29	17.250	17.251	17.135	17.166	335091	5764281.00
2022/06/30	17.158	17.267	17.103	17.221	459876	7931677.00
2022/07/01	17.220	17.249	17.198	17.232	215242	3705823.00
2022/07/04	17.100	17.276	17.100	17.231	221740	3820233.00
2022/07/05	17.230	17.230	17.165	17.174	226560	3898535.00
2022/07/06	17.153	17.154	17.093	17.140	219963	3767216.00
2022/07/07	17.143	17.300	17.070	17.118	359400	6151856.50
2022/07/08	17.118	17.200	17.103	17.187	247263	4246131.50
2022/07/11	17.187	17.187	17.103	17.121	257958	4417340.50
2022/07/12	17.115	17.180	17.115	17.140	318486	5457110.00
2022/07/13	17.140	17.145	17.118	17.142	183691	3148846.50
2022/07/14	17.143	17.212	17.143	17.207	210768	3617709.00
2022/07/15	17.208	17.223	17.171	17.192	153325	2636871.50
2022/07/18	17.192	17.228	17.110	17.222	224442	3857681.75
2022/07/19	17.223	17.285	17.173	17.282	267780	4617199.50
2022/07/20	17.279	17.282	17.235	17.260	174753	3017602.00
2022/07/21	17.248	17.248	17.209	17.232	133825	2305476.75
2022/07/22	17.232	17.269	17.200	17.237	206791	3563598.00
2022/07/25	17.237	17.367	17.237	17.316	364802	6308868.50
2022/07/26	17.316	17.316	17.207	17.240	165597	2855161.75
2022/07/27	17.205	17.236	17.190	17.193	118613	2040812.75
2022/07/28	17.188	17.211	17.100	17.198	188297	3235968.00
2022/07/29	17.198	17.210	17.100	17.177	238045	4089951.75
2022/08/01	17.150	17.177	17.100	17.128	195765	3355417.25
2022/08/02	17.118	17.118	17.061	17.084	350008	5980566.50
2022/08/03	17.079	17.126	17.001	17.100	322261	5498207.50
2022/08/04	17.055	17.160	17.055	17.139	145763	2496127.50
2022/08/05	17.130	17.168	17.103	17.134	118490	2030636.88
2022/08/08	17.134	17.134	17.090	17.093	180118	3081010.25
2022/08/09	17.093	17.106	17.050	17.100	144158	2462746.50
2022/08/10	17.080	17.148	17.080	17.107	134554	2302057.75
2022/08/11	17.107	17.188	17.077	17.096	189872	3247233.25
2022/08/12	17.096	17.148	17.090	17.105	116611	1994094.38
2022/08/15	17.054	17.130	17.053	17.120	229538	3927269.75
2022/08/16	17.116	17.116	17.102	17.108	187306	3204339.00
2022/08/17	17.108	17.110	17.104	17.109	115062	1968396.25
2022/08/18	17.108	17.120	17.100	17.119	347506	5947474.00
2022/08/19	17.119	17.300	17.119	17.296	441570	7616971.50
2022/08/22	17.295	17.382	17.213	17.322	708054	12273289.00
2022/08/23	17.305	17.344	17.236	17.330	269103	4663843.00
2022/08/24	17.330	17.350	17.250	17.254	274018	4741892.00
2022/08/25	17.254	17.270	17.226	17.266	235981	4067881.00
2022/08/26	17.203	17.260	17.200	17.210	255062	4395954.00
2022/08/29	17.199	17.209	17.001	17.140	226399	3889486.25
2022/08/30	17.140	17.215	17.120	17.189	157303	2703791.25
2022/08/31	17.190	17.248	17.190	17.220	137171	2362709.00
2022/09/01	17.221	17.221	17.194	17.196	89175	1533933.75
2022/09/02	17.196	17.196	17.131	17.145	110507	1895701.38
2022/09/05	17.145	17.150	17.100	17.112	142482	2438301.00
2022/09/06	17.112	17.148	17.055	17.139	148268	2540272.50
2022/09/07	17.136	17.137	17.100	17.110	161913	2771899.00
2022/09/08	17.100	17.172	17.100	17.170	182599	3124491.00
2022/09/09	17.151	17.175	17.119	17.172	150419	2581871.75
2022/09/13	17.171	17.171	17.125	17.125	166595	2854071.50
2022/09/14	17.119	17.120	17.100	17.107	179737	3074995.50
2022/09/15	17.107	17.107	17.070	17.071	327703	5599346.00
2022/09/16	17.073	17.100	17.073	17.076	132454	2262185.75
2022/09/19	17.076	17.076	16.900	17.019	282036	4806762.00
2022/09/20	17.019	17.022	17.003	17.011	205519	3496874.00
2022/09/21	17.010	17.013	17.003	17.010	161713	2750538.25
2022/09/22	17.003	17.015	17.000	17.011	173345	2948725.50
2022/09/23	17.011	17.199	17.011	17.198	398270	6811677.50
2022/09/26	17.196	17.196	17.099	17.163	216843	3721466.75
2022/09/27	17.163	17.163	17.103	17.143	271199	4646699.00
2022/09/28	17.143	17.200	17.103	17.169	197399	3390005.75
2022/09/29	17.169	17.195	17.136	17.140	164334	2817490.25
2022/09/30	17.140	17.146	17.072	17.081	198855	3405420.75
2022/10/10	17.085	17.113	17.000	17.015	192309	3279943.50
2022/10/11	17.010	17.018	16.953	17.017	159864	2716780.25
2022/10/12	17.017	17.023	16.955	17.005	168186	2860126.00
2022/10/13	17.006	17.010	17.000	17.001	158595	2696793.25
2022/10/14	17.001	17.098	16.979	17.000	224566	3817342.75
2022/10/17	17.012	17.015	16.995	16.995	188098	3197340.75
2022/10/18	16.986	16.996	16.986	16.995	221141	3758085.25
2022/10/19	16.995	16.995	16.985	16.987	191568	3254576.25
2022/10/20	16.987	16.993	16.984	16.990	246962	4195890.00
2022/10/21	16.991	17.048	16.990	17.001	262727	4465859.50
2022/10/24	17.001	17.003	16.930	16.930	284959	4842883.50
2022/10/25	16.940	16.980	16.900	16.901	263464	4455185.00
2022/10/26	16.900	16.900	16.880	16.889	165724	2799519.50
2022/10/27	16.889	16.889	16.552	16.573	664623	11096753.00
2022/10/28	16.574	16.580	16.200	16.320	805693	13115277.00
2022/10/31	16.317	16.643	15.997	16.206	619057	10023282.00
2022/11/01	16.192	16.352	16.000	16.352	469892	7674559.50
2022/11/02	16.360	16.569	16.360	16.468	336124	5533988.00
2022/11/03	16.468	16.468	16.400	16.452	342052	5625596.00
2022/11/04	16.452	16.538	16.410	16.526	472426	7807922.50
2022/11/07	16.526	16.596	16.450	16.596	233660	3874837.75
2022/11/08	16.596	16.596	16.456	16.470	447115	7385124.50
2022/11/09	16.470	16.700	15.800	16.292	311485	5115567.50
2022/11/10	16.292	16.292	16.125	16.165	270378	4378217.00
2022/11/11	16.183	16.600	16.165	16.177	413589	6707303.50
2022/11/14	16.177	16.177	16.131	16.136	297553	4809954.50
2022/11/15	16.136	16.136	16.000	16.032	446540	7168091.50
2022/11/16	16.031	16.031	16.000	16.016	175699	2814988.75
2022/11/17	16.016	16.280	15.780	15.889	488513	7764653.00
2022/11/18	15.888	15.889	15.600	15.602	507840	7943436.50
2022/11/21	15.595	15.738	15.200	15.706	514029	7954284.50
2022/11/22	15.679	15.693	15.568	15.596	231696	3616890.25
2022/11/23	15.596	15.666	15.460	15.633	217378	3393609.50
2022/11/24	15.630	15.728	15.618	15.708	150422	2362511.25
2022/11/25	15.708	15.794	15.620	15.736	178259	2804212.25
2022/11/28	15.736	15.798	15.601	15.653	164031	2568048.50
2022/11/29	15.653	15.698	15.642	15.670	242284	3792193.75
2022/11/30	15.670	15.699	15.650	15.680	301674	4729973.00
2022/12/01	15.680	15.680	15.658	15.680	551251	8640500.00
2022/12/02	15.680	15.722	15.680	15.719	468958	7368236.50
2022/12/05	15.719	15.901	15.688	15.765	341195	5376639.00
2022/12/06	15.760	15.898	15.750	15.879	344294	5458507.00
2022/12/07	15.883	15.939	15.863	15.882	316319	5026384.00
2022/12/08	15.882	15.936	15.863	15.873	220042	3492172.00
2022/12/09	15.875	15.885	15.836	15.867	238808	3790154.00
2022/12/12	15.867	15.867	15.841	15.841	205728	3261502.50
2022/12/13	15.841	15.850	15.720	15.773	198624	3134639.25
2022/12/14	15.774	15.895	15.717	15.717	227807	3584742.25
2022/12/15	15.461	15.727	15.461	15.677	206252	3234454.00
2022/12/16	15.674	15.674	15.640	15.645	219329	3432592.50
2022/12/19	15.646	16.100	15.600	15.693	193496	3043841.75
2022/12/20	15.693	15.693	15.583	15.603	160589	2512070.75
2022/12/21	15.602	15.602	15.518	15.522	187766	2915295.25
2022/12/22	15.522	15.522	15.481	15.486	255644	3959258.00
2022/12/23	15.484	15.485	15.300	15.471	91180	1411071.63
2022/12/26	15.470	15.470	15.397	15.411	283874	4372365.50
2022/12/27	15.411	15.550	15.400	15.400	183213	2824880.75
2022/12/28	15.400	15.400	15.307	15.307	144404	2211645.00
2022/12/29	15.307	15.307	15.180	15.180	181891	2773344.25
2022/12/30	15.300	15.699	15.300	15.552	428716	6638084.50
2023/01/03	15.552	15.736	15.552	15.644	668708	10487931.00
2023/01/04	15.644	15.770	15.617	15.645	619148	9681321.00
2023/01/05	15.147	15.147	15.080	15.085	411676	6218333.50
2023/01/06	15.084	15.084	15.000	15.004	407390	6118947.50
2023/01/09	15.004	15.084	14.849	14.852	631873	9413739.00
2023/01/10	14.864	14.880	14.850	14.853	421489	6263064.00
2023/01/11	14.853	14.853	14.817	14.820	339954	5042714.50
2023/01/12	14.820	14.860	14.820	14.828	137413	2037412.13
2023/01/13	14.828	14.839	14.768	14.769	307845	4560874.00
2023/01/16	14.769	14.775	14.683	14.694	450952	6630124.00
2023/01/17	14.694	14.694	14.580	14.581	297362	4351402.50
2023/01/18	14.581	14.581	14.498	14.505	426294	6185568.50
2023/01/19	14.505	14.595	14.460	14.464	218450	3166126.00
2023/01/20	14.469	14.983	14.469	14.669	696414	10170075.00
2023/01/30	14.678	14.980	14.678	14.934	1052658	15641370.00
2023/01/31	14.934	15.280	14.934	15.214	767041	11652443.00
2023/02/01	15.214	15.525	15.214	15.521	555005	8568946.00
2023/02/02	15.525	15.725	15.325	15.370	801189	12368842.00
2023/02/03	15.370	15.720	15.190	15.670	1209926	18671362.00
2023/02/06	15.650	15.650	15.500	15.623	744234	11584432.00
2023/02/07	15.623	15.623	15.445	15.455	679572	10521365.00
2023/02/08	15.436	15.436	15.250	15.399	567649	8731867.00
2023/02/09	15.387	15.500	15.260	15.494	401972	6192964.50
2023/02/10	15.496	15.501	15.472	15.495	474778	7353001.50
2023/02/13	15.494	15.495	15.400	15.470	373633	5778986.50
2023/02/14	15.467	15.550	15.407	15.535	414479	6433379.50
2023/02/15	15.504	15.665	15.388	15.396	539210	8374718.50
2023/02/16	15.381	15.396	15.300	15.370	475951	7319520.50
2023/02/17	15.370	15.468	15.370	15.435	445846	6883451.00
2023/02/20	15.435	15.435	15.210	15.418	498742	7684184.00
2023/02/21	15.418	15.466	15.400	15.464	356470	5500977.50
2023/02/22	15.462	15.475	15.380	15.467	183631	2839810.00
2023/02/23	15.468	15.500	15.468	15.490	223960	3468195.00
2023/02/24	15.500	15.500	15.431	15.433	115561	1785973.00
2023/02/27	15.420	15.420	15.320	15.338	377769	5796627.50
2023/02/28	15.350	15.352	15.321	15.341	309754	4751036.50
2023/03/01	15.378	15.378	15.314	15.333	377249	5784459.00
2023/03/02	15.333	15.340	15.250	15.256	373713	5720544.50
2023/03/03	15.300	15.328	15.272	15.291	409847	6273323.00
2023/03/06	15.301	15.301	15.210	15.214	420031	6396130.00
2023/03/07	15.250	15.250	15.148	15.150	396435	6014204.00
2023/03/08	15.150	15.150	14.962	15.008	572639	8597468.00
2023/03/09	15.008	15.019	14.902	15.001	382230	5732406.00
2023/03/10	15.005	15.016	14.979	14.996	352467	5288775.00
2023/03/13	14.991	15.031	14.961	14.986	487322	7307597.50
2023/03/14	14.986	15.199	14.986	15.027	371402	5574788.00
2023/03/15	15.027	15.087	14.992	14.999	307045	4606710.00
2023/03/16	14.999	14.999	14.919	14.925	360042	5377773.50
2023/03/17	14.924	15.049	14.861	14.890	411756	6137860.00
2023/03/20	14.889	14.918	14.855	14.856	463221	6884614.50
2023/03/21	14.859	14.950	14.856	14.950	563280	8381142.50
2023/03/22	14.960	14.999	14.953	14.971	449580	6728425.50
2023/03/23	14.971	15.100	14.971	15.040	354518	5328595.50
2023/03/24	15.042	15.067	15.000	15.032	586300	8811097.00
2023/03/27	15.032	15.034	14.971	14.998	448823	6736335.50
2023/03/28	14.998	15.190	14.880	14.880	435115	6512092.00
2023/03/29	14.880	14.880	14.650	14.706	373498	5517295.00
2023/03/30	14.706	14.855	14.706	14.755	395996	5847350.00
2023/03/31	14.751	14.835	14.751	14.835	294732	4364078.50
2023/04/03	14.835	14.995	14.835	14.909	326211	4873507.50
2023/04/04	14.917	14.950	14.880	14.905	453616	6765469.00
2023/04/06	14.905	14.950	14.780	14.795	333906	4965730.50
2023/04/07	14.808	14.945	14.807	14.844	296721	4404975.50
2023/04/10	14.844	14.860	14.730	14.792	327580	4859719.50
2023/04/11	14.804	15.170	14.789	14.790	230044	3403930.75
2023/04/12	14.790	14.790	14.731	14.734	307826	4539993.00
2023/04/13	14.800	15.060	14.800	14.927	814683	12130773.00
2023/04/14	14.933	15.170	14.930	15.070	825940	12439757.00
2023/04/17	15.070	15.140	15.070	15.135	728342	11017871.00
2023/04/18	14.350	14.494	14.260	14.376	921766	13249626.00
2023/04/19	14.376	14.376	14.330	14.336	516544	7418658.50
2023/04/20	14.338	14.338	14.000	14.082	695883	9848054.00
2023/04/21	14.082	14.180	14.051	14.056	454528	6407648.50
2023/04/24	14.055	14.056	14.000	14.056	510925	7163359.00
2023/04/25	14.086	14.086	14.037	14.068	410059	5767440.00
2023/04/26	14.068	14.070	14.018	14.034	369395	5183446.50
2023/04/27	14.032	14.034	14.000	14.016	275309	3860589.00
2023/04/28	14.016	14.065	14.016	14.065	127829	1795858.13
2023/05/04	14.065	14.429	14.065	14.147	233998	3313189.00
2023/05/05	14.147	14.210	14.147	14.204	353829	5025252.50
2023/05/08	14.204	14.210	14.085	14.090	369777	5227155.50
2023/05/09	14.164	14.210	14.095	14.096	287065	4056479.75
2023/05/10	14.096	14.200	14.090	14.149	328487	4640474.00
2023/05/11	14.149	14.199	14.149	14.192	480162	6814592.00
2023/05/12	14.199	14.199	14.191	14.192	245324	3482524.25
2023/05/15	14.190	14.190	14.143	14.152	167162	2365273.75
2023/05/16	14.152	14.152	14.100	14.152	266216	3763953.00
2023/05/17	14.152	14.152	14.120	14.149	214541	3034756.50
2023/05/18	14.200	14.200	14.112	14.114	245989	3476732.00
2023/05/19	14.116	14.200	14.116	14.126	278969	3941753.50
2023/05/22	14.125	14.130	14.080	14.090	291507	4110561.25
2023/05/23	14.081	14.082	14.077	14.079	264714	3726981.75
2023/05/24	14.070	14.079	14.002	14.040	150106	2108272.75
2023/05/25	14.038	14.038	14.009	14.010	290053	4065950.75
2023/05/26	14.010	14.100	13.965	14.000	356556	4990028.50
2023/05/29	14.000	14.000	13.925	13.949	278833	3888167.75
2023/05/30	13.949	14.327	13.930	13.938	280481	3913318.25
2023/05/31	13.898	13.938	13.895	13.900	298419	4150568.75
2023/06/01	13.900	13.900	13.794	13.800	334653	4618991.50
2023/06/02	13.800	13.800	13.743	13.759	358620	4937166.00
2023/06/05	13.759	14.100	13.560	13.606	340036	4659083.50
2023/06/06	13.606	13.789	13.337	13.356	390700	5221451.00
2023/06/07	13.355	13.355	13.264	13.350	432574	5753651.00
2023/06/08	13.365	13.513	13.365	13.485	669573	9009588.00
2023/06/09	13.485	13.534	13.485	13.518	528648	7147451.00
2023/06/12	13.520	13.679	13.480	13.480	283329	3823050.25
2023/06/13	13.484	13.485	13.463	13.476	252028	3397525.00
2023/06/14	13.475	13.586	13.473	13.488	321046	4332075.00
2023/06/15	13.489	13.491	13.449	13.449	386203	5203901.50
2023/06/16	13.500	13.500	13.388	13.422	361889	4851840.50
2023/06/19	13.422	13.481	13.340	13.399	483418	6485519.00
2023/06/20	13.388	13.430	13.350	13.421	277043	3705473.00
2023/06/21	13.421	13.468	13.400	13.424	274917	3685775.00
2023/06/26	13.433	13.439	13.300	13.430	433774	5818539.50
2023/06/27	13.410	13.458	13.410	13.442	243775	3277059.75
2023/06/28	13.447	13.488	13.447	13.473	608074	8193321.50
2023/06/29	13.473	13.512	13.452	13.491	290281	3914273.25
2023/06/30	13.491	13.615	13.491	13.498	419094	5681789.00
2023/07/03	13.496	13.496	13.336	13.336	737638	9853195.00
2023/07/04	13.336	13.480	13.290	13.378	338081	4531293.50
2023/07/05	13.378	13.378	13.332	13.332	523438	6984017.00
2023/07/06	13.330	13.470	13.328	13.469	627745	8423580.00
2023/07/07	13.469	13.720	13.469	13.690	650828	8881798.00
2023/07/10	13.650	13.829	13.630	13.776	432219	5956713.50
2023/07/11	13.779	13.810	13.688	13.754	439569	6046217.50
2023/07/12	13.750	13.753	13.713	13.714	364475	5000447.00
2023/07/13	13.714	13.746	13.680	13.746	466736	6392068.50
2023/07/14	13.747	13.955	13.740	13.943	732516	10193635.00
2023/07/17	13.942	14.113	13.821	14.112	581965	8190540.00
2023/07/18	14.119	14.340	14.027	14.205	811385	11543376.00
2023/07/19	14.203	14.203	14.068	14.071	508630	7167163.50
2023/07/20	14.071	14.257	13.880	14.257	769222	10713921.00
2023/07/21	14.257	14.257	14.030	14.220	624925	8854971.00
2023/07/24	14.180	14.200	14.078	14.134	406751	5750307.50
2023/07/25	14.094	14.134	14.094	14.122	501819	7087907.00
2023/07/26	14.122	14.122	14.001	14.024	391151	5495805.50
2023/07/27	14.070	14.070	13.841	13.884	481303	6709708.00
2023/07/28	13.880	13.880	13.842	13.850	420289	5822640.00
2023/07/31	13.849	14.178	13.849	13.900	449291	6276232.00
2023/08/01	13.900	14.100	13.835	13.889	571509	7976793.50
2023/08/02	13.889	13.918	13.849	13.856	606376	8419906.00
2023/08/03	13.850	13.850	13.703	13.802	461530	6354684.50
2023/08/04	13.762	13.831	13.762	13.819	484419	6694017.00
2023/08/07	13.819	13.910	13.798	13.909	593611	8209251.50
2023/08/08	13.900	14.000	13.900	13.958	606419	8464463.00
2023/08/09	13.972	14.011	13.918	14.005	411561	5757516.00
2023/08/10	14.142	14.142	14.005	14.049	568260	7978980.50
2023/08/11	14.047	14.096	14.018	14.049	590639	8300832.00
2023/08/14	14.009	14.009	13.895	13.950	458233	6377319.00
2023/08/15	13.949	14.020	13.925	13.991	457211	6400694.50
2023/08/16	13.991	14.007	13.951	13.984	533975	7469100.50
2023/08/17	13.890	14.015	13.880	13.918	706983	9847946.00
2023/08/18	13.918	13.920	13.890	13.917	569129	7920601.50
2023/08/21	13.917	13.917	13.817	13.821	467425	6466084.50
2023/08/22	13.821	13.849	13.703	13.770	515246	7094513.00
2023/08/23	13.770	13.770	13.730	13.736	269114	3698096.50
2023/08/24	13.736	13.821	13.710	13.736	529384	7286055.00
2023/08/25	13.736	13.745	13.730	13.734	417997	5740687.00
2023/08/28	13.734	14.000	13.734	13.738	438473	6045261.00
2023/08/29	13.735	13.800	13.730	13.757	510177	7012443.50
2023/08/30	13.757	13.757	13.728	13.740	447308	6146826.50
2023/08/31	13.740	13.785	13.740	13.760	527069	7257474.50
2023/09/01	13.760	13.998	13.760	13.790	469133	6471284.50
2023/09/04	13.791	13.791	13.761	13.764	448161	6172180.00
2023/09/05	13.764	13.825	13.735	13.767	416834	5732737.00
2023/09/06	13.767	13.820	13.767	13.772	375150	5168358.00
2023/09/07	13.772	13.780	13.743	13.757	384874	5301391.00
2023/09/08	13.750	13.799	13.750	13.769	511989	7051331.00
2023/09/11	13.715	13.887	13.715	13.789	329839	4544413.00
2023/09/12	13.788	13.799	13.752	13.776	288176	3969613.50
2023/09/13	13.740	13.886	13.740	13.810	517275	7126048.00
2023/09/14	13.796	13.796	13.779	13.785	462364	6375807.00
2023/09/15	13.787	13.875	13.755	13.776	412535	5684168.50
2023/09/18	13.775	13.775	13.700	13.707	371390	5093969.50
2023/09/19	13.701	13.739	13.650	13.682	612988	8383506.00
2023/09/20	13.682	13.682	13.642	13.649	426654	5831622.50
2023/09/21	13.649	13.649	13.621	13.629	304065	4145207.75
2023/09/22	13.625	13.640	13.601	13.639	324510	4419848.50
2023/09/25	13.636	13.639	13.602	13.639	378358	5159923.50
2023/09/26	13.650	13.703	13.605	13.634	333134	4543498.00
2023/09/27	13.634	13.640	13.608	13.613	257261	3503974.50
2023/09/28	13.612	13.645	13.600	13.644	347156	4727475.50
2023/10/09	13.640	13.644	13.615	13.623	346929	4729875.00
2023/10/10	13.623	13.623	13.582	13.583	258692	3514543.75
2023/10/11	13.583	13.600	13.511	13.511	390367	5295904.00
2023/10/12	13.474	13.822	13.450	13.503	349225	4721363.50
2023/10/13	13.500	13.500	13.464	13.468	423758	5708835.50
2023/10/16	13.468	13.475	13.461	13.464	444320	5983898.00
2023/10/17	13.424	13.516	13.424	13.441	280561	3776279.00
2023/10/18	13.441	13.517	13.400	13.418	239519	3219191.25
2023/10/19	13.418	13.420	13.371	13.373	305822	4093616.75
2023/10/20	13.372	13.380	13.288	13.345	251308	3346956.00
2023/10/23	13.334	13.334	13.170	13.171	280184	3709521.75
2023/10/24	13.171	13.307	13.165	13.302	860610	11386096.00
2023/10/25	13.266	13.599	13.266	13.348	630192	8454883.00
2023/10/26	13.324	13.330	13.262	13.298	380939	5071066.00
2023/10/27	13.263	13.310	13.258	13.266	641329	8518839.00
2023/10/30	13.255	13.264	13.188	13.190	388001	5125288.00
2023/10/31	13.203	13.203	13.160	13.160	461156	6077659.50
2023/11/01	13.170	13.170	13.020	13.050	541405	7094701.00
2023/11/02	13.050	13.059	12.944	12.949	527712	6845052.00
2023/11/03	12.948	12.998	12.876	12.902	434846	5612503.50
2023/11/06	12.902	12.902	12.781	12.820	635968	8158404.00
2023/11/07	12.820	12.868	12.782	12.785	453190	5809624.50
2023/11/08	12.784	12.791	12.538	12.785	945687	12038942.00
2023/11/09	12.785	12.996	12.745	12.810	530759	6796766.50
2023/11/10	12.810	12.930	12.725	12.730	386317	4931182.50
2023/11/13	12.690	12.690	12.602	12.634	343384	4340677.00
2023/11/14	12.634	12.729	12.634	12.663	570219	7240008.00
2023/11/15	12.700	12.787	12.700	12.709	346479	4410644.00
2023/11/16	12.709	12.709	12.606	12.644	480462	6061827.00
2023/11/17	12.610	12.644	12.551	12.553	288741	3628027.75
2023/11/20	12.554	12.565	12.411	12.471	588825	7363043.50
2023/11/21	12.435	12.435	12.366	12.395	895277	11093240.00
2023/11/22	12.385	12.395	12.122	12.395	842521	10327013.00
2023/11/23	12.391	12.393	12.149	12.149	733769	8948406.00
2023/11/24	12.110	12.110	11.856	11.858	703096	8366114.50
2023/11/27	11.855	11.855	11.502	11.791	1106347	12880205.00
2023/11/28	11.791	11.808	11.601	11.800	1192670	14047516.00
2023/11/29	11.800	11.864	11.760	11.806	873918	10312965.00
2023/11/30	11.804	11.910	11.800	11.909	851669	10091648.00
2023/12/01	11.909	12.000	11.821	11.830	726707	8614758.00
2023/12/04	11.822	11.880	11.656	11.832	562528	6609762.00
2023/12/05	11.796	11.820	11.785	11.805	583383	6885447.50
2023/12/06	11.805	12.000	11.765	12.000	836275	9908833.00
2023/12/07	12.000	12.100	11.898	12.098	520725	6246074.00
2023/12/08	12.130	12.680	12.130	12.500	698434	8733143.00
2023/12/11	12.500	12.840	12.443	12.451	957596	12037077.00
2023/12/12	12.451	12.478	12.150	12.246	1052094	12902660.00
2023/12/13	11.630	11.630	11.000	11.286	621614	7086089.00
2023/12/14	11.280	11.280	11.160	11.266	572708	6449916.50
2023/12/15	11.277	11.370	11.215	11.266	615506	6973916.00
2023/12/18	11.267	11.461	11.267	11.440	1165133	13284699.00
2023/12/19	11.440	11.752	11.383	11.739	1057973	12300713.00
2023/12/20	11.795	11.865	11.745	11.846	1027165	12146695.00
2023/12/21	11.846	12.240	11.846	12.040	1365464	16523208.00
2023/12/22	12.041	12.303	11.900	12.171	1324412	16192924.00
2023/12/25	12.175	12.200	11.900	12.119	906142	10890929.00
2023/12/26	12.116	12.116	12.000	12.096	880715	10629111.00
2023/12/27	12.056	12.190	12.001	12.049	1216816	14711357.00
2023/12/28	12.010	12.049	11.980	12.006	1203535	14446495.00
2023/12/29	12.006	12.450	11.951	12.450	1486332	17908190.00
2024/01/02	12.400	12.400	12.204	12.299	1016259	12510966.00
2024/01/03	12.242	12.427	12.180	12.330	658523	8169746.00
2024/01/04	12.290	12.459	12.068	12.266	677742	8311637.00
2024/01/05	12.226	12.265	12.080	12.130	534891	6516820.50
2024/01/08	12.130	12.300	11.835	11.835	930111	11211744.00
2024/01/09	11.834	11.834	11.530	11.663	822914	9632960.00
2024/01/10	11.650	11.800	11.623	11.660	828815	9704749.00
2024/01/11	11.658	11.762	11.650	11.707	703155	8226458.50
2024/01/12	11.707	11.804	11.707	11.767	734457	8650866.00
2024/01/15	11.780	11.780	11.650	11.779	805991	9448255.00
2024/01/16	11.760	11.986	11.760	11.920	899309	10622678.00
2024/01/17	11.920	12.182	11.897	12.161	1183219	14222049.00
2024/01/18	12.158	12.158	11.965	11.994	1074846	12881746.00
2024/01/19	11.912	12.184	11.912	12.089	1112275	13503039.00
2024/01/22	12.099	12.179	11.976	11.993	1456697	17634318.00
2024/01/23	11.951	12.019	11.950	11.981	1349012	16188202.00
2024/01/24	11.978	12.147	11.942	11.995	1056221	12699878.00
2024/01/25	11.959	12.179	11.954	12.035	1295827	15684967.00
2024/01/26	12.035	12.129	12.011	12.030	957698	11513085.00
2024/01/29	12.054	12.088	12.012	12.086	1015246	12232052.00
2024/01/30	12.086	12.086	12.010	12.055	956892	11536221.00
2024/01/31	12.055	12.090	12.010	12.022	1211493	14559561.00
2024/02/01	12.022	12.074	12.003	12.020	977709	11760409.00
2024/02/02	12.018	12.035	11.990	12.002	1058990	12713461.00
2024/02/05	12.000	12.020	11.918	11.921	1318152	15769979.00
2024/02/06	11.900	11.970	11.856	11.945	1336150	15941776.00
2024/02/07	11.935	12.070	11.855	12.039	1007967	12055725.00
2024/02/08	12.038	12.245	12.038	12.198	1022167	12415252.00
2024/02/19	12.205	12.551	12.205	12.550	916753	11361117.00
2024/02/20	12.551	12.906	12.551	12.702	1109300	14193021.00
2024/02/21	12.702	12.799	12.630	12.680	1085692	13802856.00
2024/02/22	12.680	12.717	12.650	12.668	1692845	21451566.00
2024/02/23	12.668	13.006	12.668	13.005	1229537	15823755.00
2024/02/26	13.005	13.491	13.000	13.354	1076357	14290781.00
2024/02/27	13.354	13.485	12.990	13.159	1493250	19665924.00
2024/02/28	13.118	13.118	12.901	12.906	1315196	17098740.00
2024/02/29	12.859	13.000	12.800	12.931	1317438	17008508.00
2024/03/01	12.931	13.250	12.900	13.129	2566515	33714224.00
2024/03/04	13.129	13.500	13.119	13.443	1174964	15671991.00
2024/03/05	13.440	13.577	13.331	13.444	1734871	23480472.00
2024/03/06	13.444	13.621	13.331	13.390	1524062	20423158.00
2024/03/07	13.400	13.600	13.320	13.481	1618224	21792164.00
2024/03/08	13.481	13.622	13.370	13.580	1639156	22148506.00
2024/03/11	13.581	13.744	13.581	13.730	779104	10643088.00
2024/03/12	13.728	13.820	13.720	13.815	926169	12754810.00
2024/03/13	13.815	13.882	13.657	13.700	933789	12847795.00
2024/03/14	13.660	13.676	13.441	13.654	937659	12812972.00
2024/03/15	13.613	13.680	13.501	13.669	783347	10704377.00
2024/03/18	13.669	13.880	13.669	13.876	669611	9239030.00
2024/03/19	13.876	13.900	13.801	13.838	516180	7141699.00
2024/03/20	13.831	13.838	13.660	13.838	625174	8592932.00
2024/03/21	13.820	13.849	13.671	13.800	369040	5094384.50
2024/03/22	13.780	13.889	13.132	13.450	1358525	18203028.00
2024/03/25	13.444	13.550	13.135	13.550	1071352	14194754.00
2024/03/26	13.400	13.600	13.368	13.562	516172	6949091.00
2024/03/27	13.570	13.734	13.523	13.645	536825	7325128.00
2024/03/28	13.645	13.645	13.420	13.502	659676	8898472.00
2024/03/29	13.502	13.502	13.393	13.421	555455	7461113.00
2024/04/01	13.421	13.447	13.394	13.447	558850	7501433.00
2024/04/02	13.447	13.605	13.447	13.598	325886	4417420.50
2024/04/03	13.598	13.630	13.541	13.605	561970	7638094.00
2024/04/08	13.605	13.605	13.330	13.360	753155	10083452.00
2024/04/09	13.360	13.528	13.358	13.496	421853	5691114.00
2024/04/10	13.501	13.622	13.458	13.600	921789	12512720.00
2024/04/11	13.599	13.632	13.560	13.628	1186581	16164447.00
2024/04/12	13.626	13.692	13.553	13.658	290451	3960711.75
2024/04/15	13.678	13.729	13.500	13.589	394892	5382943.50
2024/04/16	13.585	13.725	13.549	13.673	572765	7828936.50
2024/04/17	13.673	13.727	13.646	13.714	606587	8314791.00
2024/04/18	13.714	13.714	13.652	13.673	461408	6306148.50
2024/04/19	13.674	13.802	13.600	13.705	920437	12622123.00
2024/04/22	13.710	13.721	13.559	13.598	787395	10710205.00
2024/04/23	13.597	13.629	13.400	13.506	781862	10552849.00
2024/04/24	13.231	13.292	13.000	13.262	433787	5695427.50
2024/04/25	13.321	13.321	13.201	13.265	643039	8524748.00
2024/04/26	13.225	13.329	13.133	13.287	841776	11185507.00
2024/04/29	13.288	13.350	13.188	13.242	351640	4652156.50
2024/04/30	13.242	13.300	13.131	13.280	866487	11441857.00
2024/05/06	13.259	13.308	13.250	13.294	323307	4291926.00
2024/05/07	13.294	13.366	13.292	13.354	817314	10903182.00
2024/05/08	13.335	13.356	13.148	13.259	1214924	16029668.00
2024/05/09	13.255	13.255	13.130	13.217	1138551	15004820.00
2024/05/10	13.197	13.199	13.150	13.184	558216	7350032.00
2024/05/13	13.163	13.163	13.061	13.120	730983	9588687.00
2024/05/14	13.091	13.140	13.000	13.058	1105509	14454179.00
2024/05/15	13.054	13.054	12.945	13.040	582879	7568388.50
2024/05/16	13.040	13.075	12.930	12.950	1013461	13173867.00
2024/05/17	12.940	12.991	12.901	12.991	540818	6983961.00
2024/05/20	12.991	13.125	12.955	13.110	963926	12608500.00
2024/05/21	13.110	13.127	12.988	13.044	1113335	14495779.00
2024/05/22	13.020	13.069	12.931	13.045	724277	9409757.00
2024/05/23	13.045	13.070	13.006	13.068	472516	6158367.50
2024/05/24	13.028	13.095	13.028	13.094	464378	6074928.50
2024/05/27	13.100	13.217	13.100	13.145	305365	4012428.00
2024/05/28	13.200	13.200	13.106	13.155	535783	7052461.00
2024/05/29	13.154	13.250	13.130	13.161	632544	8325810.50
2024/05/30	13.148	13.148	13.063	13.080	557089	7308467.00
2024/05/31	13.077	13.097	13.060	13.068	222619	2908746.75
2024/06/03	13.068	13.109	13.018	13.023	600053	7815857.00
2024/06/04	12.984	13.133	12.902	13.133	747819	9713761.00
2024/06/05	13.093	13.193	13.093	13.190	508740	6702395.50
2024/06/06	13.194	13.230	13.137	13.190	635601	8359255.50
2024/06/07	13.190	13.233	13.151	13.191	414499	5456326.50
2024/06/11	13.158	13.193	13.136	13.193	779760	10253564.00
2024/06/12	13.153	13.188	13.137	13.178	419859	5520214.50
2024/06/13	13.158	13.178	13.139	13.178	811973	10677750.00
2024/06/14	13.150	13.199	13.140	13.197	748038	9866333.00
2024/06/17	13.195	13.198	13.160	13.197	556581	7334186.50
2024/06/18	13.179	13.200	13.131	13.197	706315	9315975.00
2024/06/19	13.158	13.200	13.158	13.200	814045	10726263.00
2024/06/20	13.171	13.190	13.162	13.172	647349	8530392.00
2024/06/21	13.170	13.170	13.070	13.149	933363	12241714.00
2024/06/24	13.143	13.200	13.117	13.140	603299	7934828.00
2024/06/25	13.101	13.140	13.080	13.080	399675	5238296.50
2024/06/26	13.150	13.150	13.024	13.036	540557	7047981.00
2024/06/27	13.032	13.150	13.000	13.150	311285	4073900.50
2024/06/28	13.150	13.183	13.050	13.181	383366	5046315.50
2024/07/01	13.184	13.184	13.080	13.170	469668	6172552.00
2024/07/02	13.141	13.204	13.036	13.203	822589	10854111.00
2024/07/03	13.203	13.203	13.098	13.187	649638	8548878.00
2024/07/04	13.148	13.187	13.102	13.187	418067	5490485.50
2024/07/05	13.148	13.189	13.148	13.186	308918	4071235.75
2024/07/08	13.186	13.189	13.090	13.182	921786	12103741.00
2024/07/09	13.142	13.201	13.142	13.197	670145	8839309.00
2024/07/10	13.157	13.289	13.157	13.278	529589	7000872.50
2024/07/11	13.238	13.362	13.238	13.356	579575	7729358.00
2024/07/12	13.356	13.381	13.308	13.369	720054	9610445.00
2024/07/15	13.369	13.499	13.331	13.496	626601	8410190.00
2024/07/16	13.496	13.598	13.470	13.571	614117	8308880.50
2024/07/17	13.539	13.578	13.539	13.553	838852	11374231.00
2024/07/18	13.514	13.588	13.439	13.561	478798	6480755.50
2024/07/19	13.431	13.580	13.431	13.563	731002	9899568.00
2024/07/22	13.563	13.596	13.503	13.560	792354	10745509.00
2024/07/23	13.560	13.560	13.434	13.547	680587	9216465.00
2024/07/24	13.545	13.546	13.475	13.498	598089	8069828.50
2024/07/25	13.450	13.498	13.404	13.498	762584	10236427.00
2024/07/26	13.498	13.581	13.412	13.564	679345	9167038.00
2024/07/29	13.559	13.564	13.512	13.563	533779	7221908.50
2024/07/30	13.524	13.619	13.488	13.617	628492	8522946.00
2024/07/31	13.583	13.622	13.583	13.593	513060	6973146.00
2024/08/01	13.592	13.677	13.500	13.648	463322	6322071.00
2024/08/02	13.648	13.749	13.609	13.725	606135	8319847.50
2024/08/05	13.725	13.799	13.686	13.790	615968	8470643.00
2024/08/06	13.753	13.930	13.751	13.920	665814	9196638.00
2024/08/07	13.920	14.135	13.881	14.129	402557	5648536.50
2024/08/08	14.089	14.178	14.070	14.138	418758	5918150.50
2024/08/09	14.133	14.133	12.910	13.999	763638	10584303.00
2024/08/12	13.992	13.992	13.900	13.925	879703	12245332.00
2024/08/13	13.900	13.925	13.830	13.923	665073	9246474.00
2024/08/14	13.923	14.002	13.805	13.978	837165	11691533.00
2024/08/15	14.021	14.138	14.021	14.090	461984	6514953.00
2024/08/16	14.130	14.138	14.035	14.090	710056	10003852.00
2024/08/19	14.065	14.158	14.045	14.141	564657	7974198.00
2024/08/20	13.980	13.980	13.651	13.760	436307	5988969.00
2024/08/21	13.825	13.830	13.650	13.823	606802	8376059.00
2024/08/22	13.818	13.823	13.673	13.823	689109	9511619.00
2024/08/23	13.783	13.830	13.783	13.827	459541	6350717.50
2024/08/26	13.827	13.827	13.746	13.807	294880	4072216.25
2024/08/27	13.807	13.818	13.751	13.810	247453	3412169.00
2024/08/28	13.812	13.829	13.740	13.817	756607	10440275.00
2024/08/29	13.817	13.930	13.740	13.807	435855	6019633.50
2024/08/30	13.807	13.849	13.774	13.800	579656	7991801.00
2024/09/02	13.789	13.819	13.741	13.812	645208	8884980.00
2024/09/03	13.810	13.858	13.700	13.735	876997	12040899.00
2024/09/04	13.730	13.730	13.580	13.625	832523	11330516.00
2024/09/05	13.613	13.813	13.541	13.744	549763	7525451.50
2024/09/06	13.744	13.744	13.552	13.601	1066946	14492476.00
2024/09/09	13.589	13.589	13.460	13.541	797269	10763598.00
2024/09/10	13.460	13.541	13.443	13.537	483035	6526737.50
2024/09/11	13.668	13.668	13.442	13.485	383312	5157747.00
2024/09/12	13.472	13.534	13.439	13.510	607876	8196286.50
2024/09/13	13.610	13.610	13.475	13.570	514227	6948131.50
2024/09/18	13.350	13.565	13.350	13.521	351444	4757633.50
2024/09/19	13.510	13.510	13.401	13.509	438565	5910099.00
2024/09/20	13.509	13.509	13.452	13.500	701631	9459442.00
2024/09/23	13.460	13.609	13.341	13.521	458049	6166872.50
2024/09/24	13.430	13.571	13.430	13.560	548785	7420424.50
2024/09/25	13.530	13.570	13.400	13.568	420739	5688397.00
2024/09/26	13.478	13.575	13.478	13.545	730585	9897206.00
2024/09/27	13.541	13.541	13.420	13.530	764029	10261682.00
2024/09/30	13.509	13.509	13.126	13.349	1235680	16393102.00
2024/10/08	13.349	13.500	12.934	13.351	1256270	16726652.00
2024/10/09	13.345	13.345	13.151	13.330	969837	12835216.00
2024/10/10	13.277	13.329	13.258	13.327	936561	12445287.00
2024/10/11	13.287	13.495	13.201	13.432	415913	5562851.00
2024/10/14	13.390	13.450	13.267	13.402	870130	11631801.00
2024/10/15	13.402	13.419	13.350	13.376	774688	10351025.00
2024/10/16	13.390	13.390	13.301	13.332	651586	8685596.00
2024/10/17	13.327	13.350	13.292	13.321	738544	9831260.00
2024/10/18	13.560	13.560	13.291	13.387	860817	11480753.00
2024/10/21	13.383	13.383	13.267	13.379	873781	11641976.00
2024/10/22	13.369	13.400	13.300	13.356	507291	6761386.50
2024/10/23	13.356	13.360	13.303	13.357	763141	10165160.00
2024/10/24	13.357	13.357	13.198	13.201	1003182	13291252.00
2024/10/25	13.201	13.201	13.097	13.113	690187	9082159.00
2024/10/28	13.113	13.113	12.941	13.000	808710	10495690.00
2024/10/29	13.000	13.000	12.903	13.000	1170226	15141769.00
2024/10/30	12.976	13.080	12.888	12.922	888555	11460619.00
2024/10/31	13.079	13.079	12.870	12.872	791632	10200322.00
2024/11/01	12.890	12.948	12.770	12.780	441477	5663773.00
2024/11/04	12.776	12.780	12.580	12.582	648548	8195443.00
2024/11/05	12.582	12.665	12.466	12.489	647282	8117728.00
2024/11/06	12.405	12.497	12.404	12.475	569375	7102824.00
2024/11/07	12.476	12.578	12.472	12.520	1346707	16840714.00
2024/11/08	12.530	12.595	12.530	12.560	1229832	15446300.00
2024/11/11	12.560	12.600	12.476	12.600	832581	10435360.00
2024/11/12	12.600	12.778	12.600	12.710	631731	8017058.00
2024/11/13	12.709	12.748	12.650	12.670	968223	12263816.00
2024/11/14	12.670	12.670	12.609	12.638	556297	7027572.00
2024/11/15	12.560	12.749	12.510	12.522	485107	6078252.00
2024/11/18	12.510	12.510	12.485	12.500	749348	9362767.00
2024/11/19	12.499	12.520	12.479	12.495	401129	5010571.50
2024/11/20	12.498	12.590	12.486	12.487	252260	3154731.75
2024/11/21	12.480	12.541	12.451	12.512	555654	6949910.50
2024/11/22	12.512	12.530	12.475	12.518	871428	10910579.00
2024/11/25	12.518	12.560	12.476	12.484	680295	8490880.00
2024/11/26	12.484	12.485	12.443	12.476	686628	8552498.00
2024/11/27	12.476	12.499	12.436	12.460	704729	8786663.00
2024/11/28	12.454	12.454	12.403	12.427	485820	6034526.50
2024/11/29	12.400	12.429	12.400	12.425	1249493	15520770.00
2024/12/02	12.451	12.500	12.400	12.488	851594	10588359.00
2024/12/03	12.599	12.599	12.462	12.498	613321	7653694.50
2024/12/04	12.498	12.498	12.458	12.486	956906	11936223.00
2024/12/05	12.486	12.520	12.303	12.520	631478	7867830.50
2024/12/06	12.520	12.593	12.451	12.565	879203	10993186.00
2024/12/09	12.565	12.565	12.519	12.554	423954	5314074.00
2024/12/10	12.520	12.725	12.490	12.711	603705	7608028.50
2024/12/11	12.711	12.922	12.608	12.901	571006	7302898.00
2024/12/12	12.909	12.997	12.837	12.848	549830	7084160.50
2024/12/13	12.841	12.922	12.723	12.902	466180	5976488.00
2024/12/16	12.901	13.000	12.815	12.877	506340	6510406.00
2024/12/17	12.867	12.975	12.800	12.882	686484	8856157.00
2024/12/18	12.881	12.881	12.770	12.770	367997	4715709.50
2024/12/19	12.769	12.769	12.650	12.680	614228	7792821.50
2024/12/20	12.675	12.777	12.651	12.714	776162	9886433.00
2024/12/23	12.708	12.892	12.655	12.865	499084	6361165.00
2024/12/24	12.825	12.895	12.720	12.760	419235	5375137.00
2024/12/25	12.736	12.888	12.720	12.755	698290	8896341.00
2024/12/26	12.760	12.831	12.728	12.728	621298	7938602.50
2024/12/27	12.755	12.841	12.728	12.750	560865	7167939.00
2024/12/30	12.762	12.900	12.620	12.750	978655	12530952.00
2024/12/31	12.752	12.849	12.600	12.600	853195	10898464.00
2025/01/02	12.601	12.823	12.601	12.823	549256	7031410.50
2025/01/03	12.810	13.021	12.810	12.981	1370644	17754126.00
2025/01/06	12.982	12.985	12.859	12.950	777091	10056828.00
2025/01/07	12.900	12.949	12.702	12.730	558265	7117640.00
2025/01/08	12.700	12.859	12.650	12.835	361029	4620178.50
2025/01/09	12.830	12.880	12.802	12.836	470269	6038957.00
2025/01/10	12.836	12.937	12.733	12.937	227579	2927207.00
2025/01/13	12.935	12.936	12.897	12.909	355920	4596066.00
2025/01/14	12.901	12.901	12.795	12.795	451715	5787856.00
2025/01/15	12.756	12.910	12.756	12.802	491421	6303166.00
2025/01/16	12.802	12.856	12.770	12.807	336895	4313833.50
2025/01/17	12.767	12.798	12.746	12.761	351466	4483765.50
2025/01/20	12.761	12.849	12.741	12.750	570698	7277796.00
2025/01/21	12.739	12.750	12.712	12.719	875255	11133105.00
2025/01/22	12.719	12.789	12.700	12.717	231784	2946866.25
2025/01/23	12.716	12.748	12.677	12.720	344858	4387294.50
2025/01/24	12.700	12.777	12.700	12.730	160478	2043109.63
2025/01/27	12.722	12.860	12.722	12.850	308124	3953734.75
2025/02/05	12.836	12.879	12.800	12.800	571589	7345353.00
2025/02/06	12.800	12.910	12.800	12.902	369173	4755263.50
2025/02/07	12.903	12.903	12.836	12.842	274851	3532375.00
2025/02/10	12.838	12.840	12.787	12.816	1064119	13628769.00
2025/02/11	12.816	12.846	12.800	12.805	782695	10027781.00
2025/02/12	12.822	12.845	12.800	12.844	690950	8854442.00
2025/02/13	12.843	12.900	12.830	12.899	699707	9012654.00
2025/02/14	12.899	12.945	12.860	12.932	590282	7622095.50
2025/02/17	12.932	12.932	12.856	12.872	686763	8846334.00
2025/02/18	12.900	12.901	12.860	12.881	624205	8039262.50
2025/02/19	12.878	12.879	12.828	12.841	415302	5335264.00
2025/02/20	12.838	12.864	12.820	12.844	224060	2875804.25
2025/02/21	12.845	12.850	12.820	12.830	358123	4597802.00
2025/02/24	12.829	12.838	12.730	12.731	458777	5863492.50
2025/02/25	12.748	12.773	12.731	12.735	438309	5589116.00
2025/02/26	12.722	12.780	12.722	12.765	461525	5884603.50
2025/02/27	12.730	12.759	12.725	12.755	534285	6809258.00
2025/02/28	12.732	12.755	12.684	12.720	774713	9849539.00
2025/03/03	12.720	12.760	12.720	12.725	323551	4117455.50
2025/03/04	12.729	12.772	12.720	12.733	387119	4934671.00
2025/03/05	12.733	12.800	12.733	12.770	1017436	12974644.00
2025/03/06	12.755	12.781	12.728	12.739	909809	11588670.00
2025/03/07	12.730	12.730	12.701	12.709	167975	2136191.25
2025/03/10	12.709	12.750	12.704	12.715	922926	11743343.00
2025/03/11	12.700	12.716	12.692	12.698	388750	4939043.00
2025/03/12	12.698	12.698	12.581	12.658	621845	7850157.50
2025/03/13	12.657	12.657	12.618	12.650	422156	5340798.50
2025/03/14	12.650	12.688	12.645	12.665	319708	4049797.00
2025/03/17	12.666	12.700	12.625	12.650	657433	8324004.50
2025/03/18	12.650	12.689	12.620	12.639	326321	4129184.00
2025/03/19	12.631	12.716	12.600	12.715	455364	5765643.50
2025/03/20	12.715	12.813	12.680	12.800	591510	7534443.00
2025/03/21	12.800	12.800	12.750	12.758	536605	6848010.00
2025/03/24	12.758	12.758	12.651	12.666	482678	6127834.50
2025/03/25	12.666	12.780	12.666	12.750	549497	6990133.00
2025/03/26	12.793	12.793	12.710	12.755	270576	3447826.75
2025/03/27	12.715	12.785	12.700	12.712	318863	4061486.50
2025/03/28	12.715	12.760	12.700	12.706	504420	6415008.00
2025/03/31	12.700	12.724	12.682	12.700	440463	5592906.00
2025/04/01	12.720	12.720	12.670	12.673	321759	4081290.25
2025/04/02	12.661	12.715	12.635	12.658	1023539	12963632.00
2025/04/03	12.658	12.745	12.621	12.691	164473	2085568.88
2025/04/07	12.666	12.666	12.451	12.589	506621	6371791.00
2025/04/08	12.589	12.654	12.546	12.589	401122	5047111.50
2025/04/09	12.589	12.589	12.540	12.544	208103	2610686.00
2025/04/10	12.542	12.613	12.536	12.589	416514	5238718.00
2025/04/11	12.652	12.770	12.622	12.766	628951	8001219.00
2025/04/14	12.766	12.843	12.731	12.765	986632	12617112.00
2025/04/15	12.786	12.810	12.701	12.742	460449	5866927.50
2025/04/16	12.660	12.660	12.391	12.434	426489	5310518.00
2025/04/17	12.434	12.482	12.434	12.464	440980	5489866.50
2025/04/18	12.460	12.460	12.387	12.419	726647	9023133.00
2025/04/21	12.419	12.449	12.383	12.384	383052	4744559.00
2025/04/22	12.385	12.385	12.339	12.339	238501	2948341.75
2025/04/23	12.338	12.339	12.254	12.254	608242	7488265.00
2025/04/24	12.254	12.254	12.217	12.241	480579	5882858.00
2025/04/25	12.241	12.300	12.205	12.300	78011	957419.19
2025/04/28	12.300	12.300	12.241	12.245	337166	4128489.75
2025/04/29	12.245	12.295	12.230	12.295	141818	1740267.25
2025/04/30	12.261	12.350	12.261	12.350	605195	7454787.00
2025/05/06	12.350	12.366	12.310	12.351	161862	1998476.00
2025/05/07	12.351	12.351	12.312	12.333	164379	2027800.75
2025/05/08	12.332	12.332	12.297	12.298	455218	5605104.00
2025/05/09	12.290	12.343	12.279	12.281	376426	4626366.00
2025/05/12	12.281	12.299	12.245	12.252	550315	6743115.50
2025/05/13	12.252	12.350	12.231	12.242	349899	4285124.00
2025/05/14	12.230	12.251	12.196	12.197	424089	5180419.00
2025/05/15	12.197	12.240	12.195	12.197	228644	2789631.50
2025/05/16	12.196	12.230	12.160	12.161	502806	6120004.50
2025/05/19	12.161	12.180	12.140	12.140	1251236	15219442.00
2025/05/20	12.161	12.308	12.150	12.280	390690	4786545.50
2025/05/21	12.280	12.316	12.200	12.281	913044	11226958.00
2025/05/22	12.281	12.281	12.202	12.233	385434	4720747.50
2025/05/23	12.233	12.235	12.155	12.200	1005356	12246990.00
2025/05/26	12.201	12.212	12.160	12.199	294116	3586407.50
2025/05/27	12.199	12.246	12.168	12.211	179066	2185763.00
2025/05/28	12.190	12.260	12.171	12.251	156767	1915087.50
2025/05/29	12.211	12.246	12.211	12.222	264869	3237363.00
2025/05/30	12.222	12.270	12.200	12.209	88886	1085144.63
2025/06/03	12.210	12.255	12.210	12.250	215096	2634399.50
2025/06/04	12.252	12.271	12.251	12.268	494140	6061228.50
2025/06/05	12.269	12.370	12.263	12.352	594788	7337712.00
2025/06/06	12.351	12.400	12.313	12.359	372271	4598871.00
2025/06/09	12.360	12.393	12.333	12.375	742974	9182354.00
2025/06/10	12.380	12.416	12.376	12.376	1342536	16636328.00
2025/06/11	12.337	12.430	12.337	12.390	857050	10618750.00
2025/06/12	12.391	12.402	12.390	12.395	545000	6755909.00
2025/06/13	12.397	12.600	12.397	12.580	1091462	13601334.00
2025/06/16	12.580	12.580	12.480	12.518	451087	5641523.50
2025/06/17	12.517	12.582	12.490	12.566	346810	4347543.50
2025/06/18	12.566	12.722	12.500	12.707	804015	10159288.00
2025/06/19	12.687	12.845	12.667	12.781	949325	12148265.00
2025/06/20	12.707	12.781	12.688	12.706	425215	5404819.50
2025/06/23	12.706	12.748	12.640	12.705	337949	4293768.00
2025/06/24	12.665	12.707	12.467	12.540	1216929	15292560.00
2025/06/25	12.488	12.570	12.480	12.521	131887	1653154.38
2025/06/26	12.508	12.586	12.496	12.500	399768	5004129.00
2025/06/27	12.500	12.525	12.481	12.499	539462	6742714.00
2025/06/30	12.500	12.506	12.468	12.495	365649	4569452.00
2025/07/01	12.495	12.621	12.481	12.570	1636347	20538102.00
2025/07/02	12.567	12.606	12.530	12.606	1185550	14901376.00
2025/07/03	12.603	12.625	12.567	12.599	3365863	42414380.00
2025/07/04	12.599	12.622	12.567	12.618	597325	7512085.50
2025/07/07	12.617	12.646	12.568	12.646	434756	5480498.50
2025/07/08	12.647	12.647	12.588	12.588	1494261	18873164.00
2025/07/09	12.588	12.600	12.569	12.597	670657	8442901.00
2025/07/10	12.590	12.590	12.394	12.420	401327	5015566.50
2025/07/11	12.392	12.446	12.392	12.426	465856	5787341.00
2025/07/14	12.420	12.500	12.407	12.479	559219	6970207.00
2025/07/15	12.505	12.506	12.452	12.478	977132	12205495.00
2025/07/16	12.470	12.486	12.447	12.486	676263	8429417.00
2025/07/17	12.486	12.487	12.447	12.453	193838	2416929.75
2025/07/18	12.456	12.474	12.449	12.453	686653	8552654.00
2025/07/21	12.452	12.497	12.448	12.482	759330	9472444.00
2025/07/22	12.467	12.467	12.442	12.443	602818	7507347.00
2025/07/23	12.443	12.443	12.247	12.388	817206	10113504.00
2025/07/24	12.367	12.367	12.258	12.354	1361849	16717996.00
2025/07/25	12.305	12.326	12.250	12.301	891638	10968495.00
2025/07/28	12.301	12.301	12.261	12.296	760470	9349016.00
2025/07/29	12.300	12.338	12.300	12.338	92874	1143188.13
2025/07/30	12.338	12.366	12.338	12.346	145038	1791038.75
2025/07/31	12.341	12.400	12.338	12.400	153453	1899231.25
2025/08/01	12.381	12.387	12.361	12.371	331367	4100219.00
2025/08/04	12.367	12.380	12.338	12.359	73740	911476.31
2025/08/05	12.347	12.359	12.318	12.348	147108	1815070.38
2025/08/06	12.347	12.426	12.319	12.400	655782	8117806.00
2025/08/07	12.360	12.417	12.352	12.406	110558	1370235.75
2025/08/08	12.400	12.427	12.397	12.400	148435	1840900.00
2025/08/11	12.407	12.420	12.380	12.400	175084	2170815.25
2025/08/12	12.400	12.400	12.367	12.400	259284	3208474.25
2025/08/13	12.378	12.401	12.360	12.400	332985	4127875.00
2025/08/14	12.400	12.400	12.368	12.373	82359	1019006.25
2025/08/15	12.374	12.378	12.360	12.377	124464	1539847.88
2025/08/18	12.370	12.370	12.287	12.287	332628	4092431.50
2025/08/19	12.287	12.307	12.287	12.287	173153	2128283.50
2025/08/20	12.287	12.318	12.287	12.297	166727	2050706.13
2025/08/21	12.297	12.307	12.261	12.289	469767	5774700.50
2025/08/22	12.289	12.317	12.289	12.313	189512	2332869.75
2025/08/25	12.313	12.358	12.282	12.346	1840519	22673406.00
2025/08/26	12.345	12.358	12.300	12.352	468540	5770100.50
2025/08/27	12.351	12.362	12.332	12.350	202323	2498954.75
2025/08/28	12.350	12.350	12.298	12.303	143242	1764152.75
2025/08/29	12.303	12.318	12.296	12.301	1902156	23397950.00
2025/09/01	12.298	12.300	12.286	12.289	762423	9369323.00
2025/09/02	12.289	12.301	12.267	12.300	809610	9941300.00
2025/09/03	12.287	12.295	12.280	12.289	159164	1955829.13
2025/09/04	12.288	12.318	12.270	12.314	477142	5864912.50
2025/09/05	12.313	12.313	12.275	12.283	901110	11071765.00
2025/09/08	12.298	12.307	12.271	12.273	747180	9173692.00
2025/09/09	12.287	12.312	12.268	12.300	822350	10114343.00
2025/09/10	12.287	12.310	12.287	12.289	893967	10987896.00
2025/09/11	12.290	12.307	12.267	12.295	805258	9903147.00
2025/09/12	12.310	12.420	12.310	12.386	315928	3909073.25
2025/09/15	12.388	12.438	12.385	12.385	238074	2950986.50
2025/09/16	12.385	12.400	12.378	12.378	621683	7697945.00
2025/09/17	12.104	12.104	12.044	12.079	581351	7023781.50
2025/09/18	12.079	12.100	11.910	12.024	369400	4435096.00
2025/09/19	12.018	12.018	11.964	11.981	478026	5728072.50
2025/09/22	11.981	12.013	11.973	11.986	669079	8017494.50
2025/09/23	11.986	11.986	11.800	11.957	832506	9953551.00
2025/09/24	11.958	11.958	11.893	11.939	167681	1999518.13
2025/09/25	11.939	11.939	11.874	11.909	145877	1736622.13
2025/09/26	11.900	12.002	11.884	11.999	653115	7834765.00
2025/09/29	12.000	12.000	11.959	11.959	138921	1662459.00
2025/09/30	11.973	12.004	11.973	11.990	126148	1513286.75
2025/10/09	11.992	11.992	11.963	11.966	182563	2184360.00
2025/10/10	11.962	11.968	11.960	11.968	249591	2986220.25
2025/10/13	11.966	11.966	11.911	11.924	55979	667469.75
2025/10/14	11.924	11.924	11.900	11.919	123309	1469502.25
2025/10/15	11.920	12.010	11.920	11.983	832655	9975562.00
2025/10/16	11.983	12.002	11.983	12.000	1996502	23956618.00
2025/10/17	12.000	12.000	11.960	11.961	571215	6835027.50
2025/10/20	11.961	11.962	11.926	11.931	196602	2348626.50
2025/10/21	11.924	11.944	11.899	11.901	164360	1956140.13
2025/10/22	11.901	11.930	11.901	11.915	245121	2919996.75
2025/10/23	11.916	11.973	11.904	11.964	166283	1983154.00
2025/10/24	11.953	12.000	11.933	11.993	318460	3813198.25
2025/10/27	11.992	12.062	11.992	12.023	159686	1919078.38
2025/10/28	12.013	12.149	12.013	12.106	558389	6734409.00
2025/10/29	12.093	12.113	12.064	12.108	791624	9574113.00
2025/10/30	12.084	12.109	12.084	12.106	174458	2111936.25
2025/10/31	12.104	12.106	12.050	12.058	329660	3975789.75
2025/11/03	12.044	12.197	12.033	12.177	705969	8546559.00
2025/11/04	12.137	12.215	12.100	12.195	278214	3383945.50
2025/11/05	12.195	12.195	12.173	12.179	502154	6115707.50
2025/11/06	12.178	12.178	12.153	12.159	376255	4573809.00
2025/11/07	12.168	12.189	12.166	12.170	428563	5217157.50
2025/11/10	12.170	12.170	12.145	12.150	1450917	17641610.00
2025/11/11	12.150	12.213	12.150	12.154	851974	10389265.00
2025/11/12	12.161	12.193	12.153	12.163	434674	5288062.00
2025/11/13	12.163	12.193	12.153	12.192	368187	4481473.50
2025/11/14	12.193	12.204	12.193	12.200	316642	3862712.50
2025/11/17	12.070	12.107	12.030	12.100	484721	5848662.00
2025/11/18	12.099	12.138	12.071	12.118	591787	7156823.00
2025/11/19	12.110	12.112	12.079	12.081	160819	1943055.00
2025/11/20	12.079	12.079	12.067	12.067	152400	1839363.75
2025/11/21	12.059	12.059	12.030	12.039	330697	3981842.75
2025/11/24	12.040	12.041	11.955	11.969	213549	2565126.75
2025/11/25	11.968	11.979	11.897	11.952	435907	5207291.00
2025/11/26	11.951	11.955	11.900	11.945	1398475	16698254.00
2025/11/27	11.930	11.930	11.888	11.901	544226	6475399.00
2025/11/28	11.880	11.901	11.853	11.860	250378	2974505.50
2025/12/01	11.860	11.860	11.830	11.831	412818	4887534.00
2025/12/02	11.831	11.870	11.820	11.829	377221	4464534.00
2025/12/03	11.829	11.878	11.829	11.870	239337	2840725.25
2025/12/04	11.870	11.879	11.827	11.845	607331	7198021.50
2025/12/05	11.848	11.848	11.825	11.825	484339	5729947.50
2025/12/08	11.825	11.840	11.800	11.807	325719	3845966.25
2025/12/09	11.809	11.811	11.740	11.742	203718	2403499.00
2025/12/10	11.769	11.790	11.752	11.760	611454	7195554.50
2025/12/11	11.760	11.830	11.740	11.790	460800	5417302.00
2025/12/12	11.799	11.799	11.779	11.793	414115	4880040.50
2025/12/15	11.788	11.799	11.760	11.777	334979	3949949.75
2025/12/16	11.777	11.777	11.710	11.710	185682	2180702.00
2025/12/17	11.709	11.739	11.699	11.712	107717	1263283.00
2025/12/18	11.710	11.721	11.690	11.694	170026	1990138.50
2025/12/19	11.694	11.809	11.548	11.769	1576619	18317174.00
2025/12/22	11.779	11.800	11.711	11.722	1800230	21098540.00
2025/12/23	11.722	11.722	11.650	11.650	315531	3693048.75
2025/12/24	11.636	11.789	11.565	11.787	406358	4748734.50
2025/12/25	11.784	11.890	11.742	11.836	318356	3772431.75
2025/12/26	11.830	11.830	11.796	11.798	33632	397168.44
2025/12/29	11.790	11.790	11.729	11.769	603654	7083370.00
2025/12/30	11.730	11.759	11.725	11.750	623905	7333231.50
2025/12/31	11.750	11.750	11.711	11.747	355859	4172961.00
2026/01/05	11.728	11.747	11.710	11.733	522859	6127106.50
2026/01/06	11.733	12.000	11.711	11.956	512564	6053573.00
2026/01/07	11.931	11.931	11.850	11.857	1361752	16202824.00
2026/01/08	11.850	11.850	11.800	11.837	458414	5421725.50
2026/01/09	11.830	11.830	11.790	11.791	642033	7573118.00
2026/01/12	11.800	11.937	11.800	11.937	1513593	18006254.00
2026/01/13	11.937	12.036	11.890	12.036	731231	8754424.00
2026/01/14	12.010	12.081	11.998	12.049	890588	10745180.00
2026/01/15	12.049	12.051	11.977	12.038	1024154	12302678.00
2026/01/16	12.028	12.040	11.944	12.038	1189207	14285176.00
2026/01/19	12.038	12.100	11.974	12.087	655120	7890067.00
2026/01/20	12.080	12.153	12.031	12.148	777057	9396963.00
2026/01/21	12.130	12.165	12.075	12.165	733754	8903695.00
2026/01/22	12.160	12.300	12.130	12.300	458315	5611797.00
2026/01/23	12.260	12.350	12.230	12.345	1502478	18503980.00
2026/01/26	12.305	12.350	12.200	12.336	628016	7718866.00
2026/01/27	12.296	12.350	12.204	12.337	424816	5201185.50
2026/01/28	12.310	12.370	12.263	12.337	806575	9935797.00
2026/01/29	12.297	12.369	12.268	12.369	1490462	18334078.00
2026/01/30	12.355	12.380	12.273	12.379	634513	7810042.50
2026/02/02	12.339	12.339	12.182	12.284	1099449	13415588.00
2026/02/03	12.250	12.310	12.196	12.301	583001	7121677.50
2026/02/04	12.270	12.318	12.230	12.308	382364	4682675.00
2026/02/05	12.290	12.340	12.225	12.340	375898	4598992.00
2026/02/06	12.310	12.310	12.238	12.238	278109	3406653.75
2026/02/09	12.238	12.238	12.175	12.229	591852	7216604.00
2026/02/10	12.193	12.228	12.162	12.190	622801	7593268.50
2026/02/11	12.171	12.190	12.151	12.152	406375	4946576.50
2026/02/12	12.152	12.152	12.090	12.111	222835	2699760.00
2026/02/13	12.111	12.130	12.110	12.111	512072	6203807.00
2026/02/24	12.119	12.190	12.119	12.164	52481	637468.06
2026/02/25	12.159	12.182	12.150	12.174	264594	3220660.25
2026/02/26	12.170	12.180	12.149	12.154	366867	4459973.00
2026/02/27	12.163	12.199	12.136	12.176	680559	8279899.50
2026/03/02	12.150	12.150	12.030	12.060	490352	5909496.00
2026/03/03	12.056	12.156	12.020	12.155	723950	8747147.00
2026/03/04	12.155	12.155	12.066	12.074	434907	5250212.00
2026/03/05	12.074	12.128	12.060	12.125	282570	3415450.00
2026/03/06	12.126	12.150	12.090	12.093	403403	4881369.50
2026/03/09	12.093	12.130	12.079	12.091	522077	6311865.00
2026/03/10	12.110	12.160	12.110	12.159	799506	9709947.00
2026/03/11	12.130	12.198	12.130	12.196	349115	4242544.50
2026/03/12	12.196	12.196	12.131	12.133	343325	4168240.50
2026/03/13	12.130	12.133	12.048	12.055	305200	3690693.25
2026/03/16	12.053	12.053	11.990	12.046	325539	3916321.75
2026/03/17	12.046	12.060	12.040	12.049	502353	6052600.50
2026/03/18	12.030	12.051	12.010	12.051	380645	4579356.50
2026/03/19	12.066	12.070	12.019	12.027	98871	1188930.63
2026/03/20	12.027	12.050	12.000	12.043	120220	1447347.88
2026/03/23	12.043	12.050	11.955	12.010	357598	4294322.50
2026/03/24	12.009	12.030	11.997	12.028	267845	3221083.00
2026/04/03	12.145	12.199	12.110	12.189	548169	6665745.50
#КэѕЭАґФґ:НЁґпРЕ
