180202 »ЄПДФЅРгёЯЛЩREIT ИХПЯ І»ёґИЁ
      ИХЖЪ	    їЄЕМ	    ЧоёЯ	    ЧоµН	    КХЕМ	    іЙЅ»Бї	    іЙЅ»¶о
2021/12/14	7.868	9.159	7.868	8.716	33023731	278061184.00
2021/12/15	8.716	9.500	8.716	9.400	11973002	109460352.00
2021/12/16	9.400	10.000	9.400	9.528	11062262	107266056.00
2021/12/17	9.529	9.983	9.529	9.794	7737235	75411944.00
2021/12/20	9.794	9.815	8.950	9.150	6219011	57991468.00
2021/12/21	9.134	9.135	8.700	8.817	3994287	35202292.00
2021/12/22	8.817	8.984	8.700	8.960	3319259	29216836.00
2021/12/23	8.961	9.237	8.961	9.234	3312644	30382474.00
2021/12/24	9.235	9.350	9.110	9.212	2631185	24268928.00
2021/12/27	9.213	9.255	9.157	9.198	1990796	18292868.00
2021/12/28	9.200	9.221	9.178	9.187	1514790	13919060.00
2021/12/29	9.187	9.187	9.090	9.094	2034653	18553934.00
2021/12/30	9.093	9.093	9.000	9.004	1999539	18015840.00
2021/12/31	9.004	9.094	8.943	9.094	1819238	16441035.00
2022/01/04	9.094	9.180	9.091	9.097	1676172	15252491.00
2022/01/05	9.098	9.120	9.066	9.068	1290561	11707008.00
2022/01/06	9.068	9.089	9.030	9.043	1437895	12997759.00
2022/01/07	9.042	9.042	9.001	9.021	1417987	12794696.00
2022/01/10	9.021	9.021	8.990	9.006	1562838	14058685.00
2022/01/11	9.006	9.006	8.986	8.988	1169980	10516620.00
2022/01/12	8.988	9.127	8.988	9.095	2284067	20776344.00
2022/01/13	9.096	9.130	9.063	9.070	1920316	17475078.00
2022/01/14	9.070	9.070	8.990	9.004	1488155	13413540.00
2022/01/17	9.004	9.069	9.000	9.046	1861893	16817998.00
2022/01/18	9.046	9.050	9.022	9.030	1429895	12908206.00
2022/01/19	9.030	9.054	9.018	9.023	1589543	14343986.00
2022/01/20	9.023	9.023	9.015	9.019	1696508	15299139.00
2022/01/21	9.019	9.245	9.014	9.180	3087958	28207852.00
2022/01/24	9.180	9.605	9.180	9.343	4954750	46259788.00
2022/01/25	9.344	9.450	9.111	9.156	2914173	26863662.00
2022/01/26	9.156	9.156	9.029	9.101	2296140	20901132.00
2022/01/27	9.101	9.151	9.071	9.088	2574068	23397204.00
2022/01/28	9.090	9.239	9.090	9.239	2677511	24538834.00
2022/02/07	9.243	9.520	9.243	9.510	3926182	37052380.00
2022/02/08	9.511	9.868	9.511	9.599	5926003	57585016.00
2022/02/09	9.620	9.688	9.333	9.543	5491842	51923788.00
2022/02/10	9.516	9.610	9.370	9.549	3900951	37110536.00
2022/02/11	9.549	9.780	9.519	9.764	5368012	51809056.00
2022/02/14	9.763	9.975	9.703	9.930	6417798	63516684.00
2022/02/15	9.930	10.049	9.788	9.966	6355443	63210784.00
2022/02/16	9.966	9.967	9.585	9.847	4383163	42947800.00
2022/02/17	9.650	9.848	9.585	9.642	4641698	44997652.00
2022/02/18	9.600	9.829	9.450	9.820	5158212	49593992.00
2022/02/21	9.822	9.898	9.715	9.763	3254854	31909966.00
2022/02/22	9.650	9.712	9.460	9.470	3650242	34848520.00
2022/02/23	9.470	9.470	9.201	9.384	3494780	32600288.00
2022/02/24	9.382	9.382	9.109	9.122	2673866	24713054.00
2022/02/25	9.122	9.305	9.122	9.199	3228187	29747982.00
2022/02/28	9.199	9.240	9.160	9.175	1798509	16503133.00
2022/03/01	9.175	9.212	9.032	9.111	2184042	19860264.00
2022/03/02	9.111	9.237	8.961	9.199	2673941	24393548.00
2022/03/03	9.200	9.308	9.200	9.308	2430603	22560002.00
2022/03/04	9.309	9.380	9.193	9.205	2913547	26982180.00
2022/03/07	9.194	9.194	9.010	9.018	2719012	24630334.00
2022/03/08	8.989	8.989	8.910	8.919	2292867	20491854.00
2022/03/09	8.919	9.014	8.728	8.835	2698686	23895626.00
2022/03/10	8.838	8.930	8.838	8.883	2231392	19831732.00
2022/03/11	8.800	8.800	8.700	8.720	2808608	24512556.00
2022/03/14	8.720	8.720	8.530	8.541	2162916	18542618.00
2022/03/15	8.518	8.518	8.040	8.064	4837684	39741764.00
2022/03/16	8.064	8.420	8.062	8.384	3337119	27456054.00
2022/03/17	8.600	8.640	8.388	8.623	3020968	25903514.00
2022/03/18	8.623	8.650	8.534	8.623	1537842	13248578.00
2022/03/21	8.623	8.803	8.601	8.785	1626368	14250550.00
2022/03/22	8.785	8.980	8.785	8.971	3052353	27227998.00
2022/03/23	8.976	9.070	8.771	8.820	3229868	28771076.00
2022/03/24	8.820	8.968	8.601	8.902	2886894	25550336.00
2022/03/25	8.902	8.970	8.780	8.856	1509257	13414732.00
2022/03/28	8.788	8.816	8.700	8.721	1278444	11188040.00
2022/03/29	8.718	8.801	8.718	8.735	727500	6365715.00
2022/03/30	8.751	8.801	8.719	8.734	1281642	11203358.00
2022/03/31	8.733	8.733	8.681	8.686	770481	6696593.50
2022/04/01	8.681	8.727	8.649	8.720	903073	7862239.00
2022/04/06	8.720	8.725	8.667	8.670	1276418	11088381.00
2022/04/07	8.670	8.680	8.670	8.673	1071561	9294689.00
2022/04/08	8.673	8.747	8.605	8.747	1260404	10982053.00
2022/04/11	8.745	8.745	8.634	8.646	1240626	10749257.00
2022/04/12	8.650	8.759	8.650	8.739	1101982	9609596.00
2022/04/13	8.739	8.808	8.663	8.794	1386857	12121303.00
2022/04/14	8.794	8.800	8.769	8.786	1270383	11168547.00
2022/04/15	8.787	8.798	8.730	8.741	945699	8280754.50
2022/04/18	8.741	8.744	8.698	8.714	1108326	9654741.00
2022/04/19	8.710	8.712	8.680	8.701	430350	3745707.00
2022/04/20	8.701	8.701	8.680	8.684	886340	7698574.00
2022/04/21	8.683	8.684	8.611	8.611	811842	7021412.00
2022/04/22	8.620	8.690	8.491	8.678	1725698	14807761.00
2022/04/25	8.648	8.648	8.535	8.535	1005106	8608607.00
2022/04/26	8.530	8.532	8.410	8.467	1090494	9243848.00
2022/04/27	8.424	8.493	8.367	8.472	2294713	19294102.00
2022/04/28	8.458	8.459	8.330	8.337	1659143	13878444.00
2022/04/29	8.337	8.382	8.300	8.351	837138	6988283.00
2022/05/05	8.348	8.440	8.282	8.440	1576168	13166271.00
2022/05/06	8.424	8.424	8.330	8.380	892185	7464177.50
2022/05/09	8.380	8.380	8.324	8.338	702958	5868911.50
2022/05/10	8.338	8.349	8.333	8.334	1111221	9269750.00
2022/05/11	8.332	8.400	8.302	8.354	909888	7605418.00
2022/05/12	8.354	8.424	8.350	8.417	802610	6749707.50
2022/05/13	8.417	8.448	8.417	8.425	912603	7695748.00
2022/05/16	8.425	8.450	8.405	8.411	536286	4515128.50
2022/05/17	8.410	8.433	8.410	8.410	801764	6747691.50
2022/05/18	8.412	8.430	8.391	8.394	512602	4303658.00
2022/05/19	8.388	8.388	8.335	8.339	731669	6102450.00
2022/05/20	8.338	8.355	8.328	8.348	475300	3966251.25
2022/05/23	8.348	8.348	8.318	8.325	731672	6095718.00
2022/05/24	8.323	8.325	8.300	8.303	964295	8009005.50
2022/05/25	8.302	8.337	8.285	8.291	918965	7626101.50
2022/05/26	8.291	8.307	8.276	8.296	986422	8176499.00
2022/05/27	8.296	8.297	8.280	8.297	1087351	9012639.00
2022/05/30	8.297	8.309	8.275	8.280	1056553	8748699.00
2022/05/31	8.275	8.275	8.226	8.274	2166329	17861150.00
2022/06/01	8.274	8.283	8.252	8.268	2098007	17339500.00
2022/06/02	8.268	8.372	8.268	8.362	2035048	16878412.00
2022/06/06	8.365	8.534	8.340	8.530	2098450	17717128.00
2022/06/07	8.530	8.683	8.518	8.638	1798232	15458803.00
2022/06/08	8.639	8.642	8.508	8.546	1384276	11835837.00
2022/06/09	8.546	8.625	8.495	8.619	1823206	15626592.00
2022/06/10	8.620	8.699	8.553	8.677	1812877	15706767.00
2022/06/13	8.663	8.726	8.600	8.719	1713335	14882948.00
2022/06/14	8.719	8.719	8.660	8.703	1737914	15116256.00
2022/06/15	8.670	8.697	8.604	8.664	1952658	16933664.00
2022/06/16	8.643	8.655	8.605	8.626	1698368	14652847.00
2022/06/17	8.625	8.632	8.571	8.580	1610241	13837659.00
2022/06/20	8.580	8.580	8.499	8.509	1908005	16239827.00
2022/06/21	8.505	8.505	8.439	8.478	1030153	8719293.00
2022/06/22	8.478	8.505	8.455	8.468	556027	4715907.00
2022/06/23	8.468	8.468	8.420	8.444	1240244	10476061.00
2022/06/24	8.440	8.527	8.440	8.516	1912972	16274798.00
2022/06/27	8.500	8.516	8.500	8.515	1594850	13566059.00
2022/06/28	8.515	8.581	8.494	8.544	1414535	12058858.00
2022/06/29	8.544	8.544	8.511	8.527	1255613	10697386.00
2022/06/30	8.526	8.598	8.526	8.582	1151856	9863021.00
2022/07/01	8.582	8.582	8.540	8.541	659898	5642062.50
2022/07/04	8.540	8.540	8.498	8.500	1134822	9648886.00
2022/07/05	8.498	8.498	8.452	8.460	1149599	9733187.00
2022/07/06	8.458	8.460	8.431	8.446	946444	7993547.50
2022/07/07	8.445	8.445	8.400	8.412	1052021	8856214.00
2022/07/08	8.400	8.400	8.390	8.390	1185924	9952631.00
2022/07/11	8.390	8.390	8.377	8.381	798687	6692890.50
2022/07/12	8.380	8.480	8.377	8.477	1062508	8930116.00
2022/07/13	8.477	8.490	8.459	8.486	747094	6327869.50
2022/07/14	8.483	8.500	8.439	8.465	734136	6218081.50
2022/07/15	8.465	8.465	8.450	8.452	515114	4354600.50
2022/07/18	8.452	8.599	8.445	8.577	970351	8293262.00
2022/07/19	8.579	8.601	8.551	8.563	719215	6165815.50
2022/07/20	8.564	8.583	8.510	8.530	774179	6613482.00
2022/07/21	8.520	8.520	8.335	8.380	892930	7479530.00
2022/07/22	8.380	8.423	8.370	8.420	1207692	10145047.00
2022/07/25	8.420	8.420	8.381	8.393	1053413	8838232.00
2022/07/26	8.393	8.399	8.375	8.380	764798	6408190.50
2022/07/27	8.379	8.390	8.351	8.380	425539	3565037.75
2022/07/28	8.379	8.397	8.350	8.387	763093	6395164.00
2022/07/29	8.386	8.399	8.365	8.383	749515	6281842.00
2022/08/01	8.382	8.382	8.365	8.372	774970	6488795.00
2022/08/02	8.371	8.371	8.343	8.356	901930	7532239.50
2022/08/03	8.336	8.362	8.021	8.350	869338	7233906.00
2022/08/04	8.339	8.373	8.330	8.368	804847	6729093.00
2022/08/05	8.365	8.368	8.338	8.368	884431	7396656.00
2022/08/08	8.368	8.415	8.361	8.400	1032995	8667374.00
2022/08/09	8.403	8.420	8.385	8.411	1297884	10915540.00
2022/08/10	8.410	8.426	8.392	8.417	1311069	11031490.00
2022/08/11	8.416	8.438	8.386	8.390	929690	7816741.50
2022/08/12	8.387	8.390	8.372	8.373	822367	6889118.00
2022/08/15	8.373	8.435	8.350	8.429	1130684	9499819.00
2022/08/16	8.429	8.444	8.406	8.406	813227	6848950.50
2022/08/17	8.397	8.406	8.378	8.383	821387	6895866.00
2022/08/18	8.383	8.384	8.328	8.380	817820	6849318.00
2022/08/19	8.380	8.480	8.362	8.480	1673387	14106950.00
2022/08/22	8.500	8.650	8.480	8.508	2830475	24233088.00
2022/08/23	8.451	8.578	8.451	8.561	1360835	11636638.00
2022/08/24	8.558	8.558	8.500	8.529	1641417	13979116.00
2022/08/25	8.500	8.666	8.490	8.661	2251548	19380846.00
2022/08/26	8.661	8.729	8.620	8.719	2042236	17751464.00
2022/08/29	8.713	8.766	8.680	8.702	2297102	20027974.00
2022/08/30	8.699	8.778	8.655	8.778	1844677	16113444.00
2022/08/31	8.777	8.891	8.710	8.857	2640479	23321692.00
2022/09/01	8.857	8.880	8.755	8.874	1878288	16514547.00
2022/09/02	8.864	8.901	8.817	8.886	1645269	14580594.00
2022/09/05	8.885	8.885	8.803	8.831	1630388	14382791.00
2022/09/06	8.827	8.835	8.748	8.835	1668973	14683507.00
2022/09/07	8.830	8.830	8.775	8.799	1649914	14518889.00
2022/09/08	8.748	8.814	8.748	8.766	1957798	17207306.00
2022/09/09	8.766	8.794	8.745	8.774	1519142	13331017.00
2022/09/13	8.770	8.770	8.740	8.751	1236671	10821111.00
2022/09/14	8.751	8.752	8.728	8.752	1083283	9462527.00
2022/09/15	8.744	8.765	8.731	8.753	1445247	12646455.00
2022/09/16	8.747	8.747	8.715	8.715	1053442	9202941.00
2022/09/19	8.712	8.767	8.666	8.702	1191752	10394406.00
2022/09/20	8.701	8.732	8.672	8.708	985929	8584285.00
2022/09/21	8.708	8.720	8.696	8.718	998403	8692481.00
2022/09/22	8.720	8.728	8.719	8.722	512789	4473804.50
2022/09/23	8.730	8.804	8.730	8.754	1224971	10735282.00
2022/09/26	8.754	8.800	8.708	8.721	1412853	12331256.00
2022/09/27	8.691	8.777	8.691	8.715	1331911	11629315.00
2022/09/28	8.605	8.641	8.501	8.609	857309	7376747.00
2022/09/29	8.566	8.606	8.543	8.557	1104112	9444991.00
2022/09/30	8.551	8.557	8.477	8.498	1415055	12047637.00
2022/10/10	8.492	8.498	8.405	8.428	1162784	9816399.00
2022/10/11	8.415	8.415	8.095	8.355	373092	3121146.00
2022/10/12	8.355	8.371	8.344	8.369	517616	4322037.50
2022/10/13	8.369	8.437	8.355	8.400	541203	4545751.50
2022/10/14	8.400	8.442	8.370	8.418	629903	5302462.50
2022/10/17	8.419	8.435	8.370	8.404	834685	7009929.00
2022/10/18	8.404	8.424	8.385	8.417	867327	7296038.00
2022/10/19	8.422	8.440	8.398	8.416	676831	5694169.50
2022/10/20	8.416	8.421	8.375	8.388	539205	4520571.50
2022/10/21	8.380	8.389	8.329	8.368	1111414	9281402.00
2022/10/24	8.374	8.374	8.278	8.294	1194618	9923083.00
2022/10/25	8.289	8.289	8.095	8.245	989306	8151914.00
2022/10/26	8.253	8.253	8.100	8.234	687064	5659107.00
2022/10/27	8.264	8.294	8.179	8.218	1108850	9105084.00
2022/10/28	8.254	8.254	8.174	8.227	1396581	11437908.00
2022/10/31	8.227	8.232	8.177	8.220	840173	6906046.50
2022/11/01	8.214	8.214	8.154	8.183	1483182	12118611.00
2022/11/02	8.200	8.300	8.170	8.285	1337609	11052871.00
2022/11/03	8.283	8.309	8.220	8.309	1216171	10041026.00
2022/11/04	8.309	8.400	8.309	8.385	992978	8316595.50
2022/11/07	8.385	8.385	8.286	8.320	1302600	10856278.00
2022/11/08	8.317	8.318	8.210	8.270	1303854	10768099.00
2022/11/09	8.270	8.270	8.223	8.245	870187	7176812.50
2022/11/10	8.264	8.264	8.203	8.211	1152113	9484437.00
2022/11/11	8.215	8.256	8.200	8.232	1073130	8833412.00
2022/11/14	8.232	8.250	8.201	8.222	1112004	9147864.00
2022/11/15	8.222	8.240	8.171	8.210	573148	4708600.00
2022/11/16	8.210	8.224	8.183	8.210	930432	7640649.50
2022/11/17	8.209	8.220	8.178	8.220	687942	5642349.00
2022/11/18	8.220	8.234	8.182	8.218	605392	4962485.50
2022/11/21	8.218	8.385	8.218	8.380	567424	4711182.00
2022/11/22	8.381	8.389	8.239	8.332	1052021	8752938.00
2022/11/23	8.332	8.332	8.290	8.294	456014	3783744.25
2022/11/24	8.294	8.317	8.280	8.302	672588	5587134.00
2022/11/25	8.302	8.316	8.262	8.307	458802	3810843.50
2022/11/28	8.304	8.319	8.200	8.308	589869	4891503.00
2022/11/29	8.312	8.353	8.269	8.337	417792	3474900.75
2022/11/30	8.337	8.384	8.301	8.310	479415	3986492.25
2022/12/01	8.310	8.348	8.310	8.321	519032	4320638.50
2022/12/02	8.321	8.346	8.302	8.330	453058	3773252.00
2022/12/05	8.326	8.398	8.301	8.375	726333	6090638.00
2022/12/06	8.375	8.426	8.358	8.392	501102	4205212.00
2022/12/07	8.392	8.410	8.327	8.337	735568	6145846.00
2022/12/08	8.336	8.345	8.310	8.341	598026	4984202.50
2022/12/09	8.399	8.399	8.313	8.340	376758	3145022.75
2022/12/12	8.340	8.350	8.285	8.324	616690	5137092.00
2022/12/13	8.324	8.324	8.283	8.291	369469	3064624.00
2022/12/14	8.281	8.290	8.181	8.187	672555	5519630.00
2022/12/15	8.240	8.240	8.090	8.096	987663	8023785.00
2022/12/16	8.095	8.117	8.090	8.116	579043	4695775.00
2022/12/19	8.250	8.251	8.050	8.066	867218	7005013.00
2022/12/20	8.111	8.111	7.976	7.983	637075	5091770.00
2022/12/21	7.984	8.029	7.880	7.890	1116827	8845050.00
2022/12/22	7.976	7.976	7.878	7.896	846945	6686369.50
2022/12/23	7.999	7.999	7.885	7.926	722470	5723804.00
2022/12/26	7.927	7.928	7.880	7.901	1371690	10846138.00
2022/12/27	7.927	7.927	7.881	7.895	742469	5860578.50
2022/12/28	7.890	7.925	7.800	7.887	823106	6493200.00
2022/12/29	7.890	7.958	7.886	7.890	862261	6818990.00
2022/12/30	7.886	7.917	7.885	7.906	926538	7322410.50
2023/01/03	7.906	7.950	7.906	7.947	1215084	9639393.00
2023/01/04	7.939	7.939	7.765	7.769	1232655	9605766.00
2023/01/05	7.828	7.828	7.722	7.731	862451	6671425.50
2023/01/06	7.797	7.797	7.714	7.754	997076	7707130.50
2023/01/09	7.779	7.779	7.741	7.750	922674	7153747.00
2023/01/10	7.779	7.779	7.742	7.750	1183448	9175584.00
2023/01/11	7.752	7.768	7.740	7.750	925284	7171453.50
2023/01/12	7.750	7.763	7.745	7.749	521130	4041354.50
2023/01/13	7.749	7.752	7.714	7.724	661567	5118865.50
2023/01/16	7.724	7.740	7.644	7.699	1118337	8610129.00
2023/01/17	7.699	7.699	7.662	7.680	669434	5143406.50
2023/01/18	7.679	7.694	7.647	7.691	941665	7220527.50
2023/01/19	7.694	7.718	7.694	7.718	502499	3871564.00
2023/01/20	7.718	7.750	7.718	7.741	364732	2820625.00
2023/01/30	7.745	7.772	7.742	7.772	1414456	10983542.00
2023/01/31	7.772	7.847	7.772	7.833	1260171	9846431.00
2023/02/01	7.855	7.855	7.826	7.848	1317594	10343142.00
2023/02/02	7.848	7.870	7.826	7.852	688819	5405534.00
2023/02/03	7.852	7.852	7.820	7.847	1171972	9183784.00
2023/02/06	7.847	7.855	7.805	7.838	1590166	12469435.00
2023/02/07	7.838	7.849	7.805	7.837	1219810	9561722.00
2023/02/08	7.837	7.837	7.805	7.833	632601	4950565.00
2023/02/09	7.833	7.849	7.808	7.838	704647	5523588.50
2023/02/10	7.837	7.856	7.829	7.841	801916	6286316.00
2023/02/13	7.845	7.868	7.838	7.849	1079929	8477202.00
2023/02/14	7.850	7.868	7.850	7.860	1160911	9127386.00
2023/02/15	7.871	7.887	7.846	7.848	1486880	11686301.00
2023/02/16	7.848	7.850	7.825	7.833	1052263	8247508.50
2023/02/17	7.833	7.849	7.826	7.833	1110950	8704969.00
2023/02/20	7.833	7.833	7.819	7.826	1340536	10491735.00
2023/02/21	7.827	7.844	7.820	7.834	1771410	13878167.00
2023/02/22	7.844	7.844	7.824	7.830	1009936	7913197.50
2023/02/23	7.832	7.841	7.811	7.820	1368199	10702836.00
2023/02/24	7.820	7.820	7.801	7.804	622995	4868472.00
2023/02/27	7.804	7.809	7.800	7.801	723522	5646583.50
2023/02/28	7.800	7.802	7.780	7.789	1575522	12273587.00
2023/03/01	7.795	7.801	7.785	7.795	1164690	9080951.00
2023/03/02	7.790	7.800	7.768	7.781	1389309	10819575.00
2023/03/03	7.781	7.800	7.771	7.781	1076506	8380452.50
2023/03/06	7.781	7.796	7.718	7.740	1298754	10074072.00
2023/03/07	7.749	7.750	7.680	7.696	1517721	11703048.00
2023/03/08	7.680	7.689	7.662	7.665	1230616	9440820.00
2023/03/09	7.665	7.685	7.646	7.651	1340377	10259550.00
2023/03/10	7.651	7.652	7.635	7.636	1205490	9214100.00
2023/03/13	7.636	7.664	7.624	7.633	1539603	11763165.00
2023/03/14	7.640	7.648	7.619	7.628	1153008	8791679.00
2023/03/15	7.627	7.639	7.620	7.630	840387	6413265.50
2023/03/16	7.650	7.650	7.608	7.616	1352494	10313102.00
2023/03/17	7.616	7.633	7.602	7.614	1114983	8485319.00
2023/03/20	7.612	7.612	7.560	7.573	1709014	12965224.00
2023/03/21	7.573	7.573	7.536	7.551	1401376	10579060.00
2023/03/22	7.551	7.551	7.532	7.538	1010016	7613417.50
2023/03/23	7.537	7.543	7.520	7.530	1261736	9500226.00
2023/03/24	7.529	7.534	7.524	7.528	1227212	9238983.00
2023/03/27	7.527	7.559	7.520	7.558	1440565	10864598.00
2023/03/28	7.558	7.567	7.503	7.522	1383122	10435333.00
2023/03/29	7.518	7.535	7.440	7.454	832809	6241485.50
2023/03/30	7.454	7.500	7.408	7.423	1094099	8121509.00
2023/03/31	7.423	7.447	7.410	7.425	1863108	13836701.00
2023/04/03	7.425	7.599	7.425	7.599	1591346	11935355.00
2023/04/04	7.599	7.740	7.599	7.637	1351243	10363414.00
2023/04/06	7.636	7.636	7.561	7.577	530038	4020373.75
2023/04/07	7.596	7.597	7.540	7.575	1101592	8331174.50
2023/04/10	7.575	7.582	7.521	7.525	735414	5536923.00
2023/04/11	7.535	7.535	7.463	7.477	1000748	7489563.00
2023/04/12	7.480	7.480	7.411	7.423	1062705	7898105.50
2023/04/13	7.423	7.443	7.408	7.411	605063	4488090.50
2023/04/14	7.411	7.466	7.411	7.417	801057	5944304.00
2023/04/17	7.416	7.450	7.410	7.430	1128291	8378095.00
2023/04/18	7.430	7.560	7.430	7.546	1491265	11171794.00
2023/04/19	7.546	7.588	7.546	7.572	1050561	7947525.00
2023/04/20	7.571	7.571	7.470	7.529	1004013	7540294.00
2023/04/21	7.532	7.569	7.514	7.541	891516	6717755.50
2023/04/24	7.541	7.580	7.502	7.550	684536	5166764.00
2023/04/25	7.549	7.549	7.489	7.500	829065	6219011.00
2023/04/26	7.490	7.492	7.475	7.479	564219	4221848.00
2023/04/27	7.480	7.480	7.392	7.392	606130	4494406.50
2023/04/28	7.439	7.439	7.391	7.439	557664	4131998.75
2023/05/04	7.433	7.433	7.395	7.413	492538	3647425.00
2023/05/05	7.413	7.429	7.391	7.394	566259	4189363.75
2023/05/08	7.393	7.416	7.380	7.380	876099	6473785.50
2023/05/09	7.379	7.379	7.319	7.319	1034577	7582973.00
2023/05/10	7.315	7.345	7.310	7.344	1494028	10951910.00
2023/05/11	7.344	7.413	7.319	7.326	704217	5173203.50
2023/05/12	7.324	7.354	7.261	7.263	890027	6482496.50
2023/05/15	7.261	7.295	7.240	7.270	788528	5730573.00
2023/05/16	7.330	7.330	7.232	7.270	598841	4341432.00
2023/05/17	7.265	7.266	7.221	7.230	372903	2701004.25
2023/05/18	7.230	7.230	7.210	7.225	544087	3928671.00
2023/05/19	7.225	7.289	7.225	7.272	685126	4988161.00
2023/05/22	7.273	7.297	7.273	7.297	835806	6095418.00
2023/05/23	7.304	7.357	7.303	7.336	1162667	8526809.00
2023/05/24	7.094	7.160	7.050	7.113	535706	3804887.50
2023/05/25	7.113	7.113	7.060	7.070	727803	5157757.00
2023/05/26	7.065	7.105	7.064	7.096	602603	4264388.00
2023/05/29	7.093	7.093	7.000	7.024	717299	5037440.50
2023/05/30	7.022	7.022	6.858	6.945	907210	6285199.50
2023/05/31	6.941	6.941	6.850	6.865	716947	4919949.50
2023/06/01	6.865	6.865	6.780	6.800	983974	6694543.00
2023/06/02	6.800	6.812	6.752	6.782	878550	5949778.50
2023/06/05	6.774	6.774	6.609	6.614	965655	6417642.00
2023/06/06	6.619	6.644	6.518	6.590	693378	4542366.50
2023/06/07	6.590	6.816	6.590	6.800	1139203	7648730.50
2023/06/08	6.802	6.924	6.802	6.918	820414	5656324.50
2023/06/09	6.933	6.949	6.860	6.900	441466	3046184.00
2023/06/12	6.900	6.902	6.800	6.901	415258	2845850.50
2023/06/13	6.950	6.950	6.861	6.882	318075	2190700.00
2023/06/14	6.887	6.895	6.860	6.886	292680	2012569.13
2023/06/15	6.883	6.883	6.838	6.868	809288	5540535.00
2023/06/16	6.868	6.880	6.790	6.880	546464	3739490.50
2023/06/19	6.880	6.880	6.809	6.868	589234	4021021.50
2023/06/20	6.868	6.888	6.859	6.875	633931	4355807.50
2023/06/21	6.888	6.905	6.875	6.897	736629	5080179.50
2023/06/26	6.896	6.896	6.813	6.820	157723	1076172.63
2023/06/27	6.818	6.831	6.798	6.809	864069	5887954.00
2023/06/28	6.809	6.820	6.762	6.792	714439	4849702.00
2023/06/29	6.792	6.822	6.761	6.773	482102	3270868.25
2023/06/30	6.761	6.802	6.718	6.762	983189	6648818.00
2023/07/03	6.736	6.780	6.697	6.780	836171	5607431.50
2023/07/04	6.776	6.776	6.700	6.709	1060323	7120371.50
2023/07/05	6.709	6.709	6.670	6.684	747793	4999376.50
2023/07/06	6.679	6.782	6.661	6.782	709956	4785289.00
2023/07/07	6.782	6.935	6.770	6.870	637831	4381219.00
2023/07/10	6.870	6.898	6.840	6.882	435931	2995932.00
2023/07/11	6.882	6.910	6.825	6.852	710488	4872900.00
2023/07/12	6.852	6.875	6.830	6.859	466084	3193274.75
2023/07/13	6.859	6.930	6.859	6.903	491363	3390640.50
2023/07/14	6.902	6.986	6.902	6.955	874945	6084373.00
2023/07/17	6.960	7.071	6.955	7.071	788142	5541294.50
2023/07/18	7.076	7.200	7.076	7.200	1314723	9428809.00
2023/07/19	7.200	7.225	7.165	7.173	893486	6425254.50
2023/07/20	7.164	7.164	7.101	7.116	757441	5385801.50
2023/07/21	7.116	7.180	7.077	7.180	628024	4477400.50
2023/07/24	7.180	7.198	7.095	7.174	1025589	7351974.00
2023/07/25	7.174	7.245	7.134	7.203	533228	3837053.50
2023/07/26	7.202	7.219	7.163	7.199	348094	2508433.75
2023/07/27	7.199	7.218	7.119	7.142	488932	3494804.50
2023/07/28	7.142	7.170	7.110	7.166	468400	3348359.50
2023/07/31	7.166	7.199	7.133	7.185	748786	5369089.50
2023/08/01	7.185	7.230	7.185	7.208	648605	4675333.00
2023/08/02	7.200	7.260	7.200	7.249	700417	5071297.00
2023/08/03	7.257	7.260	7.249	7.259	450026	3263990.25
2023/08/04	7.259	7.273	7.237	7.245	643477	4666584.00
2023/08/07	7.245	7.259	7.235	7.259	584252	4231953.50
2023/08/08	7.259	7.269	7.234	7.260	744504	5404434.50
2023/08/09	7.260	7.283	7.203	7.248	951423	6894818.50
2023/08/10	7.208	7.248	7.166	7.213	1370199	9918823.00
2023/08/11	7.200	7.222	7.200	7.211	717653	5175923.50
2023/08/14	7.210	7.249	7.150	7.216	457184	3288331.25
2023/08/15	7.216	7.249	7.213	7.219	578655	4180065.75
2023/08/16	7.215	7.226	7.197	7.213	557789	4023508.25
2023/08/17	7.192	7.213	7.174	7.191	324945	2335613.50
2023/08/18	7.191	7.245	7.191	7.200	468750	3378523.50
2023/08/21	7.210	7.233	7.210	7.216	523472	3777965.25
2023/08/22	7.216	7.219	7.200	7.214	440862	3180783.00
2023/08/23	7.214	7.225	7.143	7.185	419521	3022260.75
2023/08/24	7.134	7.134	7.038	7.058	764823	5407407.50
2023/08/25	7.058	7.058	6.984	7.040	372982	2625328.75
2023/08/28	7.020	7.100	7.020	7.064	456784	3221720.00
2023/08/29	7.065	7.065	7.037	7.057	614880	4330083.00
2023/08/30	7.040	7.065	7.040	7.044	836311	5897611.50
2023/08/31	7.041	7.044	7.018	7.030	389931	2741373.75
2023/09/01	7.030	7.057	6.962	6.995	821046	5747549.50
2023/09/04	6.995	6.995	6.954	6.964	422976	2945932.25
2023/09/05	6.964	6.965	6.937	6.964	310494	2160599.75
2023/09/06	6.960	6.965	6.950	6.958	280892	1954931.25
2023/09/07	6.958	6.982	6.958	6.964	346614	2414810.25
2023/09/08	6.964	6.990	6.964	6.990	460725	3214689.25
2023/09/11	6.983	7.025	6.950	7.018	385900	2695653.25
2023/09/12	6.999	7.036	6.999	7.019	436489	3065548.25
2023/09/13	7.019	7.019	6.992	7.010	386335	2705935.00
2023/09/14	7.000	7.028	6.952	6.960	681728	4765214.00
2023/09/15	6.960	6.980	6.947	6.947	789232	5491069.50
2023/09/18	6.909	6.947	6.902	6.909	788675	5450267.50
2023/09/19	6.900	6.912	6.900	6.905	467771	3230749.25
2023/09/20	6.905	6.907	6.902	6.903	208263	1437930.13
2023/09/21	6.907	6.915	6.870	6.878	328559	2260681.00
2023/09/22	6.870	6.875	6.850	6.864	519333	3566042.25
2023/09/25	6.861	6.875	6.837	6.852	301338	2067298.00
2023/09/26	6.852	6.852	6.800	6.850	383396	2618521.50
2023/09/27	6.810	6.837	6.810	6.818	315709	2151955.50
2023/09/28	6.800	6.856	6.798	6.820	492289	3360180.00
2023/10/09	6.820	6.820	6.780	6.799	370462	2519693.50
2023/10/10	6.799	6.799	6.760	6.774	384899	2607405.50
2023/10/11	6.750	6.750	6.730	6.733	490141	3299753.75
2023/10/12	6.733	6.767	6.733	6.745	992974	6692505.50
2023/10/13	6.745	6.779	6.740	6.745	386911	2612814.25
2023/10/16	6.745	6.752	6.729	6.734	658442	4433861.50
2023/10/17	6.695	6.791	6.695	6.780	905115	6079926.00
2023/10/18	6.755	6.780	6.700	6.728	968098	6525979.50
2023/10/19	6.728	6.731	6.701	6.713	280579	1883553.25
2023/10/20	6.680	6.720	6.617	6.720	482266	3210952.25
2023/10/23	6.720	6.776	6.518	6.617	1506512	9925227.00
2023/10/24	6.604	6.619	6.543	6.616	1180769	7782145.50
2023/10/25	6.616	6.695	6.616	6.655	675350	4492417.50
2023/10/26	6.622	6.660	6.577	6.660	380005	2510684.25
2023/10/27	6.660	6.662	6.620	6.639	336064	2231227.50
2023/10/30	6.601	6.630	6.580	6.596	617717	4073632.75
2023/10/31	6.596	6.602	6.581	6.600	1065107	7024293.50
2023/11/01	6.605	6.605	6.575	6.575	764570	5033266.00
2023/11/02	6.570	6.575	6.550	6.552	687970	4510277.00
2023/11/03	6.552	6.586	6.532	6.553	566357	3705508.00
2023/11/06	6.560	6.579	6.528	6.551	488637	3196666.50
2023/11/07	6.530	6.532	6.521	6.527	498048	3250686.50
2023/11/08	6.523	6.553	6.511	6.545	437855	2860139.50
2023/11/09	6.538	6.572	6.525	6.571	487716	3200223.50
2023/11/10	6.572	6.585	6.558	6.573	379370	2493629.00
2023/11/13	6.571	6.588	6.568	6.574	279025	1835010.63
2023/11/14	6.574	6.587	6.573	6.585	454366	2991838.00
2023/11/15	6.586	6.611	6.575	6.579	332140	2187348.00
2023/11/16	6.576	6.576	6.510	6.543	290913	1907087.63
2023/11/17	6.530	6.531	6.510	6.526	558328	3636539.25
2023/11/20	6.518	6.524	6.462	6.495	754177	4905804.50
2023/11/21	6.485	6.485	6.445	6.453	830856	5365705.50
2023/11/22	6.450	6.465	6.388	6.431	658136	4234392.00
2023/11/23	6.410	6.445	6.370	6.390	978362	6267398.00
2023/11/24	6.390	6.390	6.299	6.340	887699	5624002.50
2023/11/27	6.340	6.347	6.292	6.297	1045809	6610045.00
2023/11/28	6.295	6.295	6.240	6.278	1285146	8048208.00
2023/11/29	6.276	6.278	6.207	6.278	1043226	6503220.00
2023/11/30	6.278	6.383	6.200	6.278	1126981	7116063.50
2023/12/01	6.290	6.335	6.266	6.324	703316	4435694.50
2023/12/04	6.324	6.374	6.324	6.354	484349	3078188.25
2023/12/05	6.329	6.329	6.164	6.217	465551	2879914.75
2023/12/06	6.217	6.248	6.212	6.227	1281545	7976291.50
2023/12/07	6.227	6.246	6.170	6.197	669770	4151227.00
2023/12/08	6.176	6.197	6.140	6.156	448008	2761555.75
2023/12/11	6.136	6.136	6.054	6.087	1241588	7553944.00
2023/12/12	6.080	6.080	5.984	5.997	766879	4610360.50
2023/12/13	5.957	5.962	5.845	5.909	1317530	7737394.50
2023/12/14	5.860	5.909	5.820	5.909	741040	4335598.00
2023/12/15	5.908	5.930	5.869	5.929	589825	3478257.75
2023/12/18	5.928	5.928	5.868	5.926	847601	4984841.00
2023/12/19	5.924	5.924	5.868	5.887	1165905	6851559.00
2023/12/20	5.885	5.932	5.880	5.923	1369484	8102661.50
2023/12/21	5.926	6.163	5.926	6.149	1724584	10475754.00
2023/12/22	6.149	6.248	6.021	6.150	2082523	12784548.00
2023/12/25	6.183	6.183	6.000	6.153	1756920	10608458.00
2023/12/26	6.147	6.149	6.006	6.141	1523520	9215423.00
2023/12/27	6.089	6.089	6.014	6.043	1237269	7465616.50
2023/12/28	6.010	6.082	5.976	6.078	1526351	9179648.00
2023/12/29	6.054	6.145	5.990	6.134	1668352	10077669.00
2024/01/02	6.104	6.185	6.057	6.079	3175367	19399090.00
2024/01/03	6.065	6.152	6.010	6.122	1144534	7003094.00
2024/01/04	6.122	6.175	6.065	6.156	892548	5458920.50
2024/01/05	6.148	6.191	6.116	6.189	2783933	17129560.00
2024/01/08	6.170	6.189	6.136	6.144	938025	5764925.50
2024/01/09	6.144	6.144	6.080	6.092	2209119	13477540.00
2024/01/10	6.091	6.138	6.052	6.080	1004239	6119115.50
2024/01/11	6.090	6.090	6.053	6.086	1247822	7589524.00
2024/01/12	6.058	6.107	6.057	6.076	1017314	6190397.50
2024/01/15	6.075	6.099	6.070	6.084	1110119	6756931.50
2024/01/16	6.084	6.119	6.066	6.111	1207850	7361257.50
2024/01/17	6.111	6.200	6.111	6.190	1397260	8615870.00
2024/01/18	6.190	6.228	6.097	6.139	918114	5638309.00
2024/01/19	6.139	6.191	6.104	6.166	1217873	7496707.00
2024/01/22	6.160	6.170	6.134	6.150	1234080	7596807.50
2024/01/23	6.140	6.151	6.110	6.123	789344	4849627.00
2024/01/24	6.093	6.199	6.085	6.123	665579	4085008.75
2024/01/25	6.123	6.156	6.111	6.132	918014	5629340.00
2024/01/26	6.155	6.183	6.124	6.132	844536	5179548.50
2024/01/29	6.132	6.133	6.105	6.110	1444718	8839871.00
2024/01/30	6.081	6.133	6.080	6.097	1298292	7931765.50
2024/01/31	6.094	6.108	6.079	6.083	1832000	11151298.00
2024/02/01	6.078	6.098	6.070	6.089	906650	5516662.50
2024/02/02	6.081	6.100	6.070	6.084	1017579	6195991.50
2024/02/05	6.078	6.086	6.078	6.082	1173191	7136583.00
2024/02/06	6.081	6.130	6.036	6.126	803301	4912343.00
2024/02/07	6.130	6.230	6.113	6.221	850186	5257323.50
2024/02/08	6.248	6.425	6.202	6.375	830446	5230289.00
2024/02/19	6.370	6.627	6.370	6.605	1238327	8045576.00
2024/02/20	6.606	6.815	6.539	6.734	1803424	12145746.00
2024/02/21	6.733	6.785	6.670	6.763	1599720	10808232.00
2024/02/22	6.715	6.858	6.715	6.809	1396526	9500666.00
2024/02/23	6.808	6.926	6.808	6.921	1323791	9080396.00
2024/02/26	6.921	7.203	6.920	7.178	2283061	16131514.00
2024/02/27	7.180	7.228	6.918	7.117	1704463	12059866.00
2024/02/28	7.116	7.116	6.816	7.020	1635121	11553973.00
2024/02/29	6.980	7.350	6.901	7.067	1859740	13204398.00
2024/03/01	7.067	7.185	7.027	7.184	1481501	10599208.00
2024/03/04	7.180	7.318	7.130	7.240	1463398	10567928.00
2024/03/05	7.240	7.303	7.190	7.260	2787052	20241236.00
2024/03/06	7.217	7.281	7.190	7.211	2021844	14654089.00
2024/03/07	7.210	7.257	7.157	7.160	1206893	8664710.00
2024/03/08	7.159	7.174	7.117	7.141	1566986	11187052.00
2024/03/11	7.141	7.167	7.067	7.140	1448013	10312294.00
2024/03/12	7.122	7.134	7.089	7.134	832482	5918684.00
2024/03/13	7.127	7.160	7.025	7.160	888117	6282580.00
2024/03/14	7.151	7.151	7.025	7.048	1103612	7804283.00
2024/03/15	7.045	7.090	7.008	7.076	755136	5308384.00
2024/03/18	7.076	7.119	7.076	7.100	359490	2552337.00
2024/03/19	7.090	7.180	7.040	7.100	479291	3400258.00
2024/03/20	7.068	7.099	7.006	7.045	427414	3010714.00
2024/03/21	7.045	7.045	6.953	6.990	559429	3910027.00
2024/03/22	6.950	6.990	6.849	6.919	412202	2836951.00
2024/03/25	6.950	6.978	6.820	6.877	449743	3092556.00
2024/03/26	6.870	6.965	6.830	6.833	429618	2956131.25
2024/03/27	6.833	6.919	6.818	6.880	1115373	7672398.50
2024/03/28	6.880	6.915	6.798	6.842	421358	2889297.00
2024/03/29	6.825	6.876	6.801	6.842	311930	2128620.00
2024/04/01	6.842	6.903	6.802	6.895	386946	2658917.50
2024/04/02	6.895	7.032	6.864	6.930	461551	3200358.25
2024/04/03	6.930	7.080	6.930	7.020	879292	6172176.50
2024/04/08	7.020	7.120	7.000	7.071	1646678	11642231.00
2024/04/09	7.071	7.199	7.071	7.150	2650262	18996466.00
2024/04/10	7.148	7.175	7.120	7.150	2374545	16979502.00
2024/04/11	7.152	7.215	7.100	7.117	1701186	12169561.00
2024/04/12	7.072	7.072	6.880	6.938	589615	4094175.75
2024/04/15	6.950	6.950	6.811	6.872	684999	4705538.00
2024/04/16	6.868	6.872	6.750	6.872	671556	4582247.00
2024/04/17	6.872	6.930	6.871	6.910	1000690	6916097.50
2024/04/18	6.930	6.935	6.850	6.880	430018	2961376.50
2024/04/19	6.875	6.979	6.840	6.899	447162	3076152.00
2024/04/22	6.899	6.917	6.817	6.897	785886	5416563.50
2024/04/23	6.890	6.979	6.814	6.897	766619	5281630.50
2024/04/24	6.883	6.896	6.858	6.884	545263	3752670.25
2024/04/25	6.844	6.974	6.844	6.915	1103378	7622938.50
2024/04/26	6.913	6.946	6.900	6.920	1130924	7832813.00
2024/04/29	6.916	6.932	6.820	6.851	556524	3832919.00
2024/04/30	6.851	6.912	6.822	6.885	540387	3715619.25
2024/05/06	6.885	6.930	6.885	6.910	764590	5288752.00
2024/05/07	6.911	6.916	6.850	6.912	490430	3384192.75
2024/05/08	6.872	6.929	6.850	6.867	538957	3707050.00
2024/05/09	6.831	6.886	6.831	6.835	763977	5233552.50
2024/05/10	6.835	6.840	6.760	6.780	654961	4451413.50
2024/05/13	6.778	6.779	6.713	6.749	1238321	8343469.00
2024/05/14	6.722	6.804	6.720	6.768	746194	5057841.50
2024/05/15	6.757	6.768	6.720	6.749	720464	4854352.50
2024/05/16	6.738	6.805	6.720	6.805	821761	5538980.50
2024/05/17	6.805	6.825	6.789	6.808	170398	1160521.00
2024/05/20	6.770	6.822	6.770	6.776	330484	2240091.00
2024/05/21	6.775	6.830	6.751	6.792	277011	1881141.63
2024/05/22	6.788	6.850	6.770	6.778	305277	2074248.25
2024/05/23	6.770	6.787	6.725	6.762	189556	1278283.25
2024/05/24	6.785	6.799	6.724	6.798	311847	2118489.00
2024/05/27	6.798	6.840	6.790	6.795	255226	1738034.88
2024/05/28	6.866	6.866	6.738	6.784	564491	3819710.25
2024/05/29	6.783	6.850	6.767	6.820	1405754	9537832.00
2024/05/30	6.800	6.849	6.800	6.849	681367	4650230.50
2024/05/31	6.859	6.859	6.794	6.854	1316522	8993572.00
2024/06/03	6.814	6.853	6.780	6.790	2212367	15056628.00
2024/06/04	6.790	6.821	6.701	6.810	1328558	8992561.00
2024/06/05	6.813	6.940	6.813	6.931	1458528	10067949.00
2024/06/06	6.930	6.955	6.900	6.936	1662137	11541250.00
2024/06/07	6.936	7.040	6.896	6.923	1339049	9267060.00
2024/06/11	6.880	6.880	6.739	6.780	328976	2228833.75
2024/06/12	6.780	6.822	6.767	6.800	266622	1809765.13
2024/06/13	6.796	6.823	6.770	6.810	644404	4385883.50
2024/06/14	6.810	6.838	6.780	6.817	531734	3615945.25
2024/06/17	6.810	6.836	6.777	6.797	228750	1553318.75
2024/06/18	6.784	6.800	6.771	6.780	696530	4723459.00
2024/06/19	6.780	6.840	6.730	6.746	718587	4844922.00
2024/06/20	6.730	6.745	6.714	6.744	403355	2713146.00
2024/06/21	6.708	6.776	6.707	6.776	602354	4046014.00
2024/06/24	6.784	6.788	6.772	6.788	476709	3232504.75
2024/06/25	6.788	6.807	6.759	6.770	517175	3499952.25
2024/06/26	6.764	6.781	6.722	6.781	388318	2624069.50
2024/06/27	6.741	6.836	6.741	6.817	836297	5682059.50
2024/06/28	6.793	6.888	6.793	6.809	511927	3486666.75
2024/07/01	6.806	6.835	6.780	6.830	535321	3641901.25
2024/07/02	6.791	6.838	6.791	6.831	1469869	10036344.00
2024/07/03	6.830	6.860	6.820	6.860	722542	4939266.00
2024/07/04	6.855	6.902	6.820	6.898	696933	4790582.00
2024/07/05	6.898	6.909	6.868	6.895	2025055	13972153.00
2024/07/08	6.861	6.890	6.799	6.860	892308	6112189.00
2024/07/09	6.843	6.868	6.812	6.863	542879	3716812.50
2024/07/10	6.880	6.888	6.815	6.857	1103509	7567615.50
2024/07/11	6.856	6.856	6.812	6.840	765298	5224271.00
2024/07/12	6.821	6.857	6.814	6.833	700959	4792460.50
2024/07/15	6.810	6.850	6.790	6.849	1169615	7968357.00
2024/07/16	6.855	6.888	6.787	6.820	2043493	13922856.00
2024/07/17	6.820	6.820	6.794	6.816	997210	6781944.00
2024/07/18	6.796	6.839	6.788	6.811	963044	6551578.00
2024/07/19	6.810	6.810	6.761	6.800	872034	5913836.00
2024/07/22	6.771	6.800	6.771	6.800	539499	3663240.00
2024/07/23	6.761	6.800	6.748	6.772	1139483	7713176.00
2024/07/24	6.771	6.785	6.752	6.769	181718	1230317.50
2024/07/25	6.750	6.769	6.730	6.733	230359	1551830.25
2024/07/26	6.730	6.760	6.721	6.747	550242	3714047.75
2024/07/29	6.746	6.754	6.729	6.731	381006	2566093.50
2024/07/30	6.730	6.760	6.720	6.750	485454	3274178.50
2024/07/31	6.778	6.778	6.740	6.778	484079	3276516.75
2024/08/01	6.745	6.775	6.743	6.749	445561	3007562.00
2024/08/02	6.745	6.800	6.721	6.796	344985	2335037.75
2024/08/05	6.760	6.799	6.756	6.798	454723	3083537.75
2024/08/06	6.761	6.820	6.761	6.817	594965	4047466.75
2024/08/07	6.814	6.855	6.800	6.853	1137731	7784115.00
2024/08/08	6.853	6.877	6.825	6.839	1214055	8325397.00
2024/08/09	6.839	6.850	6.720	6.850	633910	4330044.50
2024/08/12	6.892	6.892	6.804	6.855	566993	3883272.50
2024/08/13	6.851	6.855	6.820	6.822	344590	2353904.00
2024/08/14	6.830	6.870	6.811	6.860	484099	3307928.25
2024/08/15	6.860	6.862	6.830	6.859	621726	4260286.00
2024/08/16	6.826	6.857	6.815	6.846	603034	4121404.75
2024/08/19	6.840	6.859	6.808	6.855	501596	3432736.50
2024/08/20	6.854	6.866	6.818	6.857	575898	3948987.00
2024/08/21	6.858	6.865	6.815	6.844	896693	6134666.00
2024/08/22	6.820	6.849	6.800	6.845	490910	3354503.25
2024/08/23	6.844	6.862	6.816	6.860	441190	3021572.75
2024/08/26	6.860	6.861	6.800	6.828	553508	3779147.75
2024/08/27	6.820	6.839	6.820	6.835	343767	2348178.25
2024/08/28	6.836	6.892	6.836	6.880	1283026	8820215.00
2024/08/29	6.880	6.915	6.700	6.814	2813226	19194938.00
2024/08/30	6.786	6.890	6.720	6.888	1245553	8514429.00
2024/09/02	6.783	6.783	6.718	6.747	589903	3970465.50
2024/09/03	6.747	6.747	6.698	6.702	586767	3936997.25
2024/09/04	6.702	6.745	6.660	6.703	517629	3454070.25
2024/09/05	6.692	6.770	6.663	6.722	770419	5167640.00
2024/09/06	6.722	6.743	6.670	6.680	359315	2401593.00
2024/09/09	6.729	6.729	6.618	6.646	395563	2628469.75
2024/09/10	6.646	6.689	6.610	6.639	298620	1978388.38
2024/09/11	6.639	6.648	6.602	6.637	127818	847523.31
2024/09/12	6.626	6.644	6.610	6.630	82296	545813.63
2024/09/13	6.629	6.630	6.611	6.625	44263	293063.38
2024/09/18	6.620	6.650	6.600	6.624	397723	2633464.00
2024/09/19	6.624	6.630	6.590	6.604	324723	2144482.00
2024/09/20	6.598	6.625	6.579	6.581	284470	1873204.75
2024/09/23	6.579	6.581	6.558	6.569	126999	833667.94
2024/09/24	6.569	6.599	6.558	6.577	195614	1285198.00
2024/09/25	6.586	6.639	6.573	6.580	339513	2240860.75
2024/09/26	6.588	6.613	6.574	6.586	330797	2178705.00
2024/09/27	6.586	6.586	6.500	6.548	770366	5029879.50
2024/09/30	6.533	6.546	6.435	6.546	1332690	8603128.00
2024/10/08	6.550	7.200	6.550	6.630	974347	6523348.00
2024/10/09	6.620	6.620	6.540	6.587	655079	4298492.50
2024/10/10	6.587	6.591	6.520	6.530	494852	3238598.25
2024/10/11	6.530	6.573	6.480	6.498	843336	5496482.00
2024/10/14	6.498	6.515	6.480	6.495	647412	4206994.00
2024/10/15	6.496	6.518	6.485	6.491	248225	1611515.00
2024/10/16	6.491	6.503	6.470	6.476	597234	3868330.75
2024/10/17	6.476	6.487	6.438	6.450	312516	2018199.25
2024/10/18	6.450	6.452	6.420	6.428	398332	2562316.25
2024/10/21	6.428	6.428	6.410	6.422	609161	3908219.75
2024/10/22	6.422	6.424	6.400	6.412	461731	2956950.25
2024/10/23	6.412	6.412	6.388	6.388	282249	1806473.25
2024/10/24	6.396	6.412	6.370	6.372	254951	1627079.75
2024/10/25	6.372	6.400	6.371	6.390	677461	4320453.00
2024/10/28	6.400	6.430	6.390	6.422	653358	4186218.75
2024/10/29	6.422	6.428	6.418	6.425	235041	1509474.25
2024/10/30	6.425	6.425	6.371	6.390	398319	2546106.00
2024/10/31	6.390	6.405	6.381	6.399	446934	2855425.75
2024/11/01	6.399	6.417	6.368	6.392	622811	3979296.25
2024/11/04	6.379	6.426	6.371	6.390	605206	3866412.50
2024/11/05	6.383	6.392	6.375	6.392	636070	4059134.50
2024/11/06	6.399	6.455	6.363	6.366	571220	3640126.25
2024/11/07	6.361	6.379	6.360	6.369	787055	5009499.50
2024/11/08	6.369	6.388	6.360	6.369	741078	4721897.50
2024/11/11	6.371	6.376	6.352	6.365	676542	4301206.50
2024/11/12	6.367	6.386	6.360	6.370	625249	3984105.25
2024/11/13	6.375	6.405	6.351	6.358	733235	4664891.50
2024/11/14	6.353	6.370	6.333	6.336	626721	3983645.75
2024/11/15	6.354	6.356	6.308	6.340	1119560	7095731.50
2024/11/18	6.340	6.370	6.327	6.350	622268	3949822.75
2024/11/19	6.340	6.365	6.270	6.304	1671463	10589760.00
2024/11/20	6.304	6.343	6.294	6.310	1111408	7008212.50
2024/11/21	6.310	6.339	6.290	6.317	814952	5133675.00
2024/11/22	6.317	6.319	6.279	6.280	646888	4070674.00
2024/11/25	6.270	6.329	6.260	6.272	279526	1754827.75
2024/11/26	6.272	6.303	6.268	6.272	699388	4387383.50
2024/11/27	6.266	6.272	6.246	6.253	744171	4656541.00
2024/11/28	6.248	6.299	6.241	6.251	1065670	6657013.50
2024/11/29	6.241	6.272	6.237	6.251	521878	3257748.25
2024/12/02	6.251	6.251	6.230	6.240	743803	4639051.50
2024/12/03	6.240	6.250	6.225	6.232	705670	4396090.00
2024/12/04	6.232	6.334	6.232	6.333	586432	3687769.75
2024/12/05	6.338	6.356	6.300	6.333	704915	4465195.50
2024/12/06	6.333	6.380	6.291	6.380	1565384	9883312.00
2024/12/09	6.254	6.254	6.154	6.190	985564	6094799.00
2024/12/10	6.186	6.216	6.159	6.205	375660	2324342.75
2024/12/11	6.203	6.246	6.183	6.246	886770	5497623.00
2024/12/12	6.247	6.320	6.206	6.247	1081506	6766244.00
2024/12/13	6.247	6.247	6.197	6.217	510620	3175776.50
2024/12/16	6.215	6.228	6.200	6.211	602682	3744081.00
2024/12/17	6.210	6.290	6.200	6.274	813930	5076171.00
2024/12/18	6.274	6.305	6.255	6.277	590616	3704643.00
2024/12/19	6.277	6.280	6.210	6.273	685309	4288436.00
2024/12/20	6.272	6.291	6.233	6.280	946324	5938168.50
2024/12/23	6.280	6.290	6.256	6.280	459207	2876949.25
2024/12/24	6.275	6.290	6.259	6.270	479559	3009527.75
2024/12/25	6.260	6.298	6.237	6.297	797323	4997932.00
2024/12/26	6.290	6.318	6.261	6.306	1047166	6587533.50
2024/12/27	6.298	6.356	6.291	6.356	924308	5848128.50
2024/12/30	6.358	6.381	6.356	6.370	1256985	8001002.50
2024/12/31	6.360	6.386	6.348	6.372	903387	5747920.50
2025/01/02	6.365	6.370	6.325	6.326	592164	3758708.50
2025/01/03	6.322	6.380	6.300	6.331	13204161	83601136.00
2025/01/06	6.339	6.380	6.285	6.286	1655271	10514703.00
2025/01/07	6.294	6.294	6.145	6.180	1666540	10329444.00
2025/01/08	6.190	6.251	6.177	6.226	596651	3717764.00
2025/01/09	6.226	6.289	6.210	6.265	1571118	9836217.00
2025/01/10	6.265	6.305	6.265	6.271	732921	4602487.00
2025/01/13	6.271	6.271	6.234	6.235	887695	5548814.50
2025/01/14	6.242	6.242	6.213	6.235	1301382	8096691.50
2025/01/15	6.235	6.300	6.230	6.285	907518	5696935.00
2025/01/16	6.286	6.286	6.239	6.264	817543	5124813.50
2025/01/17	6.263	6.263	6.224	6.240	1055884	6593249.50
2025/01/20	6.230	6.255	6.230	6.238	1151750	7185808.50
2025/01/21	6.235	6.258	6.220	6.245	1344981	8402740.00
2025/01/22	6.246	6.279	6.235	6.278	1270589	7944778.50
2025/01/23	6.276	6.288	6.246	6.272	1522940	9541446.00
2025/01/24	6.283	6.290	6.270	6.284	1111442	6980608.00
2025/01/27	6.283	6.325	6.283	6.315	919516	5803398.50
2025/02/05	6.315	6.350	6.300	6.340	918243	5801379.50
2025/02/06	6.341	6.360	6.300	6.327	947079	5987257.00
2025/02/07	6.327	6.339	6.296	6.303	1949111	12284011.00
2025/02/10	6.303	6.321	6.293	6.300	2127797	13419866.00
2025/02/11	6.300	6.463	6.294	6.443	1677883	10716866.00
2025/02/12	6.430	6.472	6.376	6.409	2255349	14509967.00
2025/02/13	6.410	6.424	6.364	6.380	1414907	9034677.00
2025/02/14	6.370	6.410	6.360	6.385	2114991	13498318.00
2025/02/17	6.400	6.435	6.376	6.390	2937053	18824742.00
2025/02/18	6.390	6.425	6.371	6.385	1531334	9797168.00
2025/02/19	6.381	6.434	6.363	6.428	1806172	11547600.00
2025/02/20	6.429	6.560	6.405	6.540	4164326	27084810.00
2025/02/21	6.539	6.563	6.512	6.554	3272403	21405486.00
2025/02/24	6.551	6.551	6.481	6.506	1900454	12381937.00
2025/02/25	6.494	6.494	6.404	6.471	2130349	13759025.00
2025/02/26	6.475	6.511	6.436	6.478	2366756	15360097.00
2025/02/27	6.471	6.476	6.441	6.448	1371588	8855455.00
2025/02/28	6.443	6.443	6.371	6.398	1799477	11509705.00
2025/03/03	6.388	6.423	6.369	6.423	1640752	10493181.00
2025/03/04	6.423	6.468	6.423	6.465	2009005	12978289.00
2025/03/05	6.467	6.488	6.444	6.484	1334643	8652410.00
2025/03/06	6.470	6.482	6.441	6.450	1142604	7378605.50
2025/03/07	6.449	6.484	6.401	6.430	1188060	7630689.00
2025/03/10	6.402	6.469	6.390	6.448	903402	5828997.50
2025/03/11	6.430	6.441	6.407	6.417	1309818	8402376.00
2025/03/12	6.417	6.433	6.395	6.408	1157537	7423944.50
2025/03/13	6.407	6.415	6.400	6.410	852378	5463902.00
2025/03/14	6.407	6.418	6.386	6.415	1143481	7311191.00
2025/03/17	6.415	6.417	6.390	6.402	606276	3882103.25
2025/03/18	6.412	6.415	6.402	6.414	1056224	6772526.50
2025/03/19	6.412	6.455	6.412	6.450	1075293	6923598.00
2025/03/20	6.450	6.476	6.432	6.471	1622154	10489388.00
2025/03/21	6.471	6.471	6.452	6.471	1062080	6862682.50
2025/03/24	6.469	6.469	6.438	6.458	1538618	9935343.00
2025/03/25	6.455	6.456	6.430	6.455	890212	5739160.50
2025/03/26	6.450	6.450	6.437	6.450	827843	5332796.00
2025/03/27	6.450	6.465	6.440	6.446	675822	4356301.50
2025/03/28	6.447	6.485	6.447	6.483	1816796	11759446.00
2025/03/31	6.483	6.500	6.464	6.496	1196326	7751409.50
2025/04/01	6.500	6.512	6.475	6.480	700421	4547552.50
2025/04/02	6.480	6.483	6.455	6.470	530224	3429473.50
2025/04/03	6.476	6.502	6.452	6.495	931277	6029997.50
2025/04/07	6.478	6.478	6.399	6.438	1120676	7210220.00
2025/04/08	6.438	6.482	6.401	6.470	449892	2897589.50
2025/04/09	6.470	6.497	6.441	6.480	602157	3892957.75
2025/04/10	6.482	6.510	6.448	6.491	930516	6032718.00
2025/04/11	6.492	6.504	6.470	6.499	605162	3921325.75
2025/04/14	6.499	6.510	6.479	6.495	386549	2510165.00
2025/04/15	6.495	6.500	6.465	6.495	272820	1770233.38
2025/04/16	6.490	6.528	6.469	6.510	591263	3845059.00
2025/04/17	6.496	6.524	6.482	6.513	617421	4020706.75
2025/04/18	6.513	6.520	6.500	6.516	561169	3652472.25
2025/04/21	6.516	6.528	6.500	6.519	1130540	7368386.50
2025/04/22	6.518	6.525	6.494	6.520	823463	5363928.50
2025/04/23	6.520	6.520	6.497	6.501	953091	6198561.00
2025/04/24	6.500	6.523	6.450	6.518	1080842	7032523.50
2025/04/25	6.518	6.520	6.485	6.507	581695	3779568.00
2025/04/28	6.507	6.508	6.470	6.481	759099	4924972.50
2025/04/29	6.481	6.502	6.461	6.485	549570	3564632.75
2025/04/30	6.485	6.494	6.470	6.487	525134	3406159.25
2025/05/06	6.483	6.499	6.466	6.489	508861	3302151.00
2025/05/07	6.486	6.500	6.485	6.499	725234	4708499.00
2025/05/08	6.505	6.526	6.488	6.498	588201	3823005.50
2025/05/09	6.498	6.499	6.479	6.483	440671	2857792.25
2025/05/12	6.483	6.500	6.483	6.500	605778	3935363.50
2025/05/13	6.475	6.475	6.410	6.446	629128	4040945.00
2025/05/14	6.446	6.470	6.431	6.466	796692	5131733.50
2025/05/15	6.466	6.472	6.440	6.472	1098857	7089336.50
2025/05/16	6.447	6.500	6.446	6.498	1404148	9092951.00
2025/05/19	6.497	6.497	6.460	6.480	1091372	7066422.00
2025/05/20	6.473	6.492	6.441	6.490	1417900	9166361.00
2025/05/21	6.489	6.494	6.466	6.492	1038874	6729911.00
2025/05/22	6.486	6.495	6.473	6.493	848647	5507146.50
2025/05/23	6.490	6.498	6.481	6.498	500570	3249494.00
2025/05/26	6.504	6.504	6.477	6.494	1011137	6556346.00
2025/05/27	6.494	6.494	6.477	6.489	841563	5455261.50
2025/05/28	6.493	6.493	6.470	6.487	690084	4468611.50
2025/05/29	6.470	6.488	6.467	6.486	1106504	7163627.00
2025/05/30	6.470	6.482	6.468	6.478	639295	4139598.50
2025/06/03	6.477	6.479	6.471	6.477	743912	4817251.00
2025/06/04	6.477	6.488	6.473	6.484	954818	6186288.50
2025/06/05	6.477	6.554	6.477	6.550	2775568	18111950.00
2025/06/06	6.542	6.547	6.500	6.510	1535713	10003781.00
2025/06/09	6.504	6.504	6.460	6.482	1111772	7202761.50
2025/06/10	6.482	6.496	6.466	6.481	957319	6201711.00
2025/06/11	6.481	6.498	6.466	6.478	814188	5278400.00
2025/06/12	6.477	6.487	6.466	6.479	562979	3646751.25
2025/06/13	6.473	6.494	6.469	6.483	711208	4612660.00
2025/06/16	6.483	6.494	6.480	6.486	985486	6392076.50
2025/06/17	6.485	6.492	6.480	6.487	919420	5962767.50
2025/06/18	6.480	6.490	6.471	6.480	808433	5237234.50
2025/06/19	6.480	6.492	6.472	6.476	735892	4773303.50
2025/06/20	6.473	6.486	6.447	6.449	1062061	6865707.50
2025/06/23	6.450	6.468	6.443	6.454	784733	5062426.50
2025/06/24	6.454	6.454	6.430	6.439	1017232	6552512.50
2025/06/25	6.439	6.443	6.424	6.435	507788	3266551.50
2025/06/26	6.430	6.435	6.410	6.412	716272	4603285.00
2025/06/27	6.412	6.429	6.412	6.418	446295	2864310.25
2025/06/30	6.419	6.428	6.406	6.409	454583	2918042.25
2025/07/01	6.409	6.410	6.386	6.390	656028	4194700.50
2025/07/02	6.383	6.419	6.381	6.412	675691	4332110.50
2025/07/03	6.412	6.425	6.410	6.423	506269	3250873.25
2025/07/04	6.424	6.431	6.420	6.430	442677	2845092.50
2025/07/07	6.432	6.460	6.423	6.460	752185	4843796.00
2025/07/08	6.460	6.462	6.441	6.450	1078380	6957635.00
2025/07/09	6.480	6.480	6.430	6.450	1429433	9221351.00
2025/07/10	6.450	6.464	6.428	6.428	1940496	12507841.00
2025/07/11	6.427	6.445	6.390	6.408	938999	6034102.50
2025/07/14	6.375	6.375	6.308	6.312	947512	5988236.00
2025/07/15	6.315	6.315	6.298	6.302	633989	3998640.25
2025/07/16	6.302	6.321	6.291	6.291	741642	4673393.50
2025/07/17	6.291	6.310	6.266	6.278	1026432	6452610.50
2025/07/18	6.298	6.298	6.245	6.247	1401767	8762505.00
2025/07/21	6.247	6.260	6.199	6.209	1254641	7812459.00
2025/07/22	6.209	6.228	6.199	6.211	822188	5107646.00
2025/07/23	6.199	6.215	6.161	6.184	1119782	6937767.50
2025/07/24	6.182	6.190	6.162	6.184	609605	3770678.25
2025/07/25	6.191	6.221	6.184	6.219	1215040	7526664.00
2025/07/28	6.212	6.237	6.208	6.230	1310344	8156104.50
2025/07/29	6.232	6.237	6.210	6.231	918667	5722592.00
2025/07/30	6.233	6.238	6.185	6.190	1988319	12327641.00
2025/07/31	6.191	6.194	6.162	6.180	1811347	11176797.00
2025/08/01	6.180	6.180	6.101	6.125	1947087	11934997.00
2025/08/04	6.126	6.150	6.099	6.124	2106875	12867831.00
2025/08/05	6.126	6.126	6.066	6.076	1931505	11747295.00
2025/08/06	6.078	6.088	6.036	6.038	1722445	10417896.00
2025/08/07	6.038	6.038	6.021	6.024	1243312	7494269.00
2025/08/08	6.024	6.100	6.021	6.082	1376527	8341025.00
2025/08/11	6.105	6.105	6.056	6.080	1382714	8383625.50
2025/08/12	6.080	6.096	6.063	6.093	1187061	7225795.00
2025/08/13	6.090	6.098	6.080	6.094	1266962	7714815.00
2025/08/14	6.090	6.117	6.073	6.089	1983293	12086232.00
2025/08/15	6.099	6.099	6.055	6.086	2803276	17032168.00
2025/08/18	6.081	6.081	6.014	6.016	1712232	10334635.00
2025/08/19	6.018	6.038	5.998	6.000	1428966	8595069.00
2025/08/20	6.000	6.018	5.998	6.001	1250770	7509712.00
2025/08/21	6.000	6.014	5.997	6.001	1549395	9298193.00
2025/08/22	6.001	6.013	6.001	6.012	840602	5050153.00
2025/08/25	6.007	6.010	5.998	6.003	1365245	8196397.50
2025/08/26	6.010	6.038	6.001	6.035	1245208	7497197.50
2025/08/27	6.037	6.039	6.025	6.025	747032	4503341.00
2025/08/28	6.023	6.039	6.000	6.011	1040048	6261972.00
2025/08/29	6.011	6.018	6.000	6.010	629142	3781722.50
2025/09/01	6.010	6.011	5.996	6.003	1023726	6143541.00
2025/09/02	6.003	6.008	5.999	6.008	997313	5985728.50
2025/09/03	6.008	6.020	6.000	6.013	969727	5826696.00
2025/09/04	6.012	6.030	6.010	6.024	1636385	9858090.00
2025/09/05	6.027	6.030	6.010	6.025	824307	4961535.00
2025/09/08	6.022	6.032	6.012	6.022	938273	5653048.50
2025/09/09	6.022	6.028	6.011	6.012	799930	4813060.00
2025/09/10	6.020	6.025	6.001	6.015	1057465	6360210.00
2025/09/11	6.015	6.020	6.002	6.011	1359655	8180881.00
2025/09/12	6.010	6.019	6.005	6.018	960439	5774705.50
2025/09/15	5.989	5.989	5.940	5.950	876270	5211903.00
2025/09/16	5.950	5.957	5.896	5.897	834790	4940378.50
2025/09/17	5.900	5.915	5.897	5.913	713268	4210090.50
2025/09/18	5.914	5.915	5.900	5.904	656853	3879435.75
2025/09/19	5.904	5.907	5.899	5.900	915784	5404456.50
2025/09/22	5.900	5.913	5.890	5.890	880362	5194726.00
2025/09/23	5.890	5.908	5.889	5.897	1108621	6538507.50
2025/09/24	5.899	5.915	5.898	5.899	242134	1428831.88
2025/09/25	5.899	5.900	5.885	5.886	739246	4355200.50
2025/09/26	5.885	5.885	5.853	5.858	1008453	5914210.50
2025/09/29	5.858	5.858	5.833	5.835	1167338	6814659.00
2025/09/30	5.835	5.849	5.832	5.843	582745	3402052.75
2025/10/09	5.842	5.856	5.840	5.854	683707	3995004.75
2025/10/10	5.854	5.854	5.841	5.844	649788	3799138.00
2025/10/13	5.840	5.843	5.813	5.828	722555	4210937.50
2025/10/14	5.826	5.830	5.818	5.825	468627	2729639.25
2025/10/15	5.822	5.838	5.820	5.830	497682	2901384.00
2025/10/16	5.829	5.840	5.820	5.832	483916	2823177.75
2025/10/17	5.832	5.833	5.820	5.824	579762	3377539.75
2025/10/20	5.824	5.829	5.810	5.825	1073693	6248310.00
2025/10/21	5.821	5.829	5.808	5.820	1311858	7627204.00
2025/10/22	5.825	5.830	5.811	5.824	872841	5082581.00
2025/10/23	5.835	5.850	5.817	5.848	759737	4427089.50
2025/10/24	5.848	5.891	5.848	5.875	656604	3849388.50
2025/10/27	5.875	5.899	5.871	5.889	756422	4451053.50
2025/10/28	5.888	5.896	5.886	5.895	1085248	6397445.00
2025/10/29	5.901	5.915	5.888	5.899	780153	4602847.00
2025/10/30	5.899	5.901	5.892	5.893	554810	3271181.50
2025/10/31	5.893	5.906	5.876	5.895	945741	5569506.50
2025/11/03	5.890	5.922	5.885	5.911	1396399	8242022.00
2025/11/04	5.900	5.924	5.891	5.920	1193368	7062660.00
2025/11/05	5.920	5.925	5.901	5.925	905841	5361046.00
2025/11/06	5.925	5.945	5.910	5.942	1635443	9708209.00
2025/11/07	5.954	5.966	5.921	5.965	1094245	6508936.50
2025/11/10	5.957	5.996	5.950	5.993	1344193	8046897.00
2025/11/11	5.977	6.015	5.977	6.010	2548327	15299918.00
2025/11/12	6.010	6.048	6.006	6.029	2697564	16266821.00
2025/11/13	6.047	6.049	6.011	6.032	2205093	13310308.00
2025/11/14	6.032	6.037	5.997	6.008	883655	5309810.50
2025/11/17	6.002	6.017	5.988	5.997	1100742	6597112.50
2025/11/18	5.985	6.017	5.984	6.014	967519	5816277.50
2025/11/19	6.014	6.018	6.000	6.009	842502	5061971.00
2025/11/20	6.002	6.002	5.973	5.996	734562	4401458.00
2025/11/21	5.938	5.985	5.935	5.951	930592	5543165.00
2025/11/24	5.951	5.977	5.911	5.927	1107996	6573074.00
2025/11/25	5.930	5.940	5.918	5.928	774785	4589391.50
2025/11/26	5.928	5.928	5.915	5.923	533398	3159628.00
2025/11/27	5.922	5.939	5.915	5.925	141699	839892.50
2025/11/28	5.928	5.936	5.920	5.925	636550	3772328.75
2025/12/01	5.925	5.934	5.912	5.930	518585	3070040.75
2025/12/02	5.933	5.938	5.879	5.898	721035	4273233.50
2025/12/03	5.899	5.909	5.899	5.903	70456	415930.09
2025/12/04	5.910	5.935	5.900	5.901	798414	4720613.00
2025/12/05	5.905	5.925	5.892	5.900	1205390	7122795.50
2025/12/08	5.898	5.915	5.888	5.907	1054616	6222134.00
2025/12/09	5.909	5.915	5.883	5.893	1430008	8424259.00
2025/12/10	5.785	5.794	5.746	5.770	892634	5141296.00
2025/12/11	5.770	5.777	5.748	5.748	784728	4514641.00
2025/12/12	5.750	5.755	5.700	5.705	1376292	7879141.00
2025/12/15	5.705	5.720	5.594	5.600	1022557	5755431.50
2025/12/16	5.600	5.600	5.429	5.500	1627905	8947456.00
2025/12/17	5.529	5.529	5.418	5.435	1659462	9039566.00
2025/12/18	5.435	5.466	5.388	5.401	1722973	9317828.00
2025/12/19	5.403	5.425	5.233	5.300	2374333	12563649.00
2025/12/22	5.300	5.320	5.221	5.225	1741106	9147014.00
2025/12/23	5.259	5.259	5.119	5.158	2014968	10389052.00
2025/12/24	5.150	5.277	5.113	5.272	1998897	10452588.00
2025/12/25	5.272	5.348	5.224	5.339	1798929	9532300.00
2025/12/26	5.339	5.352	5.290	5.338	362644	1931510.50
2025/12/29	5.326	5.355	5.326	5.330	601612	3210734.00
2025/12/30	5.331	5.342	5.292	5.306	620250	3295688.25
2025/12/31	5.306	5.340	5.281	5.319	617052	3271772.00
2026/01/05	5.319	5.330	5.302	5.314	776548	4123886.00
2026/01/06	5.319	5.356	5.310	5.319	788623	4190817.75
2026/01/07	5.319	5.349	5.319	5.345	1287959	6866074.00
2026/01/08	5.345	5.361	5.336	5.342	1058231	5661747.00
2026/01/09	5.336	5.354	5.303	5.313	1071345	5695440.00
2026/01/12	5.311	5.313	5.289	5.289	1243838	6582483.00
2026/01/13	5.255	5.289	5.255	5.257	1291377	6805936.00
2026/01/14	5.260	5.275	5.240	5.245	671787	3530941.50
2026/01/15	5.245	5.245	5.200	5.238	887545	4635644.00
2026/01/16	5.235	5.235	5.213	5.218	974612	5087730.50
2026/01/19	5.218	5.218	5.205	5.208	648777	3378604.00
2026/01/20	5.197	5.296	5.190	5.278	1198669	6301913.50
2026/01/21	5.278	5.297	5.270	5.279	696791	3675958.25
2026/01/22	5.271	5.330	5.252	5.325	576370	3053380.00
2026/01/23	5.327	5.349	5.310	5.349	1072493	5714688.00
2026/01/26	5.349	5.364	5.331	5.350	1087347	5810211.00
2026/01/27	5.350	5.370	5.313	5.313	755423	4024348.50
2026/01/28	5.313	5.319	5.288	5.291	830642	4406880.50
2026/01/29	5.291	5.340	5.289	5.337	974964	5181909.50
2026/01/30	5.337	5.365	5.336	5.336	934883	4992860.00
2026/02/02	5.340	5.351	5.310	5.311	948481	5051818.00
2026/02/03	5.311	5.344	5.300	5.342	929196	4945543.00
2026/02/04	5.336	5.369	5.329	5.362	988494	5279464.00
2026/02/05	5.367	5.378	5.341	5.358	593847	3179096.00
2026/02/06	5.358	5.374	5.347	5.352	233106	1249127.75
2026/02/09	5.380	5.380	5.332	5.336	743721	3979088.00
2026/02/10	5.336	5.349	5.332	5.348	913647	4876368.00
2026/02/11	5.314	5.377	5.314	5.371	1112572	5968149.00
2026/02/12	5.371	5.398	5.350	5.378	1210085	6520135.00
2026/02/13	5.373	5.403	5.365	5.402	1233780	6647292.00
2026/02/24	5.402	5.403	5.370	5.381	910095	4899580.50
2026/02/25	5.380	5.402	5.350	5.390	796714	4282630.50
2026/02/26	5.390	5.397	5.360	5.382	1269411	6823616.50
2026/02/27	5.355	5.381	5.343	5.344	1149757	6162147.50
2026/03/02	5.340	5.344	5.302	5.321	1039152	5526494.00
2026/03/03	5.302	5.325	5.302	5.316	970851	5157597.50
2026/03/04	5.308	5.320	5.291	5.295	952648	5055174.00
2026/03/05	5.290	5.334	5.290	5.327	833057	4426493.00
2026/03/06	5.319	5.353	5.296	5.348	697678	3716554.00
2026/03/09	5.339	5.361	5.309	5.349	1363669	7292484.50
2026/03/10	5.349	5.368	5.338	5.364	987371	5289488.50
2026/03/11	5.364	5.368	5.346	5.368	880632	4719893.00
2026/03/12	5.368	5.368	5.352	5.356	960821	5147239.00
2026/03/13	5.356	5.412	5.350	5.392	1296856	6973789.50
2026/03/16	5.373	5.392	5.350	5.367	1119976	6006103.00
2026/03/17	5.351	5.380	5.351	5.375	1045613	5612986.50
2026/03/18	5.374	5.395	5.361	5.394	867648	4670469.50
2026/03/19	5.394	5.436	5.371	5.418	592766	3209924.00
2026/03/20	5.420	5.511	5.395	5.510	1975573	10831496.00
2026/03/23	5.500	5.501	5.430	5.468	3089273	16946966.00
2026/03/24	5.468	5.509	5.448	5.504	1140376	6265317.50
2026/04/03	5.485	5.487	5.456	5.484	707073	3865826.50
#КэѕЭАґФґ:НЁґпРЕ
